0 0.005238 0.007299 0.010476 0.014599
0 0.005238 0.008029 0.010476 0.016058
0 0.005238 0.007299 0.010476 0.014599
0 0.005238 0.007299 0.010476 0.014599
0 0.005238 0.007299 0.010476 0.014599
0 0.005238 0.007299 0.010476 0.014599
0 0.005238 0.007299 0.010476 0.014599
0 0.005238 0.007299 0.010476 0.014599
0 0.005238 0.007299 0.010476 0.014599
0 0.005238 0.007299 0.010476 0.014599
0 0.005238 0.007299 0.010476 0.014599
0 0.005238 0.007299 0.010476 0.014599
0 0.005238 0.007299 0.010476 0.014599
0 0.005238 0.007299 0.010476 0.014599
0 0.005238 0.007299 0.010476 0.014599
0 0.005238 0.008029 0.010476 0.016058
0 0.005238 0.007299 0.010476 0.014599
0 0.005238 0.007299 0.010476 0.014599
0 0.005238 0.007299 0.010476 0.014599
0 0.005238 0.007299 0.010476 0.014599
0 0.005238 0.007299 0.010476 0.014599
0 0.005238 0.007299 0.010476 0.014599
0 0.006190 0.007299 0.012381 0.014599
0 0.005238 0.007299 0.010476 0.014599
0 0.005238 0.007299 0.010476 0.014599
0 0.005238 0.007299 0.010476 0.014599
0 0.005238 0.007299 0.010476 0.014599
0 0.005238 0.007299 0.010476 0.014599
0 0.005238 0.007299 0.010476 0.014599
0 0.005238 0.007299 0.010476 0.014599
0 0.005238 0.007299 0.010476 0.014599
0 0.005238 0.007299 0.010476 0.014599
0 0.005238 0.007299 0.010476 0.014599
0 0.005238 0.007299 0.010476 0.014599
0 0.005238 0.007299 0.010476 0.014599
0 0.005238 0.007299 0.010476 0.014599
0 0.005238 0.007299 0.010476 0.014599
0 0.005238 0.007299 0.010476 0.014599
0 0.005238 0.007299 0.010476 0.014599
0 0.005238 0.008029 0.010476 0.016058
0 0.005238 0.007299 0.010476 0.014599
0 0.005238 0.007299 0.010476 0.014599
0 0.005238 0.007299 0.010476 0.014599
0 0.005238 0.007299 0.010476 0.014599
0 0.005238 0.007299 0.010476 0.014599
0 0.005238 0.007299 0.010476 0.014599
0 0.005238 0.007299 0.010476 0.014599
0 0.005238 0.007299 0.010476 0.014599
0 0.005238 0.007299 0.010476 0.014599
0 0.005238 0.007299 0.010476 0.014599
0 0.005238 0.007299 0.010476 0.014599
0 0.006190 0.007299 0.012381 0.014599
0 0.005238 0.007299 0.010476 0.014599
0 0.005238 0.007299 0.010476 0.014599
0 0.005238 0.007299 0.010476 0.014599
0 0.005238 0.007299 0.010476 0.014599
0 0.005238 0.007299 0.010476 0.014599
0 0.005238 0.007299 0.010476 0.014599
0 0.005238 0.007299 0.010476 0.014599
0 0.005238 0.007299 0.010476 0.014599
0 0.005238 0.007299 0.010476 0.014599
0 0.005238 0.007299 0.010476 0.014599
0 0.005238 0.007299 0.010476 0.014599
0 0.005238 0.007299 0.010476 0.014599
0 0.005238 0.007299 0.010476 0.014599
0 0.005238 0.008029 0.010476 0.016058
0 0.005238 0.007299 0.010476 0.014599
0 0.005238 0.007299 0.010476 0.014599
0 0.005238 0.007299 0.010476 0.014599
0 0.005238 0.008029 0.010476 0.016058
0 0.005238 0.007299 0.010476 0.014599
0 0.005238 0.007299 0.010476 0.014599
0 0.005238 0.007299 0.010476 0.014599
0 0.005238 0.007299 0.010476 0.014599
0 0.005238 0.007299 0.010476 0.014599
0 0.005238 0.007299 0.010476 0.014599
0 0.005238 0.007299 0.010476 0.014599
0 0.005238 0.007299 0.010476 0.014599
0 0.005238 0.007299 0.010476 0.014599
0 0.005238 0.007299 0.010476 0.014599