0 0.012222 0.016556 0.024444 0.033113
0 0.012222 0.016556 0.024444 0.033113
0 0.012222 0.016556 0.024444 0.033113
0 0.012222 0.016556 0.024444 0.033113
0 0.012222 0.016556 0.024444 0.033113
0 0.012222 0.016556 0.024444 0.033113
0 0.012222 0.016556 0.024444 0.033113
0 0.012222 0.016556 0.024444 0.033113
0 0.012222 0.016556 0.024444 0.033113
0 0.012222 0.016556 0.024444 0.033113
0 0.012222 0.016556 0.024444 0.033113
0 0.012222 0.016556 0.024444 0.033113
0 0.012222 0.016556 0.024444 0.033113
0 0.012222 0.016556 0.024444 0.033113
0 0.012222 0.016556 0.024444 0.033113
0 0.012222 0.016556 0.024444 0.033113
0 0.012222 0.016556 0.024444 0.033113
0 0.012222 0.016556 0.024444 0.033113
0 0.012222 0.016556 0.024444 0.033113
0 0.012222 0.016556 0.024444 0.033113
0 0.012222 0.016556 0.024444 0.033113
0 0.012222 0.016556 0.024444 0.033113