0 0.012500 0.018248 0.025000 0.036496
0 0.012500 0.018248 0.025000 0.036496
0 0.013636 0.020073 0.027273 0.040146
0 0.012500 0.020073 0.025000 0.040146
0 0.012500 0.018248 0.025000 0.036496
0 0.012500 0.018248 0.025000 0.036496
0 0.012500 0.018248 0.025000 0.036496
0 0.012500 0.020073 0.025000 0.040146
0 0.012500 0.020073 0.025000 0.040146
0 0.012500 0.018248 0.025000 0.036496
0 0.012500 0.018248 0.025000 0.036496
0 0.012500 0.020073 0.025000 0.040146
0 0.012500 0.020073 0.025000 0.040146
0 0.012500 0.020073 0.025000 0.040146
0 0.012500 0.018248 0.025000 0.036496
0 0.012500 0.018248 0.025000 0.036496
0 0.012500 0.020073 0.025000 0.040146
0 0.012500 0.018248 0.025000 0.036496
0 0.013636 0.018248 0.027273 0.036496
0 0.012500 0.018248 0.025000 0.036496
0 0.012500 0.018248 0.025000 0.036496
0 0.012500 0.018248 0.025000 0.036496
0 0.012500 0.020073 0.025000 0.040146
0 0.012500 0.020073 0.025000 0.040146
0 0.012500 0.018248 0.025000 0.036496
0 0.013636 0.020073 0.027273 0.040146
0 0.012500 0.018248 0.025000 0.036496
0 0.012500 0.018248 0.025000 0.036496
0 0.012500 0.018248 0.025000 0.036496
0 0.012500 0.018248 0.025000 0.036496
0 0.012500 0.018248 0.025000 0.036496
0 0.012500 0.020073 0.025000 0.040146
0 0.013636 0.020073 0.027273 0.040146
0 0.012500 0.020073 0.025000 0.040146
0 0.012500 0.018248 0.025000 0.036496
0 0.012500 0.018248 0.025000 0.036496
0 0.012500 0.018248 0.025000 0.036496
0 0.012500 0.018248 0.025000 0.036496
0 0.013636 0.018248 0.027273 0.036496
0 0.012500 0.018248 0.025000 0.036496
0 0.012500 0.020073 0.025000 0.040146
0 0.012500 0.020073 0.025000 0.040146
0 0.012500 0.018248 0.025000 0.036496
0 0.012500 0.018248 0.025000 0.036496
0 0.012500 0.018248 0.025000 0.036496
0 0.012500 0.020073 0.025000 0.040146
0 0.012500 0.018248 0.025000 0.036496
0 0.012500 0.020073 0.025000 0.040146
0 0.012500 0.018248 0.025000 0.036496
0 0.012500 0.018248 0.025000 0.036496
0 0.012500 0.020073 0.025000 0.040146
0 0.012500 0.018248 0.025000 0.036496
0 0.012500 0.020073 0.025000 0.040146
0 0.012500 0.020073 0.025000 0.040146
0 0.012500 0.018248 0.025000 0.036496
0 0.012500 0.020073 0.025000 0.040146
0 0.012500 0.018248 0.025000 0.036496
0 0.012500 0.018248 0.025000 0.036496
0 0.012500 0.020073 0.025000 0.040146
0 0.012500 0.018248 0.025000 0.036496
0 0.013636 0.020073 0.027273 0.040146
0 0.012500 0.020073 0.025000 0.040146
0 0.012500 0.018248 0.025000 0.036496
0 0.012500 0.018248 0.025000 0.036496
0 0.012500 0.018248 0.025000 0.036496
0 0.012500 0.018248 0.025000 0.036496
0 0.012500 0.020073 0.025000 0.040146
0 0.012500 0.020073 0.025000 0.040146
0 0.012500 0.018248 0.025000 0.036496
0 0.012500 0.018248 0.025000 0.036496
0 0.012500 0.018248 0.025000 0.036496
0 0.012500 0.018248 0.025000 0.036496
0 0.012500 0.018248 0.025000 0.036496
0 0.012500 0.018248 0.025000 0.036496
0 0.012500 0.020073 0.025000 0.040146
0 0.012500 0.020073 0.025000 0.040146