0 0.002316 0.003159 0.004632 0.006317
0 0.002316 0.003159 0.004632 0.006317
0 0.002316 0.003159 0.004632 0.006317
0 0.002316 0.003159 0.004632 0.006317
0 0.002316 0.003159 0.004632 0.006317
0 0.002316 0.003159 0.004632 0.006317
0 0.002316 0.003159 0.004632 0.006317
0 0.002316 0.003159 0.004632 0.006317
0 0.002316 0.003159 0.004632 0.006317
0 0.002316 0.003159 0.004632 0.006317
0 0.002316 0.003159 0.004632 0.006317
0 0.002316 0.003159 0.004632 0.006317
0 0.002316 0.003159 0.004632 0.006317
0 0.002316 0.003159 0.004632 0.006317
0 0.002316 0.003159 0.004632 0.006317
0 0.002316 0.003159 0.004632 0.006317
0 0.002316 0.003159 0.004632 0.006317
0 0.002316 0.003159 0.004632 0.006317
0 0.002316 0.003159 0.004632 0.006317
0 0.002316 0.003159 0.004632 0.006317