0 0.002500 0.004778 0.005000 0.009557
0 0.002500 0.004344 0.005000 0.008688
0 0.002500 0.004344 0.005000 0.008688
0 0.002500 0.004778 0.005000 0.009557
0 0.002500 0.004778 0.005000 0.009557
0 0.002500 0.004344 0.005000 0.008688
0 0.002500 0.004778 0.005000 0.009557
0 0.002500 0.004344 0.005000 0.008688
0 0.002500 0.004778 0.005000 0.009557
0 0.002500 0.004778 0.005000 0.009557
0 0.002500 0.004344 0.005000 0.008688
0 0.002500 0.004778 0.005000 0.009557
0 0.002727 0.004778 0.005455 0.009557
0 0.002500 0.004778 0.005000 0.009557
0 0.002500 0.004344 0.005000 0.008688
0 0.002500 0.004344 0.005000 0.008688
0 0.002500 0.004344 0.005000 0.008688
0 0.002500 0.004344 0.005000 0.008688
0 0.002500 0.004778 0.005000 0.009557
0 0.002500 0.004778 0.005000 0.009557
0 0.002727 0.004778 0.005455 0.009557
0 0.002500 0.004344 0.005000 0.008688
0 0.002500 0.004344 0.005000 0.008688
0 0.002500 0.004344 0.005000 0.008688
0 0.002500 0.004344 0.005000 0.008688
0 0.002727 0.004344 0.005455 0.008688
0 0.002727 0.004778 0.005455 0.009557
0 0.002500 0.004778 0.005000 0.009557
0 0.002500 0.004344 0.005000 0.008688
0 0.002500 0.004344 0.005000 0.008688
0 0.002500 0.004344 0.005000 0.008688
0 0.002500 0.004344 0.005000 0.008688
0 0.002500 0.004778 0.005000 0.009557
0 0.002500 0.004344 0.005000 0.008688
0 0.002500 0.004344 0.005000 0.008688
0 0.002500 0.004344 0.005000 0.008688
0 0.002500 0.004778 0.005000 0.009557
0 0.002500 0.004778 0.005000 0.009557
0 0.002500 0.004344 0.005000 0.008688
0 0.002500 0.004344 0.005000 0.008688
0 0.002500 0.004778 0.005000 0.009557
0 0.002500 0.004778 0.005000 0.009557
0 0.002500 0.004778 0.005000 0.009557
0 0.002500 0.004344 0.005000 0.008688
0 0.002500 0.004778 0.005000 0.009557
0 0.002500 0.004344 0.005000 0.008688
0 0.002500 0.004778 0.005000 0.009557
0 0.002500 0.004344 0.005000 0.008688
0 0.002500 0.004778 0.005000 0.009557
0 0.002500 0.004778 0.005000 0.009557
0 0.002500 0.004778 0.005000 0.009557
0 0.002500 0.004778 0.005000 0.009557
0 0.002500 0.004344 0.005000 0.008688
0 0.002500 0.004344 0.005000 0.008688
0 0.002500 0.004778 0.005000 0.009557
0 0.002500 0.004344 0.005000 0.008688
0 0.002500 0.004344 0.005000 0.008688
0 0.002727 0.004778 0.005455 0.009557
0 0.002500 0.004344 0.005000 0.008688
0 0.002500 0.004344 0.005000 0.008688
0 0.002500 0.004344 0.005000 0.008688
0 0.002727 0.004778 0.005455 0.009557
0 0.002500 0.004778 0.005000 0.009557
0 0.002500 0.004778 0.005000 0.009557
0 0.002500 0.004778 0.005000 0.009557
0 0.002500 0.004344 0.005000 0.008688
0 0.002500 0.004778 0.005000 0.009557
0 0.002500 0.004778 0.005000 0.009557
0 0.002500 0.004344 0.005000 0.008688
0 0.002500 0.004778 0.005000 0.009557
0 0.002500 0.004778 0.005000 0.009557
0 0.002727 0.004778 0.005455 0.009557
0 0.002500 0.004344 0.005000 0.008688
0 0.002500 0.004344 0.005000 0.008688
0 0.002500 0.004778 0.005000 0.009557
0 0.002500 0.004344 0.005000 0.008688
0 0.002500 0.004344 0.005000 0.008688
0 0.002500 0.004344 0.005000 0.008688
0 0.002500 0.004344 0.005000 0.008688
0 0.002500 0.004344 0.005000 0.008688
0 0.002500 0.004344 0.005000 0.008688
0 0.002727 0.004344 0.005455 0.008688
0 0.002500 0.004778 0.005000 0.009557
0 0.002500 0.004778 0.005000 0.009557
0 0.002500 0.004344 0.005000 0.008688
0 0.002500 0.004344 0.005000 0.008688
0 0.002500 0.004344 0.005000 0.008688
0 0.002500 0.004778 0.005000 0.009557
0 0.002500 0.004344 0.005000 0.008688