0 0.006875 0.010870 0.013750 0.021739
0 0.006875 0.010870 0.013750 0.021739
0 0.006875 0.011957 0.013750 0.023913
0 0.006875 0.010870 0.013750 0.021739
0 0.006875 0.010870 0.013750 0.021739
0 0.007500 0.010870 0.015000 0.021739
0 0.006875 0.010870 0.013750 0.021739
0 0.006875 0.010870 0.013750 0.021739
0 0.006875 0.010870 0.013750 0.021739
0 0.006875 0.010870 0.013750 0.021739
0 0.006875 0.010870 0.013750 0.021739
0 0.006875 0.010870 0.013750 0.021739
0 0.007500 0.010870 0.015000 0.021739
0 0.006875 0.010870 0.013750 0.021739
0 0.006875 0.010870 0.013750 0.021739
0 0.007500 0.011957 0.015000 0.023913
0 0.006875 0.010870 0.013750 0.021739
0 0.006875 0.010870 0.013750 0.021739
0 0.006875 0.010870 0.013750 0.021739
0 0.006875 0.010870 0.013750 0.021739
0 0.006875 0.010870 0.013750 0.021739
0 0.006875 0.010870 0.013750 0.021739
0 0.006875 0.011957 0.013750 0.023913
0 0.006875 0.010870 0.013750 0.021739
0 0.006875 0.011957 0.013750 0.023913
0 0.006875 0.010870 0.013750 0.021739
0 0.006875 0.010870 0.013750 0.021739
0 0.006875 0.010870 0.013750 0.021739
0 0.006875 0.010870 0.013750 0.021739
0 0.007500 0.011957 0.015000 0.023913
0 0.007500 0.010870 0.015000 0.021739
0 0.006875 0.010870 0.013750 0.021739
0 0.006875 0.010870 0.013750 0.021739
0 0.006875 0.011957 0.013750 0.023913
0 0.006875 0.010870 0.013750 0.021739
0 0.006875 0.010870 0.013750 0.021739
0 0.006875 0.011957 0.013750 0.023913
0 0.006875 0.010870 0.013750 0.021739
0 0.006875 0.010870 0.013750 0.021739
0 0.006875 0.010870 0.013750 0.021739
0 0.006875 0.011957 0.013750 0.023913
0 0.007500 0.010870 0.015000 0.021739
0 0.006875 0.011957 0.013750 0.023913
0 0.006875 0.010870 0.013750 0.021739
0 0.006875 0.011957 0.013750 0.023913
0 0.006875 0.010870 0.013750 0.021739
0 0.006875 0.010870 0.013750 0.021739
0 0.006875 0.010870 0.013750 0.021739
0 0.006875 0.011957 0.013750 0.023913
0 0.006875 0.011957 0.013750 0.023913
0 0.007500 0.010870 0.015000 0.021739
0 0.006875 0.010870 0.013750 0.021739
0 0.006875 0.011957 0.013750 0.023913
0 0.007500 0.010870 0.015000 0.021739