0 0.002546 0.003472 0.005093 0.006944
0 0.002546 0.003472 0.005093 0.006944
0 0.002546 0.003472 0.005093 0.006944
0 0.002546 0.003472 0.005093 0.006944
0 0.002546 0.003472 0.005093 0.006944
0 0.002546 0.003472 0.005093 0.006944
0 0.002546 0.003472 0.005093 0.006944
0 0.002546 0.003472 0.005093 0.006944
0 0.002546 0.003472 0.005093 0.006944
0 0.002546 0.003472 0.005093 0.006944
0 0.002546 0.003472 0.005093 0.006944
0 0.002546 0.003472 0.005093 0.006944
0 0.002546 0.003472 0.005093 0.006944
0 0.002546 0.003472 0.005093 0.006944
0 0.002546 0.003472 0.005093 0.006944
0 0.002546 0.003472 0.005093 0.006944
0 0.002546 0.003472 0.005093 0.006944
0 0.002546 0.003472 0.005093 0.006944
0 0.002546 0.003472 0.005093 0.006944
0 0.002546 0.003472 0.005093 0.006944
0 0.002546 0.003472 0.005093 0.006944
0 0.002546 0.003472 0.005093 0.006944
0 0.002546 0.003472 0.005093 0.006944
0 0.002546 0.003472 0.005093 0.006944
0 0.002546 0.003472 0.005093 0.006944
0 0.002546 0.003472 0.005093 0.006944
0 0.002546 0.003472 0.005093 0.006944
0 0.002546 0.003472 0.005093 0.006944
0 0.002546 0.003472 0.005093 0.006944
0 0.002546 0.003472 0.005093 0.006944
0 0.002546 0.003472 0.005093 0.006944
0 0.002546 0.003472 0.005093 0.006944
0 0.002546 0.003472 0.005093 0.006944
0 0.002546 0.003472 0.005093 0.006944
0 0.002546 0.003472 0.005093 0.006944
0 0.002546 0.003472 0.005093 0.006944
0 0.002546 0.003472 0.005093 0.006944
0 0.002546 0.003472 0.005093 0.006944
0 0.002546 0.003472 0.005093 0.006944
0 0.002546 0.003472 0.005093 0.006944
0 0.002546 0.003472 0.005093 0.006944
0 0.002546 0.003472 0.005093 0.006944
0 0.002546 0.003472 0.005093 0.006944
0 0.002546 0.003472 0.005093 0.006944
0 0.002546 0.003472 0.005093 0.006944
0 0.002546 0.003472 0.005093 0.006944
0 0.002546 0.003472 0.005093 0.006944