0 0.001120 0.001532 0.002239 0.003064
0 0.001120 0.001532 0.002239 0.003064
0 0.001120 0.001532 0.002239 0.003064
0 0.001120 0.001532 0.002239 0.003064
0 0.001120 0.001532 0.002239 0.003064
0 0.001120 0.001532 0.002239 0.003064
0 0.001120 0.001532 0.002239 0.003064
0 0.001120 0.001532 0.002239 0.003064
0 0.001120 0.001532 0.002239 0.003064
0 0.001120 0.001532 0.002239 0.003064
0 0.001120 0.001532 0.002239 0.003064
0 0.001120 0.001532 0.002239 0.003064
0 0.001120 0.001532 0.002239 0.003064
0 0.001120 0.001532 0.002239 0.003064
0 0.001120 0.001532 0.002239 0.003064
0 0.001120 0.001532 0.002239 0.003064
0 0.001120 0.001532 0.002239 0.003064
0 0.001120 0.001532 0.002239 0.003064
0 0.001120 0.001532 0.002239 0.003064