0 0.012222 0.016129 0.024444 0.032258
0 0.012222 0.016129 0.024444 0.032258
0 0.012222 0.016129 0.024444 0.032258
0 0.012222 0.016129 0.024444 0.032258
0 0.012222 0.016129 0.024444 0.032258
0 0.012222 0.016129 0.024444 0.032258
0 0.012222 0.016129 0.024444 0.032258
0 0.012222 0.016129 0.024444 0.032258
0 0.012222 0.016129 0.024444 0.032258
0 0.012222 0.016129 0.024444 0.032258
0 0.012222 0.016129 0.024444 0.032258
0 0.012222 0.016129 0.024444 0.032258
0 0.012222 0.016129 0.024444 0.032258
0 0.012222 0.016129 0.024444 0.032258
0 0.012222 0.016129 0.024444 0.032258
0 0.012222 0.016129 0.024444 0.032258
0 0.012222 0.016129 0.024444 0.032258
0 0.012222 0.016129 0.024444 0.032258
0 0.012222 0.016129 0.024444 0.032258
0 0.012222 0.016129 0.024444 0.032258
0 0.012222 0.016129 0.024444 0.032258
0 0.012222 0.016129 0.024444 0.032258
0 0.012222 0.016129 0.024444 0.032258
0 0.012222 0.016129 0.024444 0.032258
0 0.012222 0.016129 0.024444 0.032258
0 0.012222 0.016129 0.024444 0.032258
0 0.012222 0.016129 0.024444 0.032258
0 0.012222 0.016129 0.024444 0.032258
0 0.012222 0.016129 0.024444 0.032258
0 0.012222 0.016129 0.024444 0.032258
0 0.012222 0.016129 0.024444 0.032258
0 0.012222 0.016129 0.024444 0.032258
0 0.012222 0.016129 0.024444 0.032258
0 0.012222 0.016129 0.024444 0.032258
0 0.012222 0.016129 0.024444 0.032258
0 0.012222 0.016129 0.024444 0.032258
0 0.012222 0.016129 0.024444 0.032258
0 0.012222 0.016129 0.024444 0.032258
0 0.012222 0.016129 0.024444 0.032258
0 0.012222 0.016129 0.024444 0.032258
0 0.012222 0.016129 0.024444 0.032258
0 0.012222 0.016129 0.024444 0.032258
0 0.012222 0.016129 0.024444 0.032258