0 0.001571 0.002143 0.003143 0.004286
0 0.001571 0.002357 0.003143 0.004715
0 0.001571 0.002143 0.003143 0.004286
0 0.001571 0.002357 0.003143 0.004715
0 0.001571 0.002143 0.003143 0.004286
0 0.001571 0.002143 0.003143 0.004286
0 0.001571 0.002357 0.003143 0.004715
0 0.001571 0.002143 0.003143 0.004286
0 0.001571 0.002143 0.003143 0.004286
0 0.001571 0.002143 0.003143 0.004286
0 0.001571 0.002143 0.003143 0.004286
0 0.001571 0.002143 0.003143 0.004286
0 0.001571 0.002357 0.003143 0.004715
0 0.001571 0.002143 0.003143 0.004286
0 0.001571 0.002143 0.003143 0.004286
0 0.001571 0.002143 0.003143 0.004286
0 0.001571 0.002143 0.003143 0.004286
0 0.001571 0.002143 0.003143 0.004286
0 0.001571 0.002143 0.003143 0.004286
0 0.001571 0.002143 0.003143 0.004286
0 0.001571 0.002143 0.003143 0.004286
0 0.001571 0.002143 0.003143 0.004286
0 0.001571 0.002143 0.003143 0.004286
0 0.001571 0.002357 0.003143 0.004715
0 0.001571 0.002143 0.003143 0.004286
0 0.001571 0.002357 0.003143 0.004715
0 0.001571 0.002143 0.003143 0.004286
0 0.001571 0.002143 0.003143 0.004286
0 0.001571 0.002357 0.003143 0.004715
0 0.001571 0.002357 0.003143 0.004715
0 0.001571 0.002357 0.003143 0.004715
0 0.001571 0.002143 0.003143 0.004286
0 0.001571 0.002143 0.003143 0.004286
0 0.001571 0.002143 0.003143 0.004286
0 0.001571 0.002143 0.003143 0.004286
0 0.001571 0.002143 0.003143 0.004286
0 0.001571 0.002357 0.003143 0.004715
0 0.001571 0.002357 0.003143 0.004715
0 0.001571 0.002143 0.003143 0.004286
0 0.001571 0.002143 0.003143 0.004286
0 0.001571 0.002143 0.003143 0.004286
0 0.001571 0.002143 0.003143 0.004286
0 0.001571 0.002143 0.003143 0.004286
0 0.001571 0.002357 0.003143 0.004715
0 0.001571 0.002143 0.003143 0.004286
0 0.001571 0.002143 0.003143 0.004286
0 0.001571 0.002143 0.003143 0.004286