0 0.008594 0.013889 0.017188 0.027778
0 0.008594 0.013889 0.017188 0.027778
0 0.008594 0.013889 0.017188 0.027778
0 0.008594 0.013889 0.017188 0.027778
0 0.008594 0.013889 0.017188 0.027778
0 0.008594 0.013889 0.017188 0.027778
0 0.008594 0.013889 0.017188 0.027778
0 0.008594 0.013889 0.017188 0.027778
0 0.008594 0.013889 0.017188 0.027778
0 0.008594 0.013889 0.017188 0.027778
0 0.008594 0.013889 0.017188 0.027778
0 0.008594 0.013889 0.017188 0.027778
0 0.008594 0.013889 0.017188 0.027778
0 0.008594 0.013889 0.017188 0.027778
0 0.008594 0.013889 0.017188 0.027778
0 0.008594 0.013889 0.017188 0.027778
0 0.008594 0.013889 0.017188 0.027778
0 0.008594 0.013889 0.017188 0.027778
0 0.008594 0.013889 0.017188 0.027778
0 0.008594 0.013889 0.017188 0.027778
0 0.008594 0.013889 0.017188 0.027778
0 0.008594 0.013889 0.017188 0.027778
0 0.008594 0.013889 0.017188 0.027778
0 0.008594 0.013889 0.017188 0.027778
0 0.008594 0.013889 0.017188 0.027778
0 0.008594 0.013889 0.017188 0.027778
0 0.008594 0.013889 0.017188 0.027778
0 0.008594 0.013889 0.017188 0.027778
0 0.008594 0.013889 0.017188 0.027778
0 0.008594 0.013889 0.017188 0.027778
0 0.008594 0.013889 0.017188 0.027778
0 0.008594 0.013889 0.017188 0.027778