0 0.003750 0.005174 0.007500 0.010348
0 0.003438 0.005174 0.006875 0.010348
0 0.003750 0.005174 0.007500 0.010348
0 0.003438 0.005174 0.006875 0.010348
0 0.003438 0.005174 0.006875 0.010348
0 0.003438 0.005174 0.006875 0.010348
0 0.003438 0.005174 0.006875 0.010348
0 0.003438 0.005174 0.006875 0.010348
0 0.003438 0.005174 0.006875 0.010348
0 0.003438 0.005174 0.006875 0.010348
0 0.003438 0.005174 0.006875 0.010348
0 0.003438 0.005174 0.006875 0.010348
0 0.003750 0.005174 0.007500 0.010348
0 0.003438 0.004704 0.006875 0.009407
0 0.003438 0.005174 0.006875 0.010348
0 0.003438 0.005174 0.006875 0.010348
0 0.003438 0.005174 0.006875 0.010348
0 0.003438 0.005174 0.006875 0.010348
0 0.003438 0.005174 0.006875 0.010348
0 0.003438 0.004704 0.006875 0.009407
0 0.003438 0.005174 0.006875 0.010348
0 0.003750 0.005174 0.007500 0.010348
0 0.003438 0.005174 0.006875 0.010348
0 0.003438 0.004704 0.006875 0.009407
0 0.003438 0.005174 0.006875 0.010348
0 0.003438 0.004704 0.006875 0.009407
0 0.003438 0.004704 0.006875 0.009407
0 0.003438 0.005174 0.006875 0.010348
0 0.003438 0.005174 0.006875 0.010348
0 0.003438 0.004704 0.006875 0.009407
0 0.003438 0.005174 0.006875 0.010348
0 0.003750 0.005174 0.007500 0.010348
0 0.003750 0.005174 0.007500 0.010348
0 0.003750 0.005174 0.007500 0.010348
0 0.003438 0.005174 0.006875 0.010348
0 0.003438 0.005174 0.006875 0.010348
0 0.003438 0.005174 0.006875 0.010348
0 0.003750 0.005174 0.007500 0.010348
0 0.003438 0.005174 0.006875 0.010348
0 0.003438 0.005174 0.006875 0.010348
0 0.003438 0.005174 0.006875 0.010348
0 0.003438 0.005174 0.006875 0.010348
0 0.003438 0.005174 0.006875 0.010348
0 0.003438 0.004704 0.006875 0.009407
0 0.003438 0.004704 0.006875 0.009407
0 0.003750 0.005174 0.007500 0.010348
0 0.003438 0.005174 0.006875 0.010348
0 0.003438 0.005174 0.006875 0.010348
0 0.003438 0.004704 0.006875 0.009407
0 0.003438 0.005174 0.006875 0.010348
0 0.003438 0.005174 0.006875 0.010348
0 0.003438 0.005174 0.006875 0.010348
0 0.003438 0.004704 0.006875 0.009407
0 0.003438 0.004704 0.006875 0.009407
0 0.003438 0.005174 0.006875 0.010348
0 0.003750 0.005174 0.007500 0.010348
0 0.003438 0.005174 0.006875 0.010348
0 0.003438 0.004704 0.006875 0.009407
0 0.003438 0.005174 0.006875 0.010348
0 0.003438 0.004704 0.006875 0.009407
0 0.003750 0.004704 0.007500 0.009407
0 0.003438 0.005174 0.006875 0.010348
0 0.003750 0.005174 0.007500 0.010348
0 0.003438 0.005174 0.006875 0.010348
0 0.003438 0.005174 0.006875 0.010348
0 0.003438 0.005174 0.006875 0.010348
0 0.003438 0.005174 0.006875 0.010348
0 0.003438 0.004704 0.006875 0.009407
0 0.003438 0.004704 0.006875 0.009407
0 0.003438 0.005174 0.006875 0.010348
0 0.003438 0.005174 0.006875 0.010348
0 0.003438 0.005174 0.006875 0.010348
0 0.003438 0.005174 0.006875 0.010348
0 0.003438 0.004704 0.006875 0.009407
0 0.003438 0.005174 0.006875 0.010348
0 0.003438 0.004704 0.006875 0.009407
0 0.003438 0.005174 0.006875 0.010348
0 0.003750 0.005174 0.007500 0.010348
0 0.003438 0.005174 0.006875 0.010348
0 0.003750 0.005174 0.007500 0.010348
0 0.003438 0.004704 0.006875 0.009407
0 0.003438 0.005174 0.006875 0.010348
0 0.003438 0.004704 0.006875 0.009407
0 0.003438 0.004704 0.006875 0.009407
0 0.003438 0.005174 0.006875 0.010348
0 0.003438 0.005174 0.006875 0.010348
0 0.003750 0.005174 0.007500 0.010348
0 0.003438 0.004704 0.006875 0.009407
0 0.003438 0.005174 0.006875 0.010348
0 0.003438 0.005174 0.006875 0.010348
0 0.003438 0.005174 0.006875 0.010348
0 0.003438 0.004704 0.006875 0.009407
0 0.003438 0.005174 0.006875 0.010348
0 0.003438 0.005174 0.006875 0.010348
0 0.003438 0.004704 0.006875 0.009407
0 0.003750 0.005174 0.007500 0.010348
0 0.003750 0.005174 0.007500 0.010348
0 0.003750 0.005174 0.007500 0.010348
0 0.003438 0.005174 0.006875 0.010348
0 0.003750 0.004704 0.007500 0.009407
0 0.003438 0.005174 0.006875 0.010348
0 0.003438 0.004704 0.006875 0.009407
0 0.003750 0.005174 0.007500 0.010348
0 0.003438 0.005174 0.006875 0.010348
0 0.003438 0.004704 0.006875 0.009407
0 0.003438 0.005174 0.006875 0.010348
0 0.003438 0.005174 0.006875 0.010348
0 0.003438 0.004704 0.006875 0.009407
0 0.003438 0.005174 0.006875 0.010348
0 0.003438 0.004704 0.006875 0.009407
0 0.003438 0.004704 0.006875 0.009407
0 0.003438 0.005174 0.006875 0.010348
0 0.003438 0.005174 0.006875 0.010348
0 0.003438 0.004704 0.006875 0.009407
0 0.003438 0.004704 0.006875 0.009407
0 0.003438 0.005174 0.006875 0.010348
0 0.003438 0.005174 0.006875 0.010348
0 0.003438 0.005174 0.006875 0.010348
0 0.003750 0.005174 0.007500 0.010348
0 0.003438 0.005174 0.006875 0.010348
0 0.003438 0.004704 0.006875 0.009407
0 0.003438 0.005174 0.006875 0.010348
0 0.003438 0.005174 0.006875 0.010348
0 0.003438 0.005174 0.006875 0.010348