0 0.005417 0.006250 0.010833 0.012500
0 0.004583 0.006250 0.009167 0.012500
0 0.004583 0.006250 0.009167 0.012500
0 0.004583 0.006250 0.009167 0.012500
0 0.004583 0.006250 0.009167 0.012500
0 0.004583 0.006250 0.009167 0.012500
0 0.004583 0.006250 0.009167 0.012500
0 0.004583 0.006250 0.009167 0.012500
0 0.004583 0.006250 0.009167 0.012500
0 0.004583 0.006250 0.009167 0.012500
0 0.004583 0.006250 0.009167 0.012500
0 0.004583 0.006250 0.009167 0.012500
0 0.004583 0.006250 0.009167 0.012500
0 0.004583 0.006250 0.009167 0.012500
0 0.005417 0.006250 0.010833 0.012500
0 0.004583 0.006250 0.009167 0.012500