0 0.011000 0.019231 0.022000 0.038462
0 0.011000 0.019231 0.022000 0.038462
0 0.011000 0.019231 0.022000 0.038462
0 0.011000 0.019231 0.022000 0.038462
0 0.011000 0.021154 0.022000 0.042308
0 0.011000 0.021154 0.022000 0.042308
0 0.011000 0.021154 0.022000 0.042308
0 0.011000 0.021154 0.022000 0.042308
0 0.011000 0.019231 0.022000 0.038462
0 0.011000 0.019231 0.022000 0.038462
0 0.011000 0.019231 0.022000 0.038462
0 0.011000 0.019231 0.022000 0.038462
0 0.011000 0.019231 0.022000 0.038462
0 0.011000 0.021154 0.022000 0.042308
0 0.011000 0.021154 0.022000 0.042308
0 0.011000 0.019231 0.022000 0.038462
0 0.011000 0.019231 0.022000 0.038462
0 0.011000 0.019231 0.022000 0.038462
0 0.011000 0.019231 0.022000 0.038462
0 0.011000 0.019231 0.022000 0.038462
0 0.011000 0.019231 0.022000 0.038462
0 0.011000 0.019231 0.022000 0.038462
0 0.011000 0.019231 0.022000 0.038462
0 0.011000 0.019231 0.022000 0.038462
0 0.011000 0.019231 0.022000 0.038462
0 0.011000 0.019231 0.022000 0.038462
0 0.011000 0.021154 0.022000 0.042308
0 0.011000 0.019231 0.022000 0.038462
0 0.011000 0.019231 0.022000 0.038462
0 0.011000 0.019231 0.022000 0.038462
0 0.011000 0.021154 0.022000 0.042308
0 0.011000 0.021154 0.022000 0.042308
0 0.011000 0.019231 0.022000 0.038462
0 0.011000 0.019231 0.022000 0.038462
0 0.011000 0.021154 0.022000 0.042308
0 0.011000 0.019231 0.022000 0.038462
0 0.011000 0.019231 0.022000 0.038462
0 0.011000 0.021154 0.022000 0.042308
0 0.011000 0.019231 0.022000 0.038462
0 0.011000 0.019231 0.022000 0.038462
0 0.011000 0.021154 0.022000 0.042308
0 0.011000 0.019231 0.022000 0.038462
0 0.011000 0.019231 0.022000 0.038462
0 0.011000 0.019231 0.022000 0.038462
0 0.011000 0.019231 0.022000 0.038462
0 0.011000 0.021154 0.022000 0.042308
0 0.011000 0.019231 0.022000 0.038462
0 0.011000 0.019231 0.022000 0.038462