0 0.008730 0.013369 0.017460 0.026738
0 0.008730 0.013369 0.017460 0.026738
0 0.008730 0.013369 0.017460 0.026738
0 0.008730 0.013369 0.017460 0.026738
0 0.008730 0.014706 0.017460 0.029412
0 0.008730 0.014706 0.017460 0.029412
0 0.008730 0.013369 0.017460 0.026738
0 0.008730 0.014706 0.017460 0.029412
0 0.008730 0.014706 0.017460 0.029412
0 0.008730 0.014706 0.017460 0.029412
0 0.008730 0.013369 0.017460 0.026738
0 0.008730 0.013369 0.017460 0.026738
0 0.008730 0.013369 0.017460 0.026738
0 0.008730 0.013369 0.017460 0.026738
0 0.008730 0.014706 0.017460 0.029412
0 0.008730 0.014706 0.017460 0.029412
0 0.008730 0.013369 0.017460 0.026738
0 0.008730 0.014706 0.017460 0.029412
0 0.008730 0.014706 0.017460 0.029412
0 0.008730 0.013369 0.017460 0.026738
0 0.008730 0.013369 0.017460 0.026738
0 0.008730 0.014706 0.017460 0.029412
0 0.008730 0.014706 0.017460 0.029412
0 0.008730 0.014706 0.017460 0.029412
0 0.008730 0.013369 0.017460 0.026738
0 0.008730 0.014706 0.017460 0.029412
0 0.008730 0.014706 0.017460 0.029412
0 0.008730 0.013369 0.017460 0.026738
0 0.008730 0.014706 0.017460 0.029412
0 0.008730 0.013369 0.017460 0.026738
0 0.008730 0.014706 0.017460 0.029412