0 0.005511 0.008271 0.011022 0.016541
0 0.005511 0.007519 0.011022 0.015038
0 0.005511 0.008271 0.011022 0.016541
0 0.005511 0.007519 0.011022 0.015038
0 0.005511 0.007519 0.011022 0.015038
0 0.005511 0.007519 0.011022 0.015038
0 0.005511 0.008271 0.011022 0.016541
0 0.005511 0.007519 0.011022 0.015038
0 0.005511 0.008271 0.011022 0.016541
0 0.005511 0.007519 0.011022 0.015038
0 0.005511 0.008271 0.011022 0.016541
0 0.005511 0.008271 0.011022 0.016541
0 0.005511 0.008271 0.011022 0.016541
0 0.005511 0.007519 0.011022 0.015038
0 0.005511 0.007519 0.011022 0.015038
0 0.005511 0.008271 0.011022 0.016541
0 0.005511 0.008271 0.011022 0.016541
0 0.005511 0.007519 0.011022 0.015038
0 0.005511 0.007519 0.011022 0.015038
0 0.005511 0.008271 0.011022 0.016541
0 0.005511 0.008271 0.011022 0.016541
0 0.005511 0.007519 0.011022 0.015038
0 0.005511 0.008271 0.011022 0.016541
0 0.005511 0.008271 0.011022 0.016541
0 0.005511 0.008271 0.011022 0.016541
0 0.005511 0.008271 0.011022 0.016541
0 0.005511 0.007519 0.011022 0.015038
0 0.005511 0.008271 0.011022 0.016541
0 0.005511 0.008271 0.011022 0.016541
0 0.005511 0.008271 0.011022 0.016541
0 0.005511 0.007519 0.011022 0.015038
0 0.005511 0.007519 0.011022 0.015038
0 0.005511 0.008271 0.011022 0.016541
0 0.005511 0.007519 0.011022 0.015038
0 0.005511 0.008271 0.011022 0.016541
0 0.005511 0.007519 0.011022 0.015038
0 0.005511 0.008271 0.011022 0.016541
0 0.005511 0.008271 0.011022 0.016541
0 0.005511 0.007519 0.011022 0.015038
0 0.005511 0.007519 0.011022 0.015038
0 0.005511 0.007519 0.011022 0.015038
0 0.005511 0.008271 0.011022 0.016541
0 0.005511 0.008271 0.011022 0.016541
0 0.005511 0.008271 0.011022 0.016541
0 0.005511 0.008271 0.011022 0.016541
0 0.005511 0.008271 0.011022 0.016541
0 0.005511 0.008271 0.011022 0.016541
0 0.005511 0.008271 0.011022 0.016541
0 0.005511 0.008271 0.011022 0.016541
0 0.005511 0.007519 0.011022 0.015038
0 0.005511 0.008271 0.011022 0.016541
0 0.005511 0.008271 0.011022 0.016541
0 0.005511 0.007519 0.011022 0.015038
0 0.005511 0.008271 0.011022 0.016541
0 0.005511 0.008271 0.011022 0.016541
0 0.005511 0.008271 0.011022 0.016541
0 0.005511 0.007519 0.011022 0.015038
0 0.005511 0.007519 0.011022 0.015038
0 0.005511 0.007519 0.011022 0.015038
0 0.005511 0.008271 0.011022 0.016541
0 0.005511 0.007519 0.011022 0.015038