0 0.005500 0.007496 0.011000 0.014993
0 0.005500 0.007496 0.011000 0.014993
0 0.005500 0.007496 0.011000 0.014993
0 0.005500 0.007496 0.011000 0.014993
0 0.005500 0.007496 0.011000 0.014993
0 0.005500 0.007496 0.011000 0.014993
0 0.006000 0.007496 0.012000 0.014993
0 0.005500 0.007496 0.011000 0.014993
0 0.005500 0.007496 0.011000 0.014993
0 0.005500 0.007496 0.011000 0.014993
0 0.005500 0.007496 0.011000 0.014993
0 0.005500 0.007496 0.011000 0.014993
0 0.005500 0.007496 0.011000 0.014993
0 0.005500 0.007496 0.011000 0.014993
0 0.005500 0.007496 0.011000 0.014993
0 0.005500 0.007496 0.011000 0.014993
0 0.005500 0.007496 0.011000 0.014993
0 0.005500 0.007496 0.011000 0.014993
0 0.006000 0.007496 0.012000 0.014993
0 0.005500 0.007496 0.011000 0.014993
0 0.006000 0.007496 0.012000 0.014993
0 0.005500 0.007496 0.011000 0.014993
0 0.005500 0.007496 0.011000 0.014993
0 0.005500 0.007496 0.011000 0.014993
0 0.005500 0.007496 0.011000 0.014993
0 0.005500 0.007496 0.011000 0.014993
0 0.006000 0.007496 0.012000 0.014993
0 0.005500 0.007496 0.011000 0.014993
0 0.005500 0.007496 0.011000 0.014993
0 0.005500 0.007496 0.011000 0.014993
0 0.005500 0.007496 0.011000 0.014993
0 0.006000 0.007496 0.012000 0.014993
0 0.005500 0.007496 0.011000 0.014993
0 0.005500 0.007496 0.011000 0.014993
0 0.005500 0.007496 0.011000 0.014993
0 0.005500 0.007496 0.011000 0.014993
0 0.005500 0.007496 0.011000 0.014993
0 0.006000 0.007496 0.012000 0.014993
0 0.005500 0.007496 0.011000 0.014993
0 0.005500 0.007496 0.011000 0.014993
0 0.005500 0.007496 0.011000 0.014993
0 0.005500 0.007496 0.011000 0.014993
0 0.005500 0.007496 0.011000 0.014993
0 0.005500 0.007496 0.011000 0.014993
0 0.005500 0.007496 0.011000 0.014993
0 0.005500 0.007496 0.011000 0.014993
0 0.006000 0.007496 0.012000 0.014993
0 0.005500 0.007496 0.011000 0.014993
0 0.005500 0.007496 0.011000 0.014993
0 0.005500 0.007496 0.011000 0.014993
0 0.005500 0.007496 0.011000 0.014993
0 0.005500 0.007496 0.011000 0.014993
0 0.005500 0.007496 0.011000 0.014993
0 0.005500 0.007496 0.011000 0.014993
0 0.005500 0.007496 0.011000 0.014993
0 0.005500 0.007496 0.011000 0.014993
0 0.005500 0.007496 0.011000 0.014993
0 0.005500 0.007496 0.011000 0.014993
0 0.005500 0.007496 0.011000 0.014993
0 0.006000 0.007496 0.012000 0.014993
0 0.005500 0.007496 0.011000 0.014993
0 0.005500 0.007496 0.011000 0.014993
0 0.005500 0.007496 0.011000 0.014993
0 0.005500 0.007496 0.011000 0.014993
0 0.005500 0.007496 0.011000 0.014993
0 0.005500 0.007496 0.011000 0.014993
0 0.005500 0.007496 0.011000 0.014993
0 0.005500 0.007496 0.011000 0.014993
0 0.006000 0.007496 0.012000 0.014993
0 0.005500 0.007496 0.011000 0.014993
0 0.005500 0.007496 0.011000 0.014993
0 0.006000 0.007496 0.012000 0.014993
0 0.005500 0.007496 0.011000 0.014993
0 0.005500 0.007496 0.011000 0.014993
0 0.005500 0.007496 0.011000 0.014993
0 0.005500 0.007496 0.011000 0.014993
0 0.005500 0.007496 0.011000 0.014993
0 0.005500 0.007496 0.011000 0.014993
0 0.005500 0.007496 0.011000 0.014993
0 0.005500 0.007496 0.011000 0.014993
0 0.005500 0.007496 0.011000 0.014993
0 0.005500 0.007496 0.011000 0.014993
0 0.005500 0.007496 0.011000 0.014993
0 0.006000 0.007496 0.012000 0.014993
0 0.005500 0.007496 0.011000 0.014993
0 0.005500 0.007496 0.011000 0.014993
0 0.005500 0.007496 0.011000 0.014993
0 0.005500 0.007496 0.011000 0.014993
0 0.005500 0.007496 0.011000 0.014993
0 0.005500 0.007496 0.011000 0.014993
0 0.005500 0.007496 0.011000 0.014993
0 0.005500 0.007496 0.011000 0.014993
0 0.005500 0.007496 0.011000 0.014993
0 0.005500 0.007496 0.011000 0.014993