0 0.006627 0.011111 0.013253 0.022222
0 0.006627 0.011111 0.013253 0.022222
0 0.006627 0.011111 0.013253 0.022222
0 0.006627 0.011111 0.013253 0.022222
0 0.006627 0.011111 0.013253 0.022222
0 0.006627 0.011111 0.013253 0.022222
0 0.006627 0.011111 0.013253 0.022222
0 0.006627 0.011111 0.013253 0.022222
0 0.006627 0.011111 0.013253 0.022222
0 0.006627 0.011111 0.013253 0.022222
0 0.006627 0.011111 0.013253 0.022222
0 0.006627 0.011111 0.013253 0.022222
0 0.006627 0.011111 0.013253 0.022222
0 0.006627 0.011111 0.013253 0.022222
0 0.006627 0.011111 0.013253 0.022222
0 0.006627 0.011111 0.013253 0.022222
0 0.006627 0.011111 0.013253 0.022222
0 0.006627 0.011111 0.013253 0.022222
0 0.006627 0.011111 0.013253 0.022222
0 0.006627 0.011111 0.013253 0.022222
0 0.006627 0.011111 0.013253 0.022222
0 0.006627 0.011111 0.013253 0.022222
0 0.006627 0.011111 0.013253 0.022222
0 0.006627 0.011111 0.013253 0.022222
0 0.006627 0.011111 0.013253 0.022222
0 0.006627 0.011111 0.013253 0.022222
0 0.006627 0.011111 0.013253 0.022222
0 0.006627 0.011111 0.013253 0.022222
0 0.006627 0.011111 0.013253 0.022222
0 0.006627 0.011111 0.013253 0.022222
0 0.006627 0.011111 0.013253 0.022222
0 0.006627 0.011111 0.013253 0.022222
0 0.006627 0.011111 0.013253 0.022222
0 0.006627 0.011111 0.013253 0.022222
0 0.006627 0.011111 0.013253 0.022222
0 0.006627 0.011111 0.013253 0.022222
0 0.006627 0.011111 0.013253 0.022222
0 0.006627 0.011111 0.013253 0.022222
0 0.006627 0.011111 0.013253 0.022222
0 0.006627 0.011111 0.013253 0.022222
0 0.006627 0.011111 0.013253 0.022222
0 0.006627 0.011111 0.013253 0.022222
0 0.006627 0.011111 0.013253 0.022222
0 0.006627 0.011111 0.013253 0.022222
0 0.007831 0.011111 0.015663 0.022222
0 0.006627 0.011111 0.013253 0.022222
0 0.006627 0.011111 0.013253 0.022222
0 0.006627 0.011111 0.013253 0.022222
0 0.006627 0.011111 0.013253 0.022222
0 0.006627 0.011111 0.013253 0.022222
0 0.006627 0.011111 0.013253 0.022222
0 0.007831 0.011111 0.015663 0.022222
0 0.006627 0.011111 0.013253 0.022222
0 0.006627 0.011111 0.013253 0.022222
0 0.006627 0.011111 0.013253 0.022222
0 0.006627 0.011111 0.013253 0.022222
0 0.006627 0.011111 0.013253 0.022222
0 0.006627 0.011111 0.013253 0.022222
0 0.006627 0.011111 0.013253 0.022222
0 0.006627 0.011111 0.013253 0.022222
0 0.006627 0.011111 0.013253 0.022222
0 0.006627 0.011111 0.013253 0.022222
0 0.006627 0.011111 0.013253 0.022222
0 0.006627 0.011111 0.013253 0.022222
0 0.006627 0.011111 0.013253 0.022222
0 0.006627 0.011111 0.013253 0.022222
0 0.006627 0.011111 0.013253 0.022222
0 0.006627 0.011111 0.013253 0.022222
0 0.006627 0.011111 0.013253 0.022222
0 0.006627 0.011111 0.013253 0.022222
0 0.006627 0.011111 0.013253 0.022222
0 0.006627 0.011111 0.013253 0.022222
0 0.006627 0.011111 0.013253 0.022222
0 0.006627 0.011111 0.013253 0.022222
0 0.006627 0.011111 0.013253 0.022222
0 0.006627 0.011111 0.013253 0.022222
0 0.006627 0.011111 0.013253 0.022222
0 0.006627 0.011111 0.013253 0.022222
0 0.006627 0.011111 0.013253 0.022222
0 0.006627 0.011111 0.013253 0.022222
0 0.006627 0.011111 0.013253 0.022222
0 0.006627 0.011111 0.013253 0.022222
0 0.006627 0.011111 0.013253 0.022222
0 0.006627 0.011111 0.013253 0.022222