0 0.005500 0.006313 0.011000 0.012626
0 0.005500 0.006313 0.011000 0.012626
0 0.005500 0.006313 0.011000 0.012626
0 0.005500 0.006313 0.011000 0.012626
0 0.005500 0.006313 0.011000 0.012626
0 0.005500 0.006313 0.011000 0.012626
0 0.005500 0.006313 0.011000 0.012626
0 0.005500 0.006313 0.011000 0.012626
0 0.005500 0.006313 0.011000 0.012626
0 0.005500 0.006313 0.011000 0.012626
0 0.005500 0.006313 0.011000 0.012626
0 0.005500 0.006313 0.011000 0.012626
0 0.005500 0.006313 0.011000 0.012626
0 0.005500 0.006313 0.011000 0.012626
0 0.005500 0.006313 0.011000 0.012626
0 0.005500 0.006313 0.011000 0.012626
0 0.005500 0.006313 0.011000 0.012626
0 0.005500 0.006313 0.011000 0.012626
0 0.005500 0.006313 0.011000 0.012626
0 0.005500 0.006313 0.011000 0.012626
0 0.005500 0.006313 0.011000 0.012626
0 0.005500 0.006313 0.011000 0.012626
0 0.005500 0.006313 0.011000 0.012626
0 0.005500 0.006313 0.011000 0.012626
0 0.005500 0.006313 0.011000 0.012626
0 0.005500 0.006313 0.011000 0.012626
0 0.005500 0.006313 0.011000 0.012626
0 0.005500 0.006313 0.011000 0.012626
0 0.005500 0.006313 0.011000 0.012626
0 0.005500 0.006313 0.011000 0.012626
0 0.005500 0.006313 0.011000 0.012626
0 0.005500 0.006313 0.011000 0.012626
0 0.005500 0.006313 0.011000 0.012626