0 0.017685 0.024155 0.035370 0.048309
0 0.019293 0.024155 0.038585 0.048309
0 0.019293 0.024155 0.038585 0.048309
0 0.017685 0.024155 0.035370 0.048309
0 0.017685 0.024155 0.035370 0.048309
0 0.017685 0.026570 0.035370 0.053140
0 0.019293 0.024155 0.038585 0.048309
0 0.017685 0.024155 0.035370 0.048309
0 0.017685 0.026570 0.035370 0.053140
0 0.017685 0.026570 0.035370 0.053140
0 0.017685 0.024155 0.035370 0.048309
0 0.019293 0.026570 0.038585 0.053140
0 0.017685 0.024155 0.035370 0.048309
0 0.017685 0.024155 0.035370 0.048309
0 0.017685 0.024155 0.035370 0.048309
0 0.017685 0.024155 0.035370 0.048309
0 0.017685 0.026570 0.035370 0.053140
0 0.017685 0.026570 0.035370 0.053140
0 0.017685 0.024155 0.035370 0.048309
0 0.017685 0.024155 0.035370 0.048309
0 0.017685 0.024155 0.035370 0.048309
0 0.017685 0.024155 0.035370 0.048309
0 0.017685 0.024155 0.035370 0.048309
0 0.017685 0.024155 0.035370 0.048309
0 0.017685 0.024155 0.035370 0.048309
0 0.017685 0.026570 0.035370 0.053140
0 0.017685 0.024155 0.035370 0.048309
0 0.017685 0.026570 0.035370 0.053140
0 0.017685 0.024155 0.035370 0.048309
0 0.017685 0.024155 0.035370 0.048309