0 0.007534 0.010288 0.015068 0.020576
0 0.007534 0.010288 0.015068 0.020576
0 0.007534 0.010288 0.015068 0.020576
0 0.007534 0.010288 0.015068 0.020576
0 0.007534 0.010288 0.015068 0.020576
0 0.007534 0.010288 0.015068 0.020576
0 0.007534 0.010288 0.015068 0.020576
0 0.007534 0.010288 0.015068 0.020576
0 0.007534 0.010288 0.015068 0.020576
0 0.007534 0.010288 0.015068 0.020576
0 0.007534 0.010288 0.015068 0.020576
0 0.007534 0.010288 0.015068 0.020576
0 0.007534 0.010288 0.015068 0.020576
0 0.007534 0.010288 0.015068 0.020576
0 0.007534 0.010288 0.015068 0.020576
0 0.007534 0.010288 0.015068 0.020576
0 0.007534 0.010288 0.015068 0.020576
0 0.007534 0.010288 0.015068 0.020576
0 0.007534 0.010288 0.015068 0.020576
0 0.007534 0.010288 0.015068 0.020576