0 0.003235 0.005435 0.006471 0.010870
0 0.003235 0.005435 0.006471 0.010870
0 0.003235 0.005435 0.006471 0.010870
0 0.003235 0.005435 0.006471 0.010870
0 0.003235 0.005435 0.006471 0.010870
0 0.003235 0.005435 0.006471 0.010870
0 0.003235 0.005435 0.006471 0.010870
0 0.003235 0.005435 0.006471 0.010870
0 0.003235 0.005435 0.006471 0.010870
0 0.003235 0.005435 0.006471 0.010870
0 0.003235 0.005435 0.006471 0.010870
0 0.003235 0.005435 0.006471 0.010870
0 0.003235 0.005435 0.006471 0.010870
0 0.003235 0.005435 0.006471 0.010870
0 0.003235 0.005435 0.006471 0.010870
0 0.003235 0.005435 0.006471 0.010870
0 0.003235 0.005435 0.006471 0.010870
0 0.003235 0.005435 0.006471 0.010870
0 0.003235 0.005435 0.006471 0.010870
0 0.003235 0.005435 0.006471 0.010870
0 0.003235 0.005435 0.006471 0.010870
0 0.003235 0.005435 0.006471 0.010870
0 0.003235 0.005435 0.006471 0.010870
0 0.003235 0.005435 0.006471 0.010870
0 0.003235 0.005435 0.006471 0.010870
0 0.003235 0.005435 0.006471 0.010870
0 0.003235 0.005435 0.006471 0.010870
0 0.003235 0.005435 0.006471 0.010870
0 0.003235 0.005435 0.006471 0.010870
0 0.003235 0.005435 0.006471 0.010870
0 0.003235 0.005435 0.006471 0.010870
0 0.003235 0.005435 0.006471 0.010870
0 0.003235 0.005435 0.006471 0.010870
0 0.003235 0.005435 0.006471 0.010870
0 0.003235 0.005435 0.006471 0.010870
0 0.003235 0.005435 0.006471 0.010870
0 0.003235 0.005435 0.006471 0.010870
0 0.003235 0.005435 0.006471 0.010870
0 0.003235 0.005435 0.006471 0.010870
0 0.003235 0.005435 0.006471 0.010870
0 0.003235 0.005435 0.006471 0.010870
0 0.003235 0.005435 0.006471 0.010870
0 0.003235 0.005435 0.006471 0.010870
0 0.003235 0.005435 0.006471 0.010870
0 0.003235 0.005435 0.006471 0.010870
0 0.003235 0.005435 0.006471 0.010870
0 0.003235 0.005435 0.006471 0.010870
0 0.003235 0.005435 0.006471 0.010870
0 0.003235 0.005435 0.006471 0.010870
0 0.003235 0.005435 0.006471 0.010870