0 0.009167 0.011111 0.018333 0.022222
0 0.009167 0.011111 0.018333 0.022222
0 0.009167 0.011111 0.018333 0.022222
0 0.009167 0.011111 0.018333 0.022222
0 0.009167 0.011111 0.018333 0.022222
0 0.009167 0.011111 0.018333 0.022222
0 0.009167 0.011111 0.018333 0.022222
0 0.009167 0.011111 0.018333 0.022222
0 0.009167 0.011111 0.018333 0.022222
0 0.009167 0.011111 0.018333 0.022222
0 0.009167 0.011111 0.018333 0.022222
0 0.009167 0.011111 0.018333 0.022222
0 0.009167 0.011111 0.018333 0.022222
0 0.009167 0.011111 0.018333 0.022222
0 0.009167 0.011111 0.018333 0.022222
0 0.009167 0.011111 0.018333 0.022222
0 0.009167 0.011111 0.018333 0.022222
0 0.009167 0.011111 0.018333 0.022222
0 0.009167 0.011111 0.018333 0.022222
0 0.010000 0.011111 0.020000 0.022222
0 0.009167 0.011111 0.018333 0.022222
0 0.009167 0.011111 0.018333 0.022222
0 0.009167 0.011111 0.018333 0.022222
0 0.009167 0.011111 0.018333 0.022222
0 0.010000 0.011111 0.020000 0.022222
0 0.009167 0.011111 0.018333 0.022222
0 0.009167 0.011111 0.018333 0.022222
0 0.009167 0.011111 0.018333 0.022222
0 0.009167 0.011111 0.018333 0.022222
0 0.009167 0.011111 0.018333 0.022222
0 0.009167 0.011111 0.018333 0.022222
0 0.009167 0.011111 0.018333 0.022222
0 0.009167 0.011111 0.018333 0.022222
0 0.009167 0.011111 0.018333 0.022222
0 0.009167 0.011111 0.018333 0.022222
0 0.009167 0.011111 0.018333 0.022222
0 0.009167 0.011111 0.018333 0.022222
0 0.009167 0.011111 0.018333 0.022222
0 0.009167 0.011111 0.018333 0.022222
0 0.009167 0.011111 0.018333 0.022222
0 0.009167 0.011111 0.018333 0.022222
0 0.009167 0.011111 0.018333 0.022222
0 0.009167 0.011111 0.018333 0.022222
0 0.009167 0.011111 0.018333 0.022222
0 0.009167 0.011111 0.018333 0.022222