0 0.004583 0.007407 0.009167 0.014815
0 0.004583 0.007407 0.009167 0.014815
0 0.004583 0.007407 0.009167 0.014815
0 0.004583 0.007407 0.009167 0.014815
0 0.004583 0.008148 0.009167 0.016296
0 0.004583 0.007407 0.009167 0.014815
0 0.004583 0.007407 0.009167 0.014815
0 0.004583 0.007407 0.009167 0.014815
0 0.004583 0.007407 0.009167 0.014815
0 0.004583 0.008148 0.009167 0.016296
0 0.004583 0.007407 0.009167 0.014815
0 0.004583 0.007407 0.009167 0.014815
0 0.004583 0.007407 0.009167 0.014815
0 0.004583 0.007407 0.009167 0.014815
0 0.004583 0.007407 0.009167 0.014815
0 0.004583 0.007407 0.009167 0.014815
0 0.004583 0.008148 0.009167 0.016296
0 0.004583 0.007407 0.009167 0.014815
0 0.004583 0.008148 0.009167 0.016296
0 0.004583 0.007407 0.009167 0.014815
0 0.004583 0.008148 0.009167 0.016296
0 0.004583 0.007407 0.009167 0.014815
0 0.004583 0.007407 0.009167 0.014815
0 0.004583 0.007407 0.009167 0.014815
0 0.004583 0.007407 0.009167 0.014815
0 0.004583 0.007407 0.009167 0.014815
0 0.004583 0.007407 0.009167 0.014815
0 0.004583 0.007407 0.009167 0.014815
0 0.004583 0.007407 0.009167 0.014815
0 0.004583 0.007407 0.009167 0.014815
0 0.004583 0.007407 0.009167 0.014815
0 0.004583 0.008148 0.009167 0.016296
0 0.004583 0.007407 0.009167 0.014815
0 0.004583 0.007407 0.009167 0.014815
0 0.005000 0.007407 0.010000 0.014815
0 0.005000 0.007407 0.010000 0.014815
0 0.004583 0.007407 0.009167 0.014815
0 0.004583 0.007407 0.009167 0.014815
0 0.004583 0.008148 0.009167 0.016296
0 0.004583 0.007407 0.009167 0.014815
0 0.004583 0.007407 0.009167 0.014815
0 0.004583 0.007407 0.009167 0.014815
0 0.004583 0.008148 0.009167 0.016296
0 0.004583 0.008148 0.009167 0.016296
0 0.004583 0.008148 0.009167 0.016296
0 0.004583 0.007407 0.009167 0.014815
0 0.004583 0.008148 0.009167 0.016296
0 0.004583 0.007407 0.009167 0.014815
0 0.004583 0.007407 0.009167 0.014815
0 0.004583 0.007407 0.009167 0.014815
0 0.004583 0.007407 0.009167 0.014815
0 0.004583 0.008148 0.009167 0.016296
0 0.004583 0.007407 0.009167 0.014815
0 0.004583 0.007407 0.009167 0.014815
0 0.004583 0.007407 0.009167 0.014815
0 0.004583 0.007407 0.009167 0.014815
0 0.004583 0.008148 0.009167 0.016296
0 0.004583 0.008148 0.009167 0.016296
0 0.004583 0.007407 0.009167 0.014815
0 0.004583 0.007407 0.009167 0.014815
0 0.004583 0.007407 0.009167 0.014815
0 0.004583 0.007407 0.009167 0.014815
0 0.004583 0.007407 0.009167 0.014815
0 0.004583 0.007407 0.009167 0.014815
0 0.004583 0.007407 0.009167 0.014815
0 0.004583 0.007407 0.009167 0.014815
0 0.004583 0.007407 0.009167 0.014815
0 0.004583 0.007407 0.009167 0.014815
0 0.004583 0.007407 0.009167 0.014815
0 0.004583 0.007407 0.009167 0.014815
0 0.004583 0.007407 0.009167 0.014815
0 0.004583 0.007407 0.009167 0.014815
0 0.004583 0.008148 0.009167 0.016296
0 0.004583 0.007407 0.009167 0.014815
0 0.004583 0.007407 0.009167 0.014815
0 0.004583 0.007407 0.009167 0.014815
0 0.004583 0.007407 0.009167 0.014815
0 0.004583 0.007407 0.009167 0.014815
0 0.004583 0.007407 0.009167 0.014815
0 0.004583 0.007407 0.009167 0.014815