0 0.010621 0.013624 0.021242 0.027248
0 0.008987 0.013624 0.017974 0.027248
0 0.008987 0.013624 0.017974 0.027248
0 0.010621 0.013624 0.021242 0.027248
0 0.008987 0.013624 0.017974 0.027248
0 0.010621 0.013624 0.021242 0.027248
0 0.008987 0.013624 0.017974 0.027248
0 0.008987 0.013624 0.017974 0.027248
0 0.008987 0.013624 0.017974 0.027248
0 0.008987 0.013624 0.017974 0.027248
0 0.010621 0.013624 0.021242 0.027248
0 0.010621 0.013624 0.021242 0.027248
0 0.010621 0.013624 0.021242 0.027248
0 0.010621 0.013624 0.021242 0.027248
0 0.008987 0.013624 0.017974 0.027248
0 0.010621 0.013624 0.021242 0.027248
0 0.010621 0.013624 0.021242 0.027248
0 0.008987 0.013624 0.017974 0.027248
0 0.010621 0.013624 0.021242 0.027248
0 0.008987 0.013624 0.017974 0.027248
0 0.010621 0.013624 0.021242 0.027248
0 0.010621 0.013624 0.021242 0.027248
0 0.008987 0.013624 0.017974 0.027248
0 0.008987 0.013624 0.017974 0.027248
0 0.008987 0.013624 0.017974 0.027248
0 0.008987 0.013624 0.017974 0.027248
0 0.010621 0.013624 0.021242 0.027248
0 0.010621 0.013624 0.021242 0.027248
0 0.010621 0.013624 0.021242 0.027248
0 0.008987 0.013624 0.017974 0.027248
0 0.010621 0.013624 0.021242 0.027248
0 0.008987 0.013624 0.017974 0.027248
0 0.010621 0.013624 0.021242 0.027248
0 0.008987 0.013624 0.017974 0.027248
0 0.008987 0.013624 0.017974 0.027248
0 0.008987 0.013624 0.017974 0.027248
0 0.010621 0.013624 0.021242 0.027248
0 0.010621 0.013624 0.021242 0.027248
0 0.010621 0.013624 0.021242 0.027248
0 0.010621 0.013624 0.021242 0.027248
0 0.010621 0.013624 0.021242 0.027248
0 0.010621 0.013624 0.021242 0.027248
0 0.008987 0.013624 0.017974 0.027248
0 0.010621 0.013624 0.021242 0.027248
0 0.008987 0.013624 0.017974 0.027248
0 0.010621 0.013624 0.021242 0.027248
0 0.010621 0.013624 0.021242 0.027248
0 0.008987 0.013624 0.017974 0.027248
0 0.008987 0.013624 0.017974 0.027248
0 0.008987 0.013624 0.017974 0.027248
0 0.008987 0.013624 0.017974 0.027248
0 0.010621 0.013624 0.021242 0.027248
0 0.010621 0.013624 0.021242 0.027248
0 0.010621 0.013624 0.021242 0.027248