0 0.008943 0.011962 0.017886 0.023923
0 0.008943 0.011962 0.017886 0.023923
0 0.008943 0.011962 0.017886 0.023923
0 0.008943 0.011962 0.017886 0.023923
0 0.008943 0.011962 0.017886 0.023923
0 0.008943 0.011962 0.017886 0.023923
0 0.008943 0.011962 0.017886 0.023923
0 0.008943 0.011962 0.017886 0.023923
0 0.008943 0.011962 0.017886 0.023923
0 0.008943 0.011962 0.017886 0.023923
0 0.008943 0.011962 0.017886 0.023923
0 0.008943 0.011962 0.017886 0.023923
0 0.008943 0.011962 0.017886 0.023923
0 0.008943 0.011962 0.017886 0.023923
0 0.008943 0.011962 0.017886 0.023923
0 0.008943 0.011962 0.017886 0.023923
0 0.008943 0.011962 0.017886 0.023923