0 0.008675 0.011261 0.017350 0.022523
0 0.008675 0.011261 0.017350 0.022523
0 0.008675 0.011261 0.017350 0.022523
0 0.008675 0.011261 0.017350 0.022523
0 0.008675 0.011261 0.017350 0.022523
0 0.008675 0.011261 0.017350 0.022523
0 0.008675 0.011261 0.017350 0.022523
0 0.008675 0.011261 0.017350 0.022523
0 0.008675 0.011261 0.017350 0.022523
0 0.008675 0.011261 0.017350 0.022523
0 0.008675 0.011261 0.017350 0.022523
0 0.008675 0.011261 0.017350 0.022523
0 0.008675 0.011261 0.017350 0.022523
0 0.008675 0.011261 0.017350 0.022523
0 0.008675 0.011261 0.017350 0.022523
0 0.008675 0.011261 0.017350 0.022523
0 0.008675 0.011261 0.017350 0.022523
0 0.008675 0.011261 0.017350 0.022523
0 0.008675 0.011261 0.017350 0.022523
0 0.008675 0.011261 0.017350 0.022523
0 0.008675 0.011261 0.017350 0.022523
0 0.008675 0.011261 0.017350 0.022523
0 0.008675 0.011261 0.017350 0.022523