0 0.007902 0.011338 0.015805 0.022676
0 0.007902 0.011338 0.015805 0.022676
0 0.007902 0.011338 0.015805 0.022676
0 0.007902 0.011338 0.015805 0.022676
0 0.007902 0.011338 0.015805 0.022676
0 0.007902 0.011338 0.015805 0.022676
0 0.007902 0.011338 0.015805 0.022676
0 0.007902 0.011338 0.015805 0.022676
0 0.007902 0.011338 0.015805 0.022676
0 0.007902 0.011338 0.015805 0.022676
0 0.007902 0.011338 0.015805 0.022676
0 0.007902 0.011338 0.015805 0.022676
0 0.007902 0.011338 0.015805 0.022676
0 0.007902 0.011338 0.015805 0.022676