0 0.009322 0.014286 0.018644 0.028571
0 0.009322 0.014286 0.018644 0.028571
0 0.009322 0.014286 0.018644 0.028571
0 0.009322 0.014286 0.018644 0.028571
0 0.009322 0.014286 0.018644 0.028571
0 0.009322 0.014286 0.018644 0.028571
0 0.009322 0.014286 0.018644 0.028571
0 0.009322 0.014286 0.018644 0.028571
0 0.009322 0.014286 0.018644 0.028571
0 0.009322 0.014286 0.018644 0.028571
0 0.009322 0.014286 0.018644 0.028571
0 0.009322 0.014286 0.018644 0.028571
0 0.009322 0.014286 0.018644 0.028571
0 0.009322 0.014286 0.018644 0.028571
0 0.009322 0.014286 0.018644 0.028571
0 0.009322 0.014286 0.018644 0.028571
0 0.009322 0.014286 0.018644 0.028571
0 0.009322 0.014286 0.018644 0.028571
0 0.009322 0.014286 0.018644 0.028571
0 0.009322 0.014286 0.018644 0.028571
0 0.009322 0.014286 0.018644 0.028571
0 0.009322 0.014286 0.018644 0.028571
0 0.009322 0.014286 0.018644 0.028571
0 0.009322 0.014286 0.018644 0.028571
0 0.009322 0.014286 0.018644 0.028571
0 0.009322 0.014286 0.018644 0.028571
0 0.009322 0.014286 0.018644 0.028571
0 0.009322 0.014286 0.018644 0.028571