0 0.003537 0.004822 0.007074 0.009643
0 0.003537 0.004822 0.007074 0.009643
0 0.003537 0.004822 0.007074 0.009643
0 0.003537 0.004822 0.007074 0.009643
0 0.003537 0.004822 0.007074 0.009643
0 0.003859 0.004822 0.007717 0.009643
0 0.003537 0.004822 0.007074 0.009643
0 0.003537 0.004822 0.007074 0.009643
0 0.003537 0.004822 0.007074 0.009643
0 0.003537 0.004822 0.007074 0.009643
0 0.003537 0.004822 0.007074 0.009643
0 0.003537 0.004822 0.007074 0.009643
0 0.003537 0.004822 0.007074 0.009643
0 0.003537 0.004822 0.007074 0.009643
0 0.003859 0.004822 0.007717 0.009643
0 0.003859 0.004822 0.007717 0.009643
0 0.003537 0.004822 0.007074 0.009643
0 0.003537 0.004822 0.007074 0.009643
0 0.003537 0.004822 0.007074 0.009643
0 0.003537 0.004822 0.007074 0.009643
0 0.003537 0.004822 0.007074 0.009643
0 0.003537 0.004822 0.007074 0.009643
0 0.003537 0.004822 0.007074 0.009643
0 0.003537 0.004822 0.007074 0.009643
0 0.003537 0.004822 0.007074 0.009643
0 0.003537 0.004822 0.007074 0.009643
0 0.003537 0.004822 0.007074 0.009643
0 0.003537 0.004822 0.007074 0.009643
0 0.003537 0.004822 0.007074 0.009643
0 0.003537 0.004822 0.007074 0.009643
0 0.003537 0.004822 0.007074 0.009643
0 0.003537 0.004822 0.007074 0.009643
0 0.003537 0.004822 0.007074 0.009643
0 0.003537 0.004822 0.007074 0.009643
0 0.003537 0.004822 0.007074 0.009643
0 0.003537 0.004822 0.007074 0.009643
0 0.003537 0.004822 0.007074 0.009643
0 0.003537 0.004822 0.007074 0.009643
0 0.003537 0.004822 0.007074 0.009643
0 0.003537 0.004822 0.007074 0.009643
0 0.003537 0.004822 0.007074 0.009643
0 0.003537 0.004822 0.007074 0.009643
0 0.003537 0.004822 0.007074 0.009643
0 0.003859 0.004822 0.007717 0.009643
0 0.003537 0.004822 0.007074 0.009643
0 0.003537 0.004822 0.007074 0.009643
0 0.003537 0.004822 0.007074 0.009643
0 0.003537 0.004822 0.007074 0.009643
0 0.003537 0.004822 0.007074 0.009643
0 0.003537 0.004822 0.007074 0.009643
0 0.003537 0.004822 0.007074 0.009643
0 0.003537 0.004822 0.007074 0.009643
0 0.003537 0.004822 0.007074 0.009643
0 0.003537 0.004822 0.007074 0.009643
0 0.003537 0.004822 0.007074 0.009643
0 0.003537 0.004822 0.007074 0.009643