0 0.005717 0.008567 0.011435 0.017134
0 0.005717 0.008567 0.011435 0.017134
0 0.005717 0.007788 0.011435 0.015576
0 0.005717 0.008567 0.011435 0.017134
0 0.005717 0.007788 0.011435 0.015576
0 0.005717 0.007788 0.011435 0.015576
0 0.005717 0.007788 0.011435 0.015576
0 0.005717 0.008567 0.011435 0.017134
0 0.005717 0.007788 0.011435 0.015576
0 0.005717 0.007788 0.011435 0.015576
0 0.005717 0.007788 0.011435 0.015576
0 0.005717 0.008567 0.011435 0.017134
0 0.005717 0.007788 0.011435 0.015576
0 0.005717 0.007788 0.011435 0.015576
0 0.005717 0.007788 0.011435 0.015576
0 0.005717 0.008567 0.011435 0.017134
0 0.005717 0.008567 0.011435 0.017134
0 0.005717 0.007788 0.011435 0.015576
0 0.005717 0.007788 0.011435 0.015576
0 0.005717 0.007788 0.011435 0.015576
0 0.005717 0.008567 0.011435 0.017134
0 0.005717 0.008567 0.011435 0.017134
0 0.005717 0.007788 0.011435 0.015576
0 0.005717 0.008567 0.011435 0.017134
0 0.005717 0.008567 0.011435 0.017134
0 0.005717 0.007788 0.011435 0.015576
0 0.005717 0.007788 0.011435 0.015576