0 0.007143 0.009747 0.014286 0.019493
0 0.007143 0.010721 0.014286 0.021442
0 0.007143 0.009747 0.014286 0.019493
0 0.007143 0.009747 0.014286 0.019493
0 0.007143 0.009747 0.014286 0.019493
0 0.007143 0.009747 0.014286 0.019493
0 0.007143 0.010721 0.014286 0.021442
0 0.007143 0.009747 0.014286 0.019493
0 0.007143 0.009747 0.014286 0.019493
0 0.007143 0.009747 0.014286 0.019493
0 0.007143 0.009747 0.014286 0.019493
0 0.007143 0.009747 0.014286 0.019493
0 0.007143 0.009747 0.014286 0.019493
0 0.007143 0.010721 0.014286 0.021442
0 0.007143 0.010721 0.014286 0.021442
0 0.007143 0.009747 0.014286 0.019493
0 0.007143 0.010721 0.014286 0.021442
0 0.007143 0.009747 0.014286 0.019493
0 0.007143 0.010721 0.014286 0.021442
0 0.007792 0.010721 0.015584 0.021442
0 0.007143 0.010721 0.014286 0.021442
0 0.007143 0.010721 0.014286 0.021442
0 0.007143 0.009747 0.014286 0.019493
0 0.007143 0.009747 0.014286 0.019493
0 0.007143 0.010721 0.014286 0.021442
0 0.007143 0.010721 0.014286 0.021442
0 0.007143 0.010721 0.014286 0.021442
0 0.007143 0.009747 0.014286 0.019493
0 0.007143 0.009747 0.014286 0.019493
0 0.007143 0.009747 0.014286 0.019493
0 0.007143 0.009747 0.014286 0.019493
0 0.007143 0.009747 0.014286 0.019493
0 0.007143 0.009747 0.014286 0.019493
0 0.007143 0.010721 0.014286 0.021442
0 0.007792 0.009747 0.015584 0.019493
0 0.007792 0.009747 0.015584 0.019493
0 0.007143 0.010721 0.014286 0.021442
0 0.007143 0.009747 0.014286 0.019493
0 0.007792 0.009747 0.015584 0.019493
0 0.007143 0.009747 0.014286 0.019493
0 0.007143 0.009747 0.014286 0.019493
0 0.007143 0.010721 0.014286 0.021442
0 0.007792 0.009747 0.015584 0.019493
0 0.007143 0.009747 0.014286 0.019493
0 0.007143 0.009747 0.014286 0.019493
0 0.007143 0.009747 0.014286 0.019493
0 0.007143 0.009747 0.014286 0.019493
0 0.007143 0.010721 0.014286 0.021442
0 0.007143 0.009747 0.014286 0.019493
0 0.007143 0.010721 0.014286 0.021442
0 0.007143 0.009747 0.014286 0.019493
0 0.007143 0.009747 0.014286 0.019493
0 0.007792 0.010721 0.015584 0.021442
0 0.007143 0.009747 0.014286 0.019493
0 0.007143 0.010721 0.014286 0.021442
0 0.007143 0.010721 0.014286 0.021442
0 0.007143 0.009747 0.014286 0.019493
0 0.007143 0.009747 0.014286 0.019493
0 0.007143 0.010721 0.014286 0.021442
0 0.007143 0.009747 0.014286 0.019493
0 0.007143 0.009747 0.014286 0.019493
0 0.007143 0.009747 0.014286 0.019493
0 0.007143 0.010721 0.014286 0.021442
0 0.007143 0.009747 0.014286 0.019493
0 0.007143 0.009747 0.014286 0.019493
0 0.007143 0.010721 0.014286 0.021442
0 0.007143 0.010721 0.014286 0.021442
0 0.007143 0.009747 0.014286 0.019493
0 0.007792 0.010721 0.015584 0.021442
0 0.007143 0.009747 0.014286 0.019493
0 0.007143 0.009747 0.014286 0.019493
0 0.007143 0.009747 0.014286 0.019493
0 0.007143 0.009747 0.014286 0.019493
0 0.007143 0.009747 0.014286 0.019493
0 0.007792 0.009747 0.015584 0.019493
0 0.007143 0.009747 0.014286 0.019493
0 0.007143 0.010721 0.014286 0.021442