0 0.003438 0.005223 0.006875 0.010446
0 0.003438 0.005223 0.006875 0.010446
0 0.003438 0.004748 0.006875 0.009497
0 0.003438 0.005223 0.006875 0.010446
0 0.003438 0.005223 0.006875 0.010446
0 0.003438 0.005223 0.006875 0.010446
0 0.003438 0.005223 0.006875 0.010446
0 0.003438 0.005223 0.006875 0.010446
0 0.003438 0.004748 0.006875 0.009497
0 0.003438 0.005223 0.006875 0.010446
0 0.003438 0.005223 0.006875 0.010446
0 0.003438 0.005223 0.006875 0.010446
0 0.003438 0.005223 0.006875 0.010446
0 0.003438 0.004748 0.006875 0.009497
0 0.003438 0.005223 0.006875 0.010446
0 0.003438 0.005223 0.006875 0.010446
0 0.003438 0.004748 0.006875 0.009497
0 0.003438 0.005223 0.006875 0.010446
0 0.003438 0.005223 0.006875 0.010446
0 0.003438 0.005223 0.006875 0.010446
0 0.003438 0.005223 0.006875 0.010446
0 0.003438 0.005223 0.006875 0.010446
0 0.003438 0.005223 0.006875 0.010446
0 0.003438 0.004748 0.006875 0.009497
0 0.003438 0.005223 0.006875 0.010446
0 0.003438 0.005223 0.006875 0.010446
0 0.003438 0.005223 0.006875 0.010446
0 0.003438 0.005223 0.006875 0.010446
0 0.003438 0.005223 0.006875 0.010446
0 0.003438 0.005223 0.006875 0.010446
0 0.003438 0.004748 0.006875 0.009497
0 0.003438 0.004748 0.006875 0.009497
0 0.003438 0.004748 0.006875 0.009497
0 0.003438 0.005223 0.006875 0.010446
0 0.003438 0.005223 0.006875 0.010446
0 0.003438 0.005223 0.006875 0.010446
0 0.003438 0.005223 0.006875 0.010446
0 0.003438 0.005223 0.006875 0.010446
0 0.003438 0.004748 0.006875 0.009497
0 0.003438 0.005223 0.006875 0.010446
0 0.003438 0.005223 0.006875 0.010446
0 0.003438 0.005223 0.006875 0.010446
0 0.003438 0.005223 0.006875 0.010446
0 0.003438 0.005223 0.006875 0.010446
0 0.003438 0.005223 0.006875 0.010446
0 0.003438 0.005223 0.006875 0.010446
0 0.003438 0.005223 0.006875 0.010446
0 0.003438 0.004748 0.006875 0.009497
0 0.003438 0.005223 0.006875 0.010446
0 0.003438 0.005223 0.006875 0.010446
0 0.003438 0.005223 0.006875 0.010446
0 0.003438 0.005223 0.006875 0.010446
0 0.003438 0.005223 0.006875 0.010446
0 0.003438 0.005223 0.006875 0.010446
0 0.003438 0.005223 0.006875 0.010446
0 0.003438 0.005223 0.006875 0.010446
0 0.003438 0.005223 0.006875 0.010446
0 0.003438 0.005223 0.006875 0.010446
0 0.003438 0.005223 0.006875 0.010446
0 0.003438 0.004748 0.006875 0.009497
0 0.003438 0.005223 0.006875 0.010446
0 0.003438 0.005223 0.006875 0.010446
0 0.003438 0.004748 0.006875 0.009497
0 0.003438 0.005223 0.006875 0.010446
0 0.003438 0.004748 0.006875 0.009497
0 0.003438 0.004748 0.006875 0.009497
0 0.003438 0.005223 0.006875 0.010446
0 0.003438 0.005223 0.006875 0.010446
0 0.003438 0.004748 0.006875 0.009497
0 0.003438 0.005223 0.006875 0.010446
0 0.003438 0.005223 0.006875 0.010446
0 0.003438 0.005223 0.006875 0.010446
0 0.003438 0.005223 0.006875 0.010446