0 0.006448 0.007812 0.012896 0.015625
0 0.006448 0.007812 0.012896 0.015625
0 0.006448 0.007812 0.012896 0.015625
0 0.006448 0.007812 0.012896 0.015625
0 0.006448 0.007812 0.012896 0.015625
0 0.006448 0.007812 0.012896 0.015625
0 0.006448 0.007812 0.012896 0.015625
0 0.006448 0.007812 0.012896 0.015625
0 0.006448 0.007812 0.012896 0.015625
0 0.006448 0.007812 0.012896 0.015625
0 0.006448 0.007812 0.012896 0.015625
0 0.006448 0.007812 0.012896 0.015625
0 0.006448 0.007812 0.012896 0.015625
0 0.006448 0.007812 0.012896 0.015625
0 0.006448 0.007812 0.012896 0.015625
0 0.006448 0.007812 0.012896 0.015625
0 0.006448 0.007812 0.012896 0.015625
0 0.006448 0.007812 0.012896 0.015625
0 0.006448 0.007812 0.012896 0.015625
0 0.006448 0.007812 0.012896 0.015625
0 0.006448 0.007812 0.012896 0.015625
0 0.006448 0.007812 0.012896 0.015625