0 0.005500 0.010000 0.011000 0.020000
0 0.005500 0.010000 0.011000 0.020000
0 0.006500 0.010000 0.013000 0.020000
0 0.005500 0.010000 0.011000 0.020000
0 0.005500 0.010000 0.011000 0.020000
0 0.005500 0.010000 0.011000 0.020000
0 0.005500 0.010000 0.011000 0.020000
0 0.005500 0.010000 0.011000 0.020000
0 0.005500 0.010000 0.011000 0.020000
0 0.005500 0.010000 0.011000 0.020000
0 0.005500 0.010000 0.011000 0.020000
0 0.005500 0.010000 0.011000 0.020000
0 0.005500 0.010000 0.011000 0.020000
0 0.005500 0.010000 0.011000 0.020000
0 0.005500 0.010000 0.011000 0.020000
0 0.005500 0.010000 0.011000 0.020000