0 0.009874 0.017422 0.019749 0.034843
0 0.009874 0.017422 0.019749 0.034843
0 0.009874 0.017422 0.019749 0.034843
0 0.009874 0.017422 0.019749 0.034843
0 0.009874 0.017422 0.019749 0.034843
0 0.009874 0.017422 0.019749 0.034843
0 0.009874 0.017422 0.019749 0.034843
0 0.009874 0.017422 0.019749 0.034843
0 0.009874 0.017422 0.019749 0.034843
0 0.009874 0.017422 0.019749 0.034843
0 0.009874 0.017422 0.019749 0.034843
0 0.009874 0.017422 0.019749 0.034843
0 0.009874 0.017422 0.019749 0.034843
0 0.009874 0.017422 0.019749 0.034843
0 0.009874 0.017422 0.019749 0.034843
0 0.009874 0.017422 0.019749 0.034843
0 0.009874 0.017422 0.019749 0.034843
0 0.009874 0.017422 0.019749 0.034843
0 0.009874 0.017422 0.019749 0.034843
0 0.009874 0.017422 0.019749 0.034843
0 0.009874 0.017422 0.019749 0.034843
0 0.009874 0.017422 0.019749 0.034843
0 0.009874 0.017422 0.019749 0.034843
0 0.009874 0.017422 0.019749 0.034843
0 0.009874 0.017422 0.019749 0.034843
0 0.009874 0.017422 0.019749 0.034843
0 0.009874 0.017422 0.019749 0.034843
0 0.009874 0.017422 0.019749 0.034843
0 0.009874 0.017422 0.019749 0.034843