0 0.003597 0.006684 0.007194 0.013369
0 0.003597 0.006684 0.007194 0.013369
0 0.003597 0.006684 0.007194 0.013369
0 0.003597 0.006684 0.007194 0.013369
0 0.003597 0.006684 0.007194 0.013369
0 0.003597 0.006684 0.007194 0.013369
0 0.003597 0.006684 0.007194 0.013369
0 0.003597 0.006684 0.007194 0.013369
0 0.003597 0.006684 0.007194 0.013369
0 0.003597 0.006684 0.007194 0.013369
0 0.003597 0.006684 0.007194 0.013369
0 0.003597 0.006684 0.007194 0.013369
0 0.003597 0.006684 0.007194 0.013369
0 0.003597 0.006684 0.007194 0.013369
0 0.003597 0.006684 0.007194 0.013369
0 0.003597 0.006684 0.007194 0.013369
0 0.003597 0.006684 0.007194 0.013369
0 0.003597 0.006684 0.007194 0.013369
0 0.003597 0.006684 0.007194 0.013369
0 0.003924 0.006684 0.007848 0.013369
0 0.003597 0.006684 0.007194 0.013369
0 0.003597 0.006684 0.007194 0.013369
0 0.003597 0.006684 0.007194 0.013369
0 0.003597 0.006684 0.007194 0.013369
0 0.003597 0.006684 0.007194 0.013369
0 0.003597 0.006684 0.007194 0.013369
0 0.003597 0.006684 0.007194 0.013369
0 0.003597 0.006684 0.007194 0.013369
0 0.003597 0.006684 0.007194 0.013369
0 0.003597 0.006684 0.007194 0.013369
0 0.003597 0.006684 0.007194 0.013369
0 0.003597 0.006684 0.007194 0.013369
0 0.003597 0.006684 0.007194 0.013369
0 0.003597 0.006684 0.007194 0.013369
0 0.003597 0.006684 0.007194 0.013369
0 0.003597 0.006684 0.007194 0.013369
0 0.003597 0.006684 0.007194 0.013369
0 0.003597 0.006684 0.007194 0.013369
0 0.003597 0.006684 0.007194 0.013369
0 0.003597 0.006684 0.007194 0.013369
0 0.003597 0.006684 0.007194 0.013369
0 0.003597 0.006684 0.007194 0.013369
0 0.003597 0.006684 0.007194 0.013369
0 0.003597 0.006684 0.007194 0.013369
0 0.003597 0.006684 0.007194 0.013369
0 0.003597 0.006684 0.007194 0.013369
0 0.003597 0.006684 0.007194 0.013369
0 0.003597 0.006684 0.007194 0.013369
0 0.003924 0.006684 0.007848 0.013369
0 0.003597 0.006684 0.007194 0.013369
0 0.003597 0.006684 0.007194 0.013369
0 0.003597 0.006684 0.007194 0.013369
0 0.003597 0.006684 0.007194 0.013369
0 0.003597 0.006684 0.007194 0.013369
0 0.003597 0.006684 0.007194 0.013369
0 0.003597 0.006684 0.007194 0.013369
0 0.003597 0.006684 0.007194 0.013369
0 0.003597 0.006684 0.007194 0.013369
0 0.003597 0.006684 0.007194 0.013369
0 0.003597 0.006684 0.007194 0.013369
0 0.003597 0.006684 0.007194 0.013369
0 0.003597 0.006684 0.007194 0.013369
0 0.003597 0.006684 0.007194 0.013369
0 0.003597 0.006684 0.007194 0.013369
0 0.003597 0.006684 0.007194 0.013369
0 0.003597 0.006684 0.007194 0.013369
0 0.003597 0.006684 0.007194 0.013369