0 0.006111 0.007375 0.012222 0.014749
0 0.006111 0.007375 0.012222 0.014749
0 0.006111 0.007375 0.012222 0.014749
0 0.006111 0.007375 0.012222 0.014749
0 0.006111 0.007375 0.012222 0.014749
0 0.006111 0.007375 0.012222 0.014749
0 0.006111 0.007375 0.012222 0.014749
0 0.006111 0.007375 0.012222 0.014749
0 0.006111 0.007375 0.012222 0.014749
0 0.006111 0.007375 0.012222 0.014749
0 0.006111 0.007375 0.012222 0.014749
0 0.006111 0.007375 0.012222 0.014749
0 0.006111 0.007375 0.012222 0.014749
0 0.006111 0.007375 0.012222 0.014749
0 0.006111 0.007375 0.012222 0.014749
0 0.006111 0.007375 0.012222 0.014749
0 0.006111 0.007375 0.012222 0.014749
0 0.006111 0.007375 0.012222 0.014749
0 0.006111 0.007375 0.012222 0.014749
0 0.006111 0.007375 0.012222 0.014749
0 0.006111 0.007375 0.012222 0.014749
0 0.006111 0.007375 0.012222 0.014749
0 0.006111 0.007375 0.012222 0.014749
0 0.006111 0.007375 0.012222 0.014749