0 0.005376 0.008375 0.010753 0.016750
0 0.005376 0.008375 0.010753 0.016750
0 0.005376 0.008375 0.010753 0.016750
0 0.005376 0.008375 0.010753 0.016750
0 0.005376 0.008375 0.010753 0.016750
0 0.005376 0.008375 0.010753 0.016750
0 0.005376 0.008375 0.010753 0.016750
0 0.005376 0.008375 0.010753 0.016750
0 0.005376 0.008375 0.010753 0.016750
0 0.005376 0.008375 0.010753 0.016750
0 0.005376 0.008375 0.010753 0.016750
0 0.005376 0.008375 0.010753 0.016750
0 0.005376 0.008375 0.010753 0.016750
0 0.005376 0.008375 0.010753 0.016750
0 0.005376 0.008375 0.010753 0.016750
0 0.005376 0.008375 0.010753 0.016750
0 0.005376 0.008375 0.010753 0.016750
0 0.005376 0.008375 0.010753 0.016750
0 0.005376 0.008375 0.010753 0.016750
0 0.005376 0.008375 0.010753 0.016750
0 0.005376 0.008375 0.010753 0.016750
0 0.005376 0.008375 0.010753 0.016750