0 0.004297 0.007812 0.008594 0.015625
0 0.004297 0.007812 0.008594 0.015625
0 0.004297 0.007812 0.008594 0.015625
0 0.004297 0.007812 0.008594 0.015625
0 0.004297 0.007812 0.008594 0.015625
0 0.004297 0.007812 0.008594 0.015625
0 0.004297 0.007812 0.008594 0.015625
0 0.004297 0.007812 0.008594 0.015625
0 0.004297 0.007812 0.008594 0.015625
0 0.004297 0.007812 0.008594 0.015625
0 0.004297 0.007812 0.008594 0.015625
0 0.004297 0.007812 0.008594 0.015625
0 0.004297 0.007812 0.008594 0.015625
0 0.004297 0.007812 0.008594 0.015625
0 0.004297 0.007812 0.008594 0.015625
0 0.004297 0.007812 0.008594 0.015625
0 0.004297 0.007812 0.008594 0.015625
0 0.004297 0.007812 0.008594 0.015625
0 0.004297 0.007812 0.008594 0.015625
0 0.004297 0.007812 0.008594 0.015625
0 0.004297 0.007812 0.008594 0.015625
0 0.004297 0.007812 0.008594 0.015625
0 0.004297 0.007812 0.008594 0.015625
0 0.004297 0.007812 0.008594 0.015625
0 0.004297 0.007812 0.008594 0.015625
0 0.004297 0.007812 0.008594 0.015625
0 0.004297 0.007812 0.008594 0.015625
0 0.004297 0.007812 0.008594 0.015625
0 0.005078 0.007812 0.010156 0.015625
0 0.004297 0.007812 0.008594 0.015625
0 0.004297 0.007812 0.008594 0.015625
0 0.004297 0.007812 0.008594 0.015625
0 0.004297 0.007812 0.008594 0.015625
0 0.004297 0.007812 0.008594 0.015625
0 0.004297 0.007812 0.008594 0.015625
0 0.004297 0.007812 0.008594 0.015625
0 0.004297 0.007812 0.008594 0.015625
0 0.004297 0.007812 0.008594 0.015625
0 0.004297 0.007812 0.008594 0.015625
0 0.004297 0.007812 0.008594 0.015625
0 0.004297 0.007812 0.008594 0.015625
0 0.004297 0.007812 0.008594 0.015625
0 0.004297 0.007812 0.008594 0.015625
0 0.004297 0.007812 0.008594 0.015625
0 0.004297 0.007812 0.008594 0.015625
0 0.004297 0.007812 0.008594 0.015625
0 0.004297 0.007812 0.008594 0.015625
0 0.004297 0.007812 0.008594 0.015625
0 0.004297 0.007812 0.008594 0.015625
0 0.004297 0.007812 0.008594 0.015625
0 0.004297 0.007812 0.008594 0.015625
0 0.004297 0.007812 0.008594 0.015625
0 0.004297 0.007812 0.008594 0.015625
0 0.004297 0.007812 0.008594 0.015625
0 0.004297 0.007812 0.008594 0.015625
0 0.004297 0.007812 0.008594 0.015625
0 0.004297 0.007812 0.008594 0.015625
0 0.004297 0.007812 0.008594 0.015625