0 0.006875 0.009843 0.013750 0.019685
0 0.006875 0.009843 0.013750 0.019685
0 0.006875 0.009843 0.013750 0.019685
0 0.006875 0.009843 0.013750 0.019685
0 0.006875 0.010827 0.013750 0.021654
0 0.006875 0.010827 0.013750 0.021654
0 0.006875 0.009843 0.013750 0.019685
0 0.006875 0.009843 0.013750 0.019685
0 0.006875 0.009843 0.013750 0.019685
0 0.006875 0.009843 0.013750 0.019685
0 0.006875 0.009843 0.013750 0.019685
0 0.006875 0.009843 0.013750 0.019685
0 0.006875 0.009843 0.013750 0.019685
0 0.006875 0.009843 0.013750 0.019685
0 0.006875 0.009843 0.013750 0.019685
0 0.006875 0.010827 0.013750 0.021654
0 0.006875 0.009843 0.013750 0.019685
0 0.006875 0.009843 0.013750 0.019685
0 0.006875 0.009843 0.013750 0.019685
0 0.006875 0.009843 0.013750 0.019685
0 0.006875 0.010827 0.013750 0.021654
0 0.006875 0.009843 0.013750 0.019685
0 0.006875 0.009843 0.013750 0.019685
0 0.007500 0.009843 0.015000 0.019685
0 0.007500 0.009843 0.015000 0.019685