0 0.008871 0.012887 0.017742 0.025773
0 0.008871 0.012887 0.017742 0.025773
0 0.008871 0.012887 0.017742 0.025773
0 0.008871 0.012887 0.017742 0.025773
0 0.008871 0.012887 0.017742 0.025773
0 0.008871 0.012887 0.017742 0.025773
0 0.008871 0.012887 0.017742 0.025773
0 0.008871 0.012887 0.017742 0.025773
0 0.008871 0.012887 0.017742 0.025773
0 0.008871 0.012887 0.017742 0.025773
0 0.008871 0.012887 0.017742 0.025773
0 0.008871 0.012887 0.017742 0.025773
0 0.008871 0.012887 0.017742 0.025773
0 0.008871 0.012887 0.017742 0.025773
0 0.008871 0.012887 0.017742 0.025773
0 0.008871 0.012887 0.017742 0.025773
0 0.008871 0.012887 0.017742 0.025773
0 0.008871 0.012887 0.017742 0.025773
0 0.008871 0.012887 0.017742 0.025773
0 0.008871 0.012887 0.017742 0.025773
0 0.008871 0.012887 0.017742 0.025773
0 0.008871 0.012887 0.017742 0.025773
0 0.008871 0.012887 0.017742 0.025773