0 0.006486 0.014286 0.012972 0.028571
0 0.006486 0.014286 0.012972 0.028571
0 0.006486 0.014286 0.012972 0.028571
0 0.006486 0.014286 0.012972 0.028571
0 0.006486 0.014286 0.012972 0.028571
0 0.006486 0.014286 0.012972 0.028571
0 0.006486 0.014286 0.012972 0.028571
0 0.006486 0.014286 0.012972 0.028571
0 0.006486 0.014286 0.012972 0.028571
0 0.006486 0.014286 0.012972 0.028571
0 0.006486 0.014286 0.012972 0.028571
0 0.006486 0.014286 0.012972 0.028571
0 0.006486 0.014286 0.012972 0.028571
0 0.006486 0.014286 0.012972 0.028571
0 0.006486 0.014286 0.012972 0.028571
0 0.006486 0.014286 0.012972 0.028571
0 0.006486 0.014286 0.012972 0.028571
0 0.006486 0.014286 0.012972 0.028571
0 0.006486 0.014286 0.012972 0.028571
0 0.006486 0.014286 0.012972 0.028571
0 0.006486 0.014286 0.012972 0.028571
0 0.006486 0.014286 0.012972 0.028571
0 0.006486 0.014286 0.012972 0.028571
0 0.006486 0.014286 0.012972 0.028571
0 0.006486 0.014286 0.012972 0.028571
0 0.006486 0.014286 0.012972 0.028571
0 0.006486 0.014286 0.012972 0.028571
0 0.006486 0.014286 0.012972 0.028571
0 0.006486 0.014286 0.012972 0.028571
0 0.006486 0.014286 0.012972 0.028571
0 0.006486 0.014286 0.012972 0.028571
0 0.006486 0.014286 0.012972 0.028571
0 0.006486 0.014286 0.012972 0.028571