0 0.007432 0.012107 0.014865 0.024213
0 0.007432 0.012107 0.014865 0.024213
0 0.007432 0.012107 0.014865 0.024213
0 0.007432 0.012107 0.014865 0.024213
0 0.007432 0.012107 0.014865 0.024213
0 0.007432 0.012107 0.014865 0.024213
0 0.007432 0.012107 0.014865 0.024213
0 0.007432 0.012107 0.014865 0.024213
0 0.007432 0.012107 0.014865 0.024213
0 0.007432 0.012107 0.014865 0.024213
0 0.008784 0.012107 0.017568 0.024213
0 0.007432 0.012107 0.014865 0.024213
0 0.007432 0.012107 0.014865 0.024213
0 0.007432 0.012107 0.014865 0.024213
0 0.008784 0.012107 0.017568 0.024213
0 0.007432 0.012107 0.014865 0.024213
0 0.007432 0.012107 0.014865 0.024213
0 0.007432 0.012107 0.014865 0.024213
0 0.007432 0.012107 0.014865 0.024213
0 0.007432 0.012107 0.014865 0.024213
0 0.007432 0.012107 0.014865 0.024213
0 0.007432 0.012107 0.014865 0.024213
0 0.007432 0.012107 0.014865 0.024213
0 0.007432 0.012107 0.014865 0.024213
0 0.007432 0.012107 0.014865 0.024213
0 0.007432 0.012107 0.014865 0.024213
0 0.008784 0.012107 0.017568 0.024213
0 0.007432 0.012107 0.014865 0.024213
0 0.007432 0.012107 0.014865 0.024213
0 0.007432 0.012107 0.014865 0.024213
0 0.007432 0.012107 0.014865 0.024213
0 0.007432 0.012107 0.014865 0.024213
0 0.007432 0.012107 0.014865 0.024213
0 0.008784 0.012107 0.017568 0.024213
0 0.007432 0.012107 0.014865 0.024213
0 0.007432 0.012107 0.014865 0.024213
0 0.007432 0.012107 0.014865 0.024213
0 0.007432 0.012107 0.014865 0.024213
0 0.007432 0.012107 0.014865 0.024213
0 0.007432 0.012107 0.014865 0.024213
0 0.007432 0.012107 0.014865 0.024213
0 0.007432 0.012107 0.014865 0.024213