0 0.005789 0.009690 0.011579 0.019380
0 0.005789 0.009690 0.011579 0.019380
0 0.005789 0.009690 0.011579 0.019380
0 0.005789 0.009690 0.011579 0.019380
0 0.005789 0.009690 0.011579 0.019380
0 0.005789 0.009690 0.011579 0.019380
0 0.005789 0.009690 0.011579 0.019380
0 0.005789 0.009690 0.011579 0.019380
0 0.005789 0.009690 0.011579 0.019380
0 0.005789 0.009690 0.011579 0.019380
0 0.005789 0.009690 0.011579 0.019380
0 0.005789 0.009690 0.011579 0.019380
0 0.005789 0.009690 0.011579 0.019380
0 0.005789 0.009690 0.011579 0.019380
0 0.005789 0.009690 0.011579 0.019380
0 0.005789 0.009690 0.011579 0.019380
0 0.005789 0.009690 0.011579 0.019380
0 0.005789 0.009690 0.011579 0.019380
0 0.005789 0.009690 0.011579 0.019380
0 0.005789 0.009690 0.011579 0.019380
0 0.005789 0.009690 0.011579 0.019380
0 0.005789 0.009690 0.011579 0.019380
0 0.005789 0.009690 0.011579 0.019380
0 0.005789 0.009690 0.011579 0.019380
0 0.005789 0.009690 0.011579 0.019380
0 0.005789 0.009690 0.011579 0.019380
0 0.005789 0.009690 0.011579 0.019380
0 0.005789 0.009690 0.011579 0.019380
0 0.005789 0.009690 0.011579 0.019380
0 0.005789 0.009690 0.011579 0.019380
0 0.005789 0.009690 0.011579 0.019380
0 0.005789 0.009690 0.011579 0.019380
0 0.005789 0.009690 0.011579 0.019380
0 0.005789 0.009690 0.011579 0.019380
0 0.005789 0.009690 0.011579 0.019380
0 0.005789 0.009690 0.011579 0.019380
0 0.005789 0.009690 0.011579 0.019380
0 0.005789 0.009690 0.011579 0.019380
0 0.005789 0.009690 0.011579 0.019380
0 0.005789 0.009690 0.011579 0.019380
0 0.005789 0.009690 0.011579 0.019380
0 0.005789 0.009690 0.011579 0.019380
0 0.005789 0.009690 0.011579 0.019380