0 0.006555 0.008929 0.013111 0.017857
0 0.006555 0.008929 0.013111 0.017857
0 0.006555 0.008929 0.013111 0.017857
0 0.006555 0.008929 0.013111 0.017857
0 0.006555 0.008929 0.013111 0.017857
0 0.006555 0.008929 0.013111 0.017857
0 0.006555 0.008929 0.013111 0.017857
0 0.006555 0.008929 0.013111 0.017857
0 0.006555 0.008929 0.013111 0.017857
0 0.006555 0.008929 0.013111 0.017857
0 0.006555 0.008929 0.013111 0.017857
0 0.006555 0.008929 0.013111 0.017857
0 0.006555 0.008929 0.013111 0.017857
0 0.006555 0.008929 0.013111 0.017857
0 0.006555 0.008929 0.013111 0.017857
0 0.006555 0.008929 0.013111 0.017857
0 0.006555 0.008929 0.013111 0.017857
0 0.006555 0.008929 0.013111 0.017857
0 0.006555 0.008929 0.013111 0.017857
0 0.006555 0.008929 0.013111 0.017857
0 0.006555 0.008929 0.013111 0.017857
0 0.006555 0.008929 0.013111 0.017857
0 0.006555 0.008929 0.013111 0.017857
0 0.006555 0.008929 0.013111 0.017857
0 0.006555 0.008929 0.013111 0.017857
0 0.006555 0.008929 0.013111 0.017857
0 0.006555 0.008929 0.013111 0.017857
0 0.006555 0.008929 0.013111 0.017857
0 0.006555 0.008929 0.013111 0.017857
0 0.006555 0.008929 0.013111 0.017857
0 0.006555 0.008929 0.013111 0.017857
0 0.006555 0.008929 0.013111 0.017857