0 0.007353 0.008489 0.014706 0.016978
0 0.007353 0.008489 0.014706 0.016978
0 0.007353 0.008489 0.014706 0.016978
0 0.007353 0.008489 0.014706 0.016978
0 0.007353 0.008489 0.014706 0.016978
0 0.007353 0.008489 0.014706 0.016978
0 0.007353 0.008489 0.014706 0.016978
0 0.007353 0.008489 0.014706 0.016978
0 0.007353 0.008489 0.014706 0.016978
0 0.007353 0.008489 0.014706 0.016978
0 0.007353 0.008489 0.014706 0.016978
0 0.007353 0.008489 0.014706 0.016978
0 0.007353 0.008489 0.014706 0.016978
0 0.007353 0.008489 0.014706 0.016978
0 0.007353 0.008489 0.014706 0.016978
0 0.007353 0.008489 0.014706 0.016978
0 0.007353 0.008489 0.014706 0.016978
0 0.007353 0.008489 0.014706 0.016978
0 0.007353 0.008489 0.014706 0.016978
0 0.007353 0.008489 0.014706 0.016978
0 0.007353 0.008489 0.014706 0.016978
0 0.007353 0.008489 0.014706 0.016978
0 0.007353 0.008489 0.014706 0.016978
0 0.007353 0.008489 0.014706 0.016978
0 0.007353 0.008489 0.014706 0.016978
0 0.007353 0.008489 0.014706 0.016978
0 0.007353 0.008489 0.014706 0.016978
0 0.007353 0.008489 0.014706 0.016978
0 0.007353 0.008489 0.014706 0.016978
0 0.007353 0.008489 0.014706 0.016978
0 0.007353 0.008489 0.014706 0.016978
0 0.007353 0.008489 0.014706 0.016978
0 0.007353 0.008489 0.014706 0.016978
0 0.007353 0.008489 0.014706 0.016978
0 0.007353 0.008489 0.014706 0.016978
0 0.007353 0.008489 0.014706 0.016978
0 0.007353 0.008489 0.014706 0.016978
0 0.007353 0.008489 0.014706 0.016978