0 0.009483 0.011494 0.018966 0.022989
0 0.009483 0.011494 0.018966 0.022989
0 0.009483 0.011494 0.018966 0.022989
0 0.009483 0.011494 0.018966 0.022989
0 0.009483 0.011494 0.018966 0.022989
0 0.009483 0.011494 0.018966 0.022989
0 0.009483 0.011494 0.018966 0.022989
0 0.009483 0.011494 0.018966 0.022989
0 0.009483 0.011494 0.018966 0.022989
0 0.009483 0.011494 0.018966 0.022989
0 0.009483 0.011494 0.018966 0.022989
0 0.009483 0.011494 0.018966 0.022989
0 0.009483 0.011494 0.018966 0.022989
0 0.009483 0.011494 0.018966 0.022989
0 0.009483 0.011494 0.018966 0.022989
0 0.009483 0.011494 0.018966 0.022989
0 0.009483 0.011494 0.018966 0.022989
0 0.009483 0.011494 0.018966 0.022989
0 0.009483 0.011494 0.018966 0.022989
0 0.009483 0.011494 0.018966 0.022989
0 0.009483 0.011494 0.018966 0.022989
0 0.009483 0.011494 0.018966 0.022989
0 0.009483 0.011494 0.018966 0.022989
0 0.009483 0.011494 0.018966 0.022989
0 0.009483 0.011494 0.018966 0.022989
0 0.009483 0.011494 0.018966 0.022989
0 0.009483 0.011494 0.018966 0.022989
0 0.009483 0.011494 0.018966 0.022989
0 0.009483 0.011494 0.018966 0.022989
0 0.009483 0.011494 0.018966 0.022989
0 0.009483 0.011494 0.018966 0.022989
0 0.009483 0.011494 0.018966 0.022989
0 0.009483 0.011494 0.018966 0.022989
0 0.009483 0.011494 0.018966 0.022989
0 0.009483 0.011494 0.018966 0.022989
0 0.009483 0.011494 0.018966 0.022989
0 0.009483 0.011494 0.018966 0.022989
0 0.011207 0.011494 0.022414 0.022989
0 0.009483 0.011494 0.018966 0.022989
0 0.009483 0.011494 0.018966 0.022989
0 0.009483 0.011494 0.018966 0.022989
0 0.009483 0.011494 0.018966 0.022989
0 0.009483 0.011494 0.018966 0.022989
0 0.009483 0.011494 0.018966 0.022989
0 0.009483 0.011494 0.018966 0.022989
0 0.009483 0.011494 0.018966 0.022989
0 0.009483 0.011494 0.018966 0.022989
0 0.009483 0.011494 0.018966 0.022989
0 0.009483 0.011494 0.018966 0.022989
0 0.009483 0.011494 0.018966 0.022989
0 0.009483 0.011494 0.018966 0.022989
0 0.009483 0.011494 0.018966 0.022989
0 0.009483 0.011494 0.018966 0.022989
0 0.009483 0.011494 0.018966 0.022989
0 0.009483 0.011494 0.018966 0.022989
0 0.009483 0.011494 0.018966 0.022989
0 0.009483 0.011494 0.018966 0.022989
0 0.009483 0.011494 0.018966 0.022989
0 0.009483 0.011494 0.018966 0.022989
0 0.009483 0.011494 0.018966 0.022989
0 0.009483 0.011494 0.018966 0.022989
0 0.009483 0.011494 0.018966 0.022989
0 0.009483 0.011494 0.018966 0.022989
0 0.009483 0.011494 0.018966 0.022989
0 0.009483 0.011494 0.018966 0.022989
0 0.009483 0.011494 0.018966 0.022989
0 0.009483 0.011494 0.018966 0.022989
0 0.009483 0.011494 0.018966 0.022989
0 0.009483 0.011494 0.018966 0.022989
0 0.009483 0.011494 0.018966 0.022989
0 0.009483 0.011494 0.018966 0.022989
0 0.009483 0.011494 0.018966 0.022989
0 0.009483 0.011494 0.018966 0.022989
0 0.009483 0.011494 0.018966 0.022989
0 0.009483 0.011494 0.018966 0.022989
0 0.009483 0.011494 0.018966 0.022989
0 0.009483 0.011494 0.018966 0.022989
0 0.009483 0.011494 0.018966 0.022989
0 0.009483 0.011494 0.018966 0.022989
0 0.009483 0.011494 0.018966 0.022989
0 0.009483 0.011494 0.018966 0.022989
0 0.009483 0.011494 0.018966 0.022989
0 0.009483 0.011494 0.018966 0.022989
0 0.009483 0.011494 0.018966 0.022989
0 0.009483 0.011494 0.018966 0.022989
0 0.009483 0.011494 0.018966 0.022989
0 0.009483 0.011494 0.018966 0.022989
0 0.009483 0.011494 0.018966 0.022989
0 0.009483 0.011494 0.018966 0.022989
0 0.009483 0.011494 0.018966 0.022989