0 0.007442 0.010397 0.014885 0.020794
0 0.007442 0.009452 0.014885 0.018904
0 0.007442 0.009452 0.014885 0.018904
0 0.007442 0.009452 0.014885 0.018904
0 0.007442 0.009452 0.014885 0.018904
0 0.007442 0.009452 0.014885 0.018904
0 0.007442 0.009452 0.014885 0.018904
0 0.007442 0.009452 0.014885 0.018904
0 0.007442 0.009452 0.014885 0.018904
0 0.007442 0.009452 0.014885 0.018904
0 0.007442 0.009452 0.014885 0.018904
0 0.007442 0.009452 0.014885 0.018904
0 0.007442 0.009452 0.014885 0.018904
0 0.007442 0.010397 0.014885 0.020794
0 0.007442 0.009452 0.014885 0.018904
0 0.007442 0.009452 0.014885 0.018904
0 0.007442 0.009452 0.014885 0.018904
0 0.007442 0.009452 0.014885 0.018904
0 0.007442 0.009452 0.014885 0.018904
0 0.007442 0.009452 0.014885 0.018904
0 0.007442 0.009452 0.014885 0.018904
0 0.007442 0.009452 0.014885 0.018904
0 0.007442 0.009452 0.014885 0.018904
0 0.007442 0.009452 0.014885 0.018904
0 0.007442 0.009452 0.014885 0.018904
0 0.007442 0.009452 0.014885 0.018904
0 0.007442 0.009452 0.014885 0.018904
0 0.007442 0.009452 0.014885 0.018904
0 0.007442 0.009452 0.014885 0.018904
0 0.007442 0.009452 0.014885 0.018904
0 0.007442 0.009452 0.014885 0.018904
0 0.007442 0.010397 0.014885 0.020794
0 0.007442 0.009452 0.014885 0.018904
0 0.007442 0.009452 0.014885 0.018904
0 0.007442 0.009452 0.014885 0.018904