0 0.002592 0.003534 0.005184 0.007067
0 0.002592 0.003534 0.005184 0.007067
0 0.002592 0.003534 0.005184 0.007067
0 0.002592 0.003534 0.005184 0.007067
0 0.002592 0.003534 0.005184 0.007067
0 0.002592 0.003534 0.005184 0.007067
0 0.002592 0.003534 0.005184 0.007067
0 0.002592 0.003534 0.005184 0.007067
0 0.002592 0.003534 0.005184 0.007067
0 0.002592 0.003534 0.005184 0.007067
0 0.002592 0.003534 0.005184 0.007067
0 0.002592 0.003534 0.005184 0.007067
0 0.002592 0.003534 0.005184 0.007067
0 0.002592 0.003534 0.005184 0.007067
0 0.002592 0.003534 0.005184 0.007067
0 0.002592 0.003534 0.005184 0.007067
0 0.002592 0.003534 0.005184 0.007067
0 0.002592 0.003534 0.005184 0.007067
0 0.002592 0.003534 0.005184 0.007067
0 0.002592 0.003534 0.005184 0.007067
0 0.002592 0.003534 0.005184 0.007067
0 0.002592 0.003534 0.005184 0.007067
0 0.002592 0.003534 0.005184 0.007067
0 0.002592 0.003534 0.005184 0.007067
0 0.002592 0.003534 0.005184 0.007067
0 0.002592 0.003534 0.005184 0.007067
0 0.002592 0.003534 0.005184 0.007067
0 0.002592 0.003534 0.005184 0.007067
0 0.002592 0.003534 0.005184 0.007067
0 0.002592 0.003534 0.005184 0.007067
0 0.002592 0.003534 0.005184 0.007067
0 0.002592 0.003534 0.005184 0.007067
0 0.002592 0.003534 0.005184 0.007067
0 0.002592 0.003534 0.005184 0.007067
0 0.002592 0.003534 0.005184 0.007067
0 0.002592 0.003534 0.005184 0.007067
0 0.002592 0.003534 0.005184 0.007067
0 0.002592 0.003534 0.005184 0.007067
0 0.002592 0.003534 0.005184 0.007067
0 0.002592 0.003534 0.005184 0.007067