0 0.004725 0.006443 0.009450 0.012887
0 0.004725 0.006443 0.009450 0.012887
0 0.004725 0.006443 0.009450 0.012887
0 0.004725 0.006443 0.009450 0.012887
0 0.004725 0.006443 0.009450 0.012887
0 0.004725 0.006443 0.009450 0.012887
0 0.004725 0.006443 0.009450 0.012887
0 0.004725 0.006443 0.009450 0.012887
0 0.004725 0.006443 0.009450 0.012887
0 0.004725 0.006443 0.009450 0.012887
0 0.004725 0.006443 0.009450 0.012887
0 0.004725 0.006443 0.009450 0.012887
0 0.004725 0.006443 0.009450 0.012887
0 0.004725 0.006443 0.009450 0.012887
0 0.004725 0.006443 0.009450 0.012887
0 0.004725 0.006443 0.009450 0.012887
0 0.004725 0.006443 0.009450 0.012887
0 0.005155 0.006443 0.010309 0.012887
0 0.004725 0.006443 0.009450 0.012887
0 0.004725 0.006443 0.009450 0.012887
0 0.004725 0.006443 0.009450 0.012887
0 0.004725 0.006443 0.009450 0.012887
0 0.004725 0.006443 0.009450 0.012887
0 0.004725 0.006443 0.009450 0.012887
0 0.004725 0.006443 0.009450 0.012887
0 0.004725 0.006443 0.009450 0.012887
0 0.004725 0.006443 0.009450 0.012887
0 0.004725 0.006443 0.009450 0.012887
0 0.004725 0.006443 0.009450 0.012887
0 0.004725 0.006443 0.009450 0.012887
0 0.005155 0.006443 0.010309 0.012887
0 0.004725 0.006443 0.009450 0.012887
0 0.004725 0.006443 0.009450 0.012887
0 0.004725 0.006443 0.009450 0.012887
0 0.004725 0.006443 0.009450 0.012887