0 0.005682 0.007342 0.011364 0.014684
0 0.005682 0.008076 0.011364 0.016153
0 0.005682 0.008076 0.011364 0.016153
0 0.005682 0.008076 0.011364 0.016153
0 0.005682 0.007342 0.011364 0.014684
0 0.005682 0.007342 0.011364 0.014684
0 0.005682 0.008076 0.011364 0.016153
0 0.005682 0.008076 0.011364 0.016153
0 0.005682 0.008076 0.011364 0.016153
0 0.005682 0.008076 0.011364 0.016153
0 0.005682 0.007342 0.011364 0.014684
0 0.005682 0.007342 0.011364 0.014684
0 0.005682 0.008076 0.011364 0.016153
0 0.005682 0.008076 0.011364 0.016153
0 0.005682 0.008076 0.011364 0.016153
0 0.005682 0.008076 0.011364 0.016153
0 0.005682 0.007342 0.011364 0.014684
0 0.005682 0.007342 0.011364 0.014684
0 0.005682 0.007342 0.011364 0.014684
0 0.005682 0.007342 0.011364 0.014684
0 0.005682 0.008076 0.011364 0.016153
0 0.005682 0.007342 0.011364 0.014684