0 0.005000 0.008078 0.010000 0.016155
0 0.005000 0.008078 0.010000 0.016155
0 0.005000 0.008078 0.010000 0.016155
0 0.005000 0.008078 0.010000 0.016155
0 0.005000 0.008078 0.010000 0.016155
0 0.005000 0.008078 0.010000 0.016155
0 0.005000 0.008078 0.010000 0.016155
0 0.005000 0.008078 0.010000 0.016155
0 0.005000 0.008078 0.010000 0.016155
0 0.005000 0.008078 0.010000 0.016155
0 0.005000 0.008078 0.010000 0.016155
0 0.005000 0.008078 0.010000 0.016155
0 0.005000 0.008078 0.010000 0.016155
0 0.005000 0.008078 0.010000 0.016155
0 0.005000 0.008078 0.010000 0.016155
0 0.005000 0.008078 0.010000 0.016155