0 0.006875 0.009242 0.013750 0.018484
0 0.006875 0.010166 0.013750 0.020333
0 0.006875 0.009242 0.013750 0.018484
0 0.006875 0.009242 0.013750 0.018484
0 0.006875 0.010166 0.013750 0.020333
0 0.006875 0.009242 0.013750 0.018484
0 0.006875 0.009242 0.013750 0.018484
0 0.006875 0.009242 0.013750 0.018484
0 0.006875 0.009242 0.013750 0.018484
0 0.006875 0.009242 0.013750 0.018484
0 0.006875 0.009242 0.013750 0.018484
0 0.006875 0.009242 0.013750 0.018484
0 0.006875 0.009242 0.013750 0.018484
0 0.006875 0.009242 0.013750 0.018484
0 0.006875 0.010166 0.013750 0.020333
0 0.006875 0.009242 0.013750 0.018484
0 0.006875 0.010166 0.013750 0.020333
0 0.006875 0.009242 0.013750 0.018484
0 0.006875 0.010166 0.013750 0.020333
0 0.006875 0.009242 0.013750 0.018484
0 0.006875 0.009242 0.013750 0.018484
0 0.006875 0.009242 0.013750 0.018484
0 0.006875 0.009242 0.013750 0.018484
0 0.006875 0.009242 0.013750 0.018484
0 0.006875 0.009242 0.013750 0.018484
0 0.006875 0.010166 0.013750 0.020333
0 0.006875 0.009242 0.013750 0.018484
0 0.006875 0.009242 0.013750 0.018484
0 0.006875 0.009242 0.013750 0.018484
0 0.006875 0.009242 0.013750 0.018484
0 0.006875 0.009242 0.013750 0.018484
0 0.006875 0.009242 0.013750 0.018484
0 0.006875 0.009242 0.013750 0.018484
0 0.006875 0.009242 0.013750 0.018484
0 0.006875 0.009242 0.013750 0.018484
0 0.006875 0.009242 0.013750 0.018484
0 0.006875 0.009242 0.013750 0.018484
0 0.006875 0.009242 0.013750 0.018484
0 0.006875 0.009242 0.013750 0.018484
0 0.006875 0.009242 0.013750 0.018484
0 0.006875 0.009242 0.013750 0.018484
0 0.006875 0.009242 0.013750 0.018484
0 0.006875 0.009242 0.013750 0.018484
0 0.006875 0.009242 0.013750 0.018484
0 0.006875 0.009242 0.013750 0.018484
0 0.006875 0.009242 0.013750 0.018484
0 0.006875 0.009242 0.013750 0.018484
0 0.006875 0.010166 0.013750 0.020333