0 0.011000 0.014837 0.022000 0.029674
0 0.011000 0.014837 0.022000 0.029674
0 0.011000 0.014837 0.022000 0.029674
0 0.011000 0.014837 0.022000 0.029674
0 0.011000 0.014837 0.022000 0.029674
0 0.011000 0.014837 0.022000 0.029674
0 0.011000 0.014837 0.022000 0.029674
0 0.011000 0.014837 0.022000 0.029674
0 0.011000 0.014837 0.022000 0.029674
0 0.011000 0.014837 0.022000 0.029674
0 0.011000 0.014837 0.022000 0.029674
0 0.011000 0.014837 0.022000 0.029674
0 0.011000 0.016320 0.022000 0.032641
0 0.011000 0.014837 0.022000 0.029674
0 0.011000 0.014837 0.022000 0.029674
0 0.011000 0.014837 0.022000 0.029674
0 0.011000 0.014837 0.022000 0.029674
0 0.011000 0.014837 0.022000 0.029674
0 0.011000 0.014837 0.022000 0.029674
0 0.011000 0.014837 0.022000 0.029674
0 0.011000 0.014837 0.022000 0.029674
0 0.011000 0.014837 0.022000 0.029674
0 0.011000 0.014837 0.022000 0.029674
0 0.011000 0.014837 0.022000 0.029674
0 0.011000 0.014837 0.022000 0.029674
0 0.011000 0.016320 0.022000 0.032641
0 0.011000 0.014837 0.022000 0.029674
0 0.011000 0.014837 0.022000 0.029674
0 0.011000 0.014837 0.022000 0.029674
0 0.011000 0.014837 0.022000 0.029674
0 0.011000 0.014837 0.022000 0.029674
0 0.011000 0.014837 0.022000 0.029674
0 0.011000 0.014837 0.022000 0.029674
0 0.011000 0.014837 0.022000 0.029674
0 0.011000 0.014837 0.022000 0.029674
0 0.011000 0.014837 0.022000 0.029674
0 0.011000 0.014837 0.022000 0.029674
0 0.011000 0.014837 0.022000 0.029674
0 0.011000 0.014837 0.022000 0.029674
0 0.011000 0.014837 0.022000 0.029674
0 0.011000 0.014837 0.022000 0.029674
0 0.011000 0.014837 0.022000 0.029674
0 0.011000 0.014837 0.022000 0.029674
0 0.011000 0.014837 0.022000 0.029674
0 0.011000 0.014837 0.022000 0.029674
0 0.011000 0.014837 0.022000 0.029674
0 0.011000 0.014837 0.022000 0.029674
0 0.011000 0.014837 0.022000 0.029674
0 0.011000 0.014837 0.022000 0.029674
0 0.011000 0.014837 0.022000 0.029674
0 0.011000 0.014837 0.022000 0.029674
0 0.011000 0.014837 0.022000 0.029674
0 0.011000 0.014837 0.022000 0.029674
0 0.011000 0.014837 0.022000 0.029674
0 0.011000 0.014837 0.022000 0.029674
0 0.011000 0.014837 0.022000 0.029674
0 0.011000 0.014837 0.022000 0.029674