0 0.008871 0.013415 0.017742 0.026829
0 0.010484 0.013415 0.020968 0.026829
0 0.008871 0.012195 0.017742 0.024390
0 0.008871 0.012195 0.017742 0.024390
0 0.010484 0.012195 0.020968 0.024390
0 0.008871 0.012195 0.017742 0.024390
0 0.008871 0.012195 0.017742 0.024390
0 0.008871 0.013415 0.017742 0.026829
0 0.008871 0.013415 0.017742 0.026829
0 0.008871 0.012195 0.017742 0.024390
0 0.008871 0.013415 0.017742 0.026829
0 0.008871 0.012195 0.017742 0.024390
0 0.008871 0.012195 0.017742 0.024390
0 0.008871 0.013415 0.017742 0.026829
0 0.008871 0.013415 0.017742 0.026829
0 0.008871 0.012195 0.017742 0.024390
0 0.008871 0.013415 0.017742 0.026829
0 0.008871 0.013415 0.017742 0.026829
0 0.008871 0.013415 0.017742 0.026829
0 0.010484 0.012195 0.020968 0.024390
0 0.010484 0.013415 0.020968 0.026829
0 0.008871 0.012195 0.017742 0.024390
0 0.008871 0.013415 0.017742 0.026829
0 0.008871 0.012195 0.017742 0.024390
0 0.008871 0.012195 0.017742 0.024390
0 0.008871 0.013415 0.017742 0.026829
0 0.008871 0.012195 0.017742 0.024390
0 0.008871 0.012195 0.017742 0.024390
0 0.008871 0.012195 0.017742 0.024390
0 0.008871 0.012195 0.017742 0.024390
0 0.008871 0.013415 0.017742 0.026829
0 0.008871 0.012195 0.017742 0.024390
0 0.010484 0.013415 0.020968 0.026829
0 0.008871 0.012195 0.017742 0.024390
0 0.010484 0.013415 0.020968 0.026829
0 0.008871 0.013415 0.017742 0.026829
0 0.008871 0.013415 0.017742 0.026829
0 0.008871 0.013415 0.017742 0.026829
0 0.008871 0.013415 0.017742 0.026829
0 0.008871 0.012195 0.017742 0.024390
0 0.008871 0.013415 0.017742 0.026829