0 0.006358 0.011062 0.012717 0.022124
0 0.006358 0.011062 0.012717 0.022124
0 0.006358 0.011062 0.012717 0.022124
0 0.006358 0.011062 0.012717 0.022124
0 0.006358 0.011062 0.012717 0.022124
0 0.006358 0.011062 0.012717 0.022124
0 0.006358 0.011062 0.012717 0.022124
0 0.006358 0.011062 0.012717 0.022124
0 0.006936 0.011062 0.013873 0.022124
0 0.006358 0.011062 0.012717 0.022124
0 0.006358 0.011062 0.012717 0.022124
0 0.006358 0.011062 0.012717 0.022124
0 0.006358 0.011062 0.012717 0.022124
0 0.006358 0.011062 0.012717 0.022124
0 0.006358 0.011062 0.012717 0.022124
0 0.006358 0.011062 0.012717 0.022124
0 0.006358 0.011062 0.012717 0.022124
0 0.006358 0.011062 0.012717 0.022124
0 0.006358 0.011062 0.012717 0.022124
0 0.006358 0.011062 0.012717 0.022124
0 0.006358 0.011062 0.012717 0.022124
0 0.006358 0.011062 0.012717 0.022124
0 0.006358 0.011062 0.012717 0.022124
0 0.006358 0.011062 0.012717 0.022124
0 0.006358 0.011062 0.012717 0.022124
0 0.006358 0.011062 0.012717 0.022124
0 0.006358 0.011062 0.012717 0.022124
0 0.006358 0.011062 0.012717 0.022124
0 0.006358 0.011062 0.012717 0.022124
0 0.006358 0.011062 0.012717 0.022124
0 0.006936 0.011062 0.013873 0.022124
0 0.006358 0.011062 0.012717 0.022124
0 0.006358 0.011062 0.012717 0.022124
0 0.006358 0.011062 0.012717 0.022124
0 0.006358 0.011062 0.012717 0.022124
0 0.006358 0.011062 0.012717 0.022124
0 0.006358 0.011062 0.012717 0.022124
0 0.006358 0.011062 0.012717 0.022124
0 0.006358 0.011062 0.012717 0.022124