0 0.007060 0.012953 0.014121 0.025907
0 0.007060 0.012953 0.014121 0.025907
0 0.007060 0.012953 0.014121 0.025907
0 0.007060 0.012953 0.014121 0.025907
0 0.007060 0.012953 0.014121 0.025907
0 0.007060 0.012953 0.014121 0.025907
0 0.007060 0.012953 0.014121 0.025907
0 0.007060 0.012953 0.014121 0.025907
0 0.007060 0.012953 0.014121 0.025907
0 0.007060 0.012953 0.014121 0.025907
0 0.007060 0.012953 0.014121 0.025907
0 0.007060 0.012953 0.014121 0.025907
0 0.007060 0.012953 0.014121 0.025907
0 0.007060 0.012953 0.014121 0.025907
0 0.007060 0.012953 0.014121 0.025907
0 0.007060 0.012953 0.014121 0.025907
0 0.007060 0.012953 0.014121 0.025907
0 0.007060 0.012953 0.014121 0.025907
0 0.007060 0.012953 0.014121 0.025907