0 0.005705 0.007788 0.011411 0.015576
0 0.005705 0.007788 0.011411 0.015576
0 0.005705 0.007788 0.011411 0.015576
0 0.005705 0.007788 0.011411 0.015576
0 0.005705 0.007788 0.011411 0.015576
0 0.005705 0.007788 0.011411 0.015576
0 0.005705 0.007788 0.011411 0.015576
0 0.005705 0.007788 0.011411 0.015576
0 0.005705 0.007788 0.011411 0.015576
0 0.005705 0.008567 0.011411 0.017134
0 0.005705 0.007788 0.011411 0.015576
0 0.005705 0.008567 0.011411 0.017134
0 0.005705 0.007788 0.011411 0.015576
0 0.005705 0.007788 0.011411 0.015576
0 0.005705 0.007788 0.011411 0.015576
0 0.005705 0.007788 0.011411 0.015576
0 0.005705 0.007788 0.011411 0.015576
0 0.005705 0.007788 0.011411 0.015576
0 0.005705 0.007788 0.011411 0.015576
0 0.005705 0.007788 0.011411 0.015576