0 0.007333 0.008897 0.014667 0.017794
0 0.007333 0.008897 0.014667 0.017794
0 0.007333 0.009786 0.014667 0.019573
0 0.007333 0.008897 0.014667 0.017794
0 0.007333 0.008897 0.014667 0.017794
0 0.007333 0.009786 0.014667 0.019573
0 0.007333 0.009786 0.014667 0.019573
0 0.007333 0.008897 0.014667 0.017794
0 0.007333 0.009786 0.014667 0.019573
0 0.007333 0.008897 0.014667 0.017794
0 0.007333 0.008897 0.014667 0.017794
0 0.007333 0.009786 0.014667 0.019573
0 0.007333 0.008897 0.014667 0.017794
0 0.007333 0.008897 0.014667 0.017794
0 0.007333 0.008897 0.014667 0.017794
0 0.007333 0.008897 0.014667 0.017794
0 0.007333 0.009786 0.014667 0.019573
0 0.007333 0.008897 0.014667 0.017794
0 0.007333 0.008897 0.014667 0.017794
0 0.007333 0.008897 0.014667 0.017794
0 0.007333 0.008897 0.014667 0.017794
0 0.007333 0.009786 0.014667 0.019573
0 0.007333 0.009786 0.014667 0.019573
0 0.007333 0.009786 0.014667 0.019573
0 0.007333 0.009786 0.014667 0.019573
0 0.007333 0.008897 0.014667 0.017794
0 0.007333 0.008897 0.014667 0.017794
0 0.007333 0.009786 0.014667 0.019573
0 0.007333 0.008897 0.014667 0.017794
0 0.007333 0.008897 0.014667 0.017794