0 0.005500 0.003333 0.011000 0.006667
0 0.005500 0.003667 0.011000 0.007333
0 0.005500 0.003667 0.011000 0.007333
0 0.005500 0.003667 0.011000 0.007333
0 0.005500 0.003667 0.011000 0.007333
0 0.005500 0.003667 0.011000 0.007333
0 0.005500 0.003667 0.011000 0.007333
0 0.005500 0.003667 0.011000 0.007333
0 0.005500 0.003667 0.011000 0.007333
0 0.005500 0.003667 0.011000 0.007333
0 0.005500 0.003667 0.011000 0.007333
0 0.005500 0.003667 0.011000 0.007333
0 0.005500 0.003667 0.011000 0.007333
0 0.005500 0.003667 0.011000 0.007333
0 0.005500 0.003667 0.011000 0.007333
0 0.005500 0.003667 0.011000 0.007333
0 0.005500 0.003667 0.011000 0.007333
0 0.005500 0.003667 0.011000 0.007333
0 0.005500 0.003667 0.011000 0.007333
0 0.005500 0.003667 0.011000 0.007333
0 0.005500 0.003667 0.011000 0.007333
0 0.005500 0.003667 0.011000 0.007333
0 0.005500 0.003667 0.011000 0.007333
0 0.005500 0.003667 0.011000 0.007333
0 0.005500 0.003667 0.011000 0.007333
0 0.005500 0.003667 0.011000 0.007333
0 0.005500 0.003667 0.011000 0.007333
0 0.005500 0.003667 0.011000 0.007333
0 0.005500 0.003667 0.011000 0.007333
0 0.005500 0.003333 0.011000 0.006667
0 0.005500 0.003667 0.011000 0.007333
0 0.005500 0.003667 0.011000 0.007333
0 0.005500 0.003333 0.011000 0.006667
0 0.005500 0.003667 0.011000 0.007333
0 0.005500 0.003667 0.011000 0.007333
0 0.005500 0.003667 0.011000 0.007333
0 0.005500 0.003667 0.011000 0.007333
0 0.005500 0.003333 0.011000 0.006667
0 0.005500 0.003667 0.011000 0.007333
0 0.005500 0.003667 0.011000 0.007333
0 0.005500 0.003333 0.011000 0.006667
0 0.005500 0.003667 0.011000 0.007333
0 0.005500 0.003667 0.011000 0.007333
0 0.005500 0.003667 0.011000 0.007333
0 0.005500 0.003667 0.011000 0.007333
0 0.005500 0.003333 0.011000 0.006667
0 0.005500 0.003333 0.011000 0.006667
0 0.005500 0.003667 0.011000 0.007333
0 0.005500 0.003333 0.011000 0.006667
0 0.005500 0.003667 0.011000 0.007333
0 0.005500 0.003667 0.011000 0.007333
0 0.005500 0.003667 0.011000 0.007333
0 0.005500 0.003667 0.011000 0.007333
0 0.005500 0.003667 0.011000 0.007333
0 0.005500 0.003667 0.011000 0.007333
0 0.005500 0.003667 0.011000 0.007333
0 0.005500 0.003667 0.011000 0.007333
0 0.005500 0.003667 0.011000 0.007333
0 0.005500 0.003667 0.011000 0.007333
0 0.005500 0.003667 0.011000 0.007333
0 0.005500 0.003667 0.011000 0.007333
0 0.005500 0.003667 0.011000 0.007333
0 0.005500 0.003667 0.011000 0.007333