0 0.009167 0.011792 0.018333 0.023585
0 0.009167 0.011792 0.018333 0.023585
0 0.009167 0.011792 0.018333 0.023585
0 0.009167 0.011792 0.018333 0.023585
0 0.009167 0.011792 0.018333 0.023585
0 0.009167 0.011792 0.018333 0.023585
0 0.009167 0.011792 0.018333 0.023585
0 0.009167 0.011792 0.018333 0.023585
0 0.009167 0.011792 0.018333 0.023585
0 0.009167 0.011792 0.018333 0.023585
0 0.010000 0.011792 0.020000 0.023585
0 0.009167 0.011792 0.018333 0.023585
0 0.009167 0.011792 0.018333 0.023585
0 0.009167 0.011792 0.018333 0.023585
0 0.009167 0.011792 0.018333 0.023585
0 0.009167 0.011792 0.018333 0.023585
0 0.010000 0.011792 0.020000 0.023585
0 0.009167 0.011792 0.018333 0.023585
0 0.009167 0.011792 0.018333 0.023585
0 0.009167 0.011792 0.018333 0.023585
0 0.009167 0.011792 0.018333 0.023585
0 0.009167 0.011792 0.018333 0.023585
0 0.009167 0.011792 0.018333 0.023585
0 0.009167 0.011792 0.018333 0.023585
0 0.009167 0.011792 0.018333 0.023585
0 0.009167 0.011792 0.018333 0.023585
0 0.009167 0.011792 0.018333 0.023585
0 0.009167 0.011792 0.018333 0.023585
0 0.009167 0.011792 0.018333 0.023585
0 0.009167 0.011792 0.018333 0.023585
0 0.009167 0.011792 0.018333 0.023585
0 0.009167 0.011792 0.018333 0.023585
0 0.009167 0.011792 0.018333 0.023585
0 0.009167 0.011792 0.018333 0.023585
0 0.009167 0.011792 0.018333 0.023585
0 0.009167 0.011792 0.018333 0.023585
0 0.009167 0.011792 0.018333 0.023585
0 0.009167 0.011792 0.018333 0.023585
0 0.009167 0.011792 0.018333 0.023585
0 0.009167 0.011792 0.018333 0.023585
0 0.009167 0.011792 0.018333 0.023585
0 0.009167 0.011792 0.018333 0.023585
0 0.009167 0.011792 0.018333 0.023585
0 0.009167 0.011792 0.018333 0.023585
0 0.009167 0.011792 0.018333 0.023585
0 0.009167 0.011792 0.018333 0.023585
0 0.009167 0.011792 0.018333 0.023585
0 0.009167 0.011792 0.018333 0.023585
0 0.009167 0.011792 0.018333 0.023585
0 0.009167 0.011792 0.018333 0.023585
0 0.009167 0.011792 0.018333 0.023585
0 0.009167 0.011792 0.018333 0.023585
0 0.009167 0.011792 0.018333 0.023585
0 0.009167 0.011792 0.018333 0.023585
0 0.009167 0.011792 0.018333 0.023585
0 0.009167 0.011792 0.018333 0.023585
0 0.009167 0.011792 0.018333 0.023585
0 0.009167 0.011792 0.018333 0.023585
0 0.009167 0.011792 0.018333 0.023585
0 0.009167 0.011792 0.018333 0.023585
0 0.009167 0.011792 0.018333 0.023585
0 0.009167 0.011792 0.018333 0.023585
0 0.009167 0.011792 0.018333 0.023585
0 0.009167 0.011792 0.018333 0.023585
0 0.009167 0.011792 0.018333 0.023585
0 0.009167 0.011792 0.018333 0.023585
0 0.009167 0.011792 0.018333 0.023585
0 0.009167 0.011792 0.018333 0.023585
0 0.009167 0.011792 0.018333 0.023585
0 0.009167 0.011792 0.018333 0.023585
0 0.010000 0.011792 0.020000 0.023585
0 0.009167 0.011792 0.018333 0.023585
0 0.009167 0.011792 0.018333 0.023585
0 0.010000 0.011792 0.020000 0.023585
0 0.009167 0.011792 0.018333 0.023585
0 0.009167 0.011792 0.018333 0.023585
0 0.009167 0.011792 0.018333 0.023585
0 0.009167 0.011792 0.018333 0.023585
0 0.009167 0.011792 0.018333 0.023585
0 0.009167 0.011792 0.018333 0.023585
0 0.009167 0.011792 0.018333 0.023585
0 0.009167 0.011792 0.018333 0.023585
0 0.009167 0.011792 0.018333 0.023585
0 0.009167 0.011792 0.018333 0.023585
0 0.009167 0.011792 0.018333 0.023585
0 0.009167 0.011792 0.018333 0.023585
0 0.009167 0.011792 0.018333 0.023585
0 0.009167 0.011792 0.018333 0.023585
0 0.009167 0.011792 0.018333 0.023585
0 0.009167 0.011792 0.018333 0.023585
0 0.009167 0.011792 0.018333 0.023585
0 0.009167 0.011792 0.018333 0.023585
0 0.009167 0.011792 0.018333 0.023585
0 0.009167 0.011792 0.018333 0.023585
0 0.009167 0.011792 0.018333 0.023585