0 0.007333 0.010000 0.014667 0.020000
0 0.007333 0.010000 0.014667 0.020000
0 0.007333 0.010000 0.014667 0.020000
0 0.007333 0.010000 0.014667 0.020000
0 0.007333 0.010000 0.014667 0.020000
0 0.007333 0.010000 0.014667 0.020000
0 0.007333 0.010000 0.014667 0.020000
0 0.007333 0.010000 0.014667 0.020000
0 0.007333 0.010000 0.014667 0.020000
0 0.007333 0.010000 0.014667 0.020000
0 0.007333 0.010000 0.014667 0.020000
0 0.007333 0.010000 0.014667 0.020000
0 0.007333 0.010000 0.014667 0.020000
0 0.007333 0.010000 0.014667 0.020000
0 0.007333 0.010000 0.014667 0.020000
0 0.007333 0.010000 0.014667 0.020000
0 0.007333 0.010000 0.014667 0.020000
0 0.007333 0.010000 0.014667 0.020000
0 0.007333 0.010000 0.014667 0.020000
0 0.007333 0.010000 0.014667 0.020000
0 0.007333 0.010000 0.014667 0.020000
0 0.007333 0.010000 0.014667 0.020000
0 0.007333 0.010000 0.014667 0.020000
0 0.007333 0.010000 0.014667 0.020000
0 0.007333 0.010000 0.014667 0.020000
0 0.008000 0.010000 0.016000 0.020000
0 0.007333 0.010000 0.014667 0.020000
0 0.007333 0.010000 0.014667 0.020000
0 0.007333 0.010000 0.014667 0.020000
0 0.007333 0.010000 0.014667 0.020000
0 0.007333 0.010000 0.014667 0.020000
0 0.007333 0.010000 0.014667 0.020000
0 0.007333 0.010000 0.014667 0.020000
0 0.007333 0.010000 0.014667 0.020000
0 0.007333 0.010000 0.014667 0.020000
0 0.007333 0.010000 0.014667 0.020000
0 0.007333 0.010000 0.014667 0.020000
0 0.007333 0.010000 0.014667 0.020000
0 0.007333 0.010000 0.014667 0.020000
0 0.007333 0.010000 0.014667 0.020000
0 0.007333 0.010000 0.014667 0.020000
0 0.007333 0.010000 0.014667 0.020000
0 0.007333 0.010000 0.014667 0.020000
0 0.007333 0.010000 0.014667 0.020000
0 0.007333 0.010000 0.014667 0.020000
0 0.007333 0.010000 0.014667 0.020000
0 0.007333 0.010000 0.014667 0.020000
0 0.007333 0.010000 0.014667 0.020000
0 0.007333 0.010000 0.014667 0.020000
0 0.007333 0.010000 0.014667 0.020000
0 0.007333 0.010000 0.014667 0.020000
0 0.007333 0.010000 0.014667 0.020000
0 0.007333 0.010000 0.014667 0.020000
0 0.007333 0.010000 0.014667 0.020000
0 0.007333 0.010000 0.014667 0.020000
0 0.007333 0.010000 0.014667 0.020000
0 0.007333 0.010000 0.014667 0.020000
0 0.007333 0.010000 0.014667 0.020000
0 0.007333 0.010000 0.014667 0.020000
0 0.007333 0.010000 0.014667 0.020000
0 0.007333 0.010000 0.014667 0.020000
0 0.007333 0.010000 0.014667 0.020000
0 0.007333 0.010000 0.014667 0.020000
0 0.007333 0.010000 0.014667 0.020000
0 0.007333 0.010000 0.014667 0.020000
0 0.007333 0.010000 0.014667 0.020000
0 0.007333 0.010000 0.014667 0.020000
0 0.007333 0.010000 0.014667 0.020000
0 0.007333 0.010000 0.014667 0.020000
0 0.007333 0.010000 0.014667 0.020000
0 0.007333 0.010000 0.014667 0.020000
0 0.007333 0.010000 0.014667 0.020000
0 0.007333 0.010000 0.014667 0.020000
0 0.007333 0.010000 0.014667 0.020000
0 0.007333 0.010000 0.014667 0.020000
0 0.007333 0.010000 0.014667 0.020000
0 0.007333 0.010000 0.014667 0.020000
0 0.008000 0.010000 0.016000 0.020000
0 0.007333 0.010000 0.014667 0.020000
0 0.007333 0.010000 0.014667 0.020000
0 0.007333 0.010000 0.014667 0.020000
0 0.007333 0.010000 0.014667 0.020000
0 0.007333 0.010000 0.014667 0.020000
0 0.007333 0.010000 0.014667 0.020000
0 0.007333 0.010000 0.014667 0.020000
0 0.007333 0.010000 0.014667 0.020000