0 0.003313 0.006410 0.006627 0.012821
0 0.003313 0.006410 0.006627 0.012821
0 0.003313 0.006410 0.006627 0.012821
0 0.003313 0.006410 0.006627 0.012821
0 0.003313 0.006410 0.006627 0.012821
0 0.003313 0.006410 0.006627 0.012821
0 0.003313 0.006410 0.006627 0.012821
0 0.003313 0.006410 0.006627 0.012821
0 0.003313 0.006410 0.006627 0.012821
0 0.003313 0.006410 0.006627 0.012821
0 0.003313 0.006410 0.006627 0.012821
0 0.003313 0.006410 0.006627 0.012821
0 0.003313 0.006410 0.006627 0.012821
0 0.003313 0.006410 0.006627 0.012821
0 0.003313 0.006410 0.006627 0.012821
0 0.003313 0.006410 0.006627 0.012821
0 0.003313 0.006410 0.006627 0.012821
0 0.003313 0.006410 0.006627 0.012821
0 0.003313 0.006410 0.006627 0.012821
0 0.003313 0.006410 0.006627 0.012821
0 0.003313 0.006410 0.006627 0.012821
0 0.003313 0.006410 0.006627 0.012821
0 0.003313 0.006410 0.006627 0.012821
0 0.003313 0.006410 0.006627 0.012821
0 0.003313 0.006410 0.006627 0.012821
0 0.003313 0.006410 0.006627 0.012821
0 0.003313 0.006410 0.006627 0.012821
0 0.003313 0.006410 0.006627 0.012821
0 0.003313 0.006410 0.006627 0.012821
0 0.003313 0.006410 0.006627 0.012821
0 0.003313 0.006410 0.006627 0.012821
0 0.003313 0.006410 0.006627 0.012821
0 0.003313 0.006410 0.006627 0.012821
0 0.003313 0.006410 0.006627 0.012821
0 0.003313 0.006410 0.006627 0.012821
0 0.003313 0.006410 0.006627 0.012821
0 0.003313 0.006410 0.006627 0.012821
0 0.003313 0.006410 0.006627 0.012821
0 0.003313 0.006410 0.006627 0.012821
0 0.003313 0.006410 0.006627 0.012821