0 0.011000 0.014881 0.022000 0.029762
0 0.011000 0.014881 0.022000 0.029762
0 0.011000 0.014881 0.022000 0.029762
0 0.011000 0.014881 0.022000 0.029762
0 0.011000 0.014881 0.022000 0.029762
0 0.011000 0.014881 0.022000 0.029762
0 0.011000 0.014881 0.022000 0.029762
0 0.011000 0.014881 0.022000 0.029762
0 0.011000 0.014881 0.022000 0.029762
0 0.011000 0.014881 0.022000 0.029762
0 0.011000 0.014881 0.022000 0.029762
0 0.011000 0.014881 0.022000 0.029762
0 0.011000 0.014881 0.022000 0.029762
0 0.011000 0.014881 0.022000 0.029762
0 0.011000 0.014881 0.022000 0.029762
0 0.011000 0.014881 0.022000 0.029762
0 0.011000 0.014881 0.022000 0.029762
0 0.011000 0.014881 0.022000 0.029762
0 0.011000 0.014881 0.022000 0.029762
0 0.011000 0.014881 0.022000 0.029762
0 0.011000 0.014881 0.022000 0.029762