0 0.002865 0.003900 0.005729 0.007800
0 0.002865 0.004290 0.005729 0.008580
0 0.002865 0.004290 0.005729 0.008580
0 0.002865 0.004290 0.005729 0.008580
0 0.003385 0.004290 0.006771 0.008580
0 0.002865 0.004290 0.005729 0.008580
0 0.002865 0.004290 0.005729 0.008580
0 0.002865 0.004290 0.005729 0.008580
0 0.002865 0.004290 0.005729 0.008580
0 0.002865 0.004290 0.005729 0.008580
0 0.002865 0.004290 0.005729 0.008580
0 0.003385 0.004290 0.006771 0.008580
0 0.002865 0.004290 0.005729 0.008580
0 0.002865 0.004290 0.005729 0.008580