0 0.006790 0.009259 0.013580 0.018519
0 0.006790 0.010185 0.013580 0.020370
0 0.006790 0.010185 0.013580 0.020370
0 0.006790 0.010185 0.013580 0.020370
0 0.006790 0.010185 0.013580 0.020370
0 0.006790 0.010185 0.013580 0.020370
0 0.006790 0.009259 0.013580 0.018519
0 0.006790 0.009259 0.013580 0.018519
0 0.006790 0.010185 0.013580 0.020370
0 0.006790 0.009259 0.013580 0.018519
0 0.006790 0.010185 0.013580 0.020370
0 0.006790 0.010185 0.013580 0.020370
0 0.006790 0.009259 0.013580 0.018519
0 0.006790 0.009259 0.013580 0.018519
0 0.006790 0.010185 0.013580 0.020370
0 0.006790 0.009259 0.013580 0.018519
0 0.006790 0.009259 0.013580 0.018519
0 0.006790 0.009259 0.013580 0.018519
0 0.006790 0.010185 0.013580 0.020370
0 0.006790 0.010185 0.013580 0.020370
0 0.006790 0.010185 0.013580 0.020370
0 0.006790 0.010185 0.013580 0.020370
0 0.006790 0.010185 0.013580 0.020370
0 0.006790 0.010185 0.013580 0.020370
0 0.006790 0.010185 0.013580 0.020370
0 0.006790 0.009259 0.013580 0.018519
0 0.006790 0.009259 0.013580 0.018519
0 0.006790 0.009259 0.013580 0.018519
0 0.006790 0.010185 0.013580 0.020370
0 0.006790 0.010185 0.013580 0.020370
0 0.006790 0.010185 0.013580 0.020370
0 0.006790 0.009259 0.013580 0.018519
0 0.006790 0.010185 0.013580 0.020370
0 0.006790 0.009259 0.013580 0.018519
0 0.006790 0.009259 0.013580 0.018519
0 0.006790 0.010185 0.013580 0.020370
0 0.006790 0.010185 0.013580 0.020370
0 0.006790 0.009259 0.013580 0.018519
0 0.006790 0.009259 0.013580 0.018519
0 0.006790 0.009259 0.013580 0.018519
0 0.006790 0.009259 0.013580 0.018519
0 0.006790 0.009259 0.013580 0.018519
0 0.006790 0.009259 0.013580 0.018519
0 0.006790 0.010185 0.013580 0.020370
0 0.006790 0.009259 0.013580 0.018519
0 0.006790 0.010185 0.013580 0.020370
0 0.006790 0.009259 0.013580 0.018519
0 0.006790 0.010185 0.013580 0.020370
0 0.006790 0.009259 0.013580 0.018519
0 0.006790 0.010185 0.013580 0.020370
0 0.006790 0.009259 0.013580 0.018519
0 0.006790 0.009259 0.013580 0.018519
0 0.006790 0.009259 0.013580 0.018519
0 0.006790 0.010185 0.013580 0.020370
0 0.006790 0.009259 0.013580 0.018519
0 0.006790 0.009259 0.013580 0.018519
0 0.006790 0.009259 0.013580 0.018519
0 0.006790 0.009259 0.013580 0.018519
0 0.006790 0.009259 0.013580 0.018519
0 0.006790 0.010185 0.013580 0.020370
0 0.006790 0.009259 0.013580 0.018519
0 0.006790 0.010185 0.013580 0.020370
0 0.006790 0.010185 0.013580 0.020370
0 0.006790 0.009259 0.013580 0.018519
0 0.006790 0.010185 0.013580 0.020370
0 0.006790 0.010185 0.013580 0.020370
0 0.006790 0.010185 0.013580 0.020370
0 0.006790 0.009259 0.013580 0.018519
0 0.006790 0.010185 0.013580 0.020370
0 0.006790 0.010185 0.013580 0.020370
0 0.006790 0.009259 0.013580 0.018519
0 0.006790 0.010185 0.013580 0.020370
0 0.006790 0.009259 0.013580 0.018519
0 0.006790 0.009259 0.013580 0.018519
0 0.006790 0.010185 0.013580 0.020370
0 0.006790 0.010185 0.013580 0.020370
0 0.006790 0.010185 0.013580 0.020370
0 0.006790 0.009259 0.013580 0.018519
0 0.006790 0.009259 0.013580 0.018519
0 0.006790 0.010185 0.013580 0.020370
0 0.006790 0.010185 0.013580 0.020370
0 0.006790 0.010185 0.013580 0.020370
0 0.006790 0.010185 0.013580 0.020370
0 0.006790 0.010185 0.013580 0.020370
0 0.006790 0.010185 0.013580 0.020370
0 0.006790 0.009259 0.013580 0.018519
0 0.006790 0.009259 0.013580 0.018519
0 0.006790 0.009259 0.013580 0.018519
0 0.006790 0.010185 0.013580 0.020370
0 0.006790 0.010185 0.013580 0.020370
0 0.006790 0.010185 0.013580 0.020370
0 0.006790 0.009259 0.013580 0.018519
0 0.006790 0.009259 0.013580 0.018519
0 0.006790 0.009259 0.013580 0.018519
0 0.006790 0.010185 0.013580 0.020370
0 0.006790 0.010185 0.013580 0.020370
0 0.006790 0.010185 0.013580 0.020370