0 0.011905 0.016234 0.023810 0.032468
0 0.011905 0.016234 0.023810 0.032468
0 0.011905 0.016234 0.023810 0.032468
0 0.011905 0.016234 0.023810 0.032468
0 0.011905 0.016234 0.023810 0.032468
0 0.011905 0.016234 0.023810 0.032468
0 0.011905 0.016234 0.023810 0.032468
0 0.011905 0.016234 0.023810 0.032468
0 0.011905 0.016234 0.023810 0.032468
0 0.011905 0.016234 0.023810 0.032468
0 0.011905 0.016234 0.023810 0.032468
0 0.011905 0.016234 0.023810 0.032468
0 0.011905 0.016234 0.023810 0.032468
0 0.011905 0.016234 0.023810 0.032468
0 0.011905 0.016234 0.023810 0.032468
0 0.011905 0.016234 0.023810 0.032468
0 0.011905 0.016234 0.023810 0.032468
0 0.011905 0.016234 0.023810 0.032468
0 0.011905 0.016234 0.023810 0.032468
0 0.011905 0.016234 0.023810 0.032468