0 0.007161 0.009597 0.014323 0.019194
0 0.007161 0.009597 0.014323 0.019194
0 0.007161 0.009597 0.014323 0.019194
0 0.007161 0.009597 0.014323 0.019194
0 0.007161 0.009597 0.014323 0.019194
0 0.007161 0.009597 0.014323 0.019194
0 0.007161 0.009597 0.014323 0.019194
0 0.007161 0.009597 0.014323 0.019194
0 0.007161 0.009597 0.014323 0.019194
0 0.007161 0.009597 0.014323 0.019194
0 0.007161 0.009597 0.014323 0.019194
0 0.007161 0.009597 0.014323 0.019194
0 0.007161 0.009597 0.014323 0.019194
0 0.007161 0.009597 0.014323 0.019194
0 0.007161 0.009597 0.014323 0.019194
0 0.007161 0.009597 0.014323 0.019194
0 0.007161 0.009597 0.014323 0.019194
0 0.007161 0.009597 0.014323 0.019194
0 0.007161 0.009597 0.014323 0.019194
0 0.007161 0.009597 0.014323 0.019194
0 0.007161 0.009597 0.014323 0.019194
0 0.007161 0.009597 0.014323 0.019194
0 0.007161 0.009597 0.014323 0.019194
0 0.007161 0.009597 0.014323 0.019194
0 0.007161 0.009597 0.014323 0.019194
0 0.007161 0.009597 0.014323 0.019194
0 0.007161 0.009597 0.014323 0.019194
0 0.007161 0.009597 0.014323 0.019194
0 0.007161 0.009597 0.014323 0.019194
0 0.007161 0.009597 0.014323 0.019194
0 0.007161 0.009597 0.014323 0.019194
0 0.007161 0.009597 0.014323 0.019194
0 0.007161 0.009597 0.014323 0.019194