0 0.013415 0.016234 0.026829 0.032468
0 0.013415 0.016234 0.026829 0.032468
0 0.013415 0.016234 0.026829 0.032468
0 0.013415 0.016234 0.026829 0.032468
0 0.013415 0.016234 0.026829 0.032468
0 0.013415 0.016234 0.026829 0.032468
0 0.013415 0.016234 0.026829 0.032468
0 0.013415 0.016234 0.026829 0.032468
0 0.013415 0.016234 0.026829 0.032468
0 0.013415 0.016234 0.026829 0.032468
0 0.013415 0.016234 0.026829 0.032468
0 0.013415 0.016234 0.026829 0.032468
0 0.013415 0.016234 0.026829 0.032468
0 0.013415 0.016234 0.026829 0.032468
0 0.013415 0.016234 0.026829 0.032468
0 0.013415 0.016234 0.026829 0.032468
0 0.013415 0.016234 0.026829 0.032468
0 0.013415 0.016234 0.026829 0.032468
0 0.013415 0.016234 0.026829 0.032468
0 0.013415 0.016234 0.026829 0.032468
0 0.015854 0.016234 0.031707 0.032468
0 0.013415 0.016234 0.026829 0.032468
0 0.013415 0.016234 0.026829 0.032468
0 0.013415 0.016234 0.026829 0.032468
0 0.013415 0.016234 0.026829 0.032468
0 0.013415 0.016234 0.026829 0.032468
0 0.013415 0.016234 0.026829 0.032468
0 0.013415 0.016234 0.026829 0.032468
0 0.015854 0.016234 0.031707 0.032468
0 0.013415 0.016234 0.026829 0.032468
0 0.013415 0.016234 0.026829 0.032468
0 0.013415 0.016234 0.026829 0.032468
0 0.013415 0.016234 0.026829 0.032468
0 0.013415 0.016234 0.026829 0.032468
0 0.013415 0.016234 0.026829 0.032468
0 0.013415 0.016234 0.026829 0.032468
0 0.013415 0.016234 0.026829 0.032468
0 0.013415 0.016234 0.026829 0.032468
0 0.013415 0.016234 0.026829 0.032468
0 0.013415 0.016234 0.026829 0.032468
0 0.013415 0.016234 0.026829 0.032468
0 0.013415 0.016234 0.026829 0.032468
0 0.013415 0.016234 0.026829 0.032468
0 0.013415 0.016234 0.026829 0.032468
0 0.013415 0.016234 0.026829 0.032468
0 0.013415 0.016234 0.026829 0.032468
0 0.013415 0.016234 0.026829 0.032468
0 0.013415 0.016234 0.026829 0.032468
0 0.013415 0.016234 0.026829 0.032468
0 0.013415 0.016234 0.026829 0.032468
0 0.013415 0.016234 0.026829 0.032468
0 0.013415 0.016234 0.026829 0.032468
0 0.013415 0.016234 0.026829 0.032468
0 0.013415 0.016234 0.026829 0.032468
0 0.013415 0.016234 0.026829 0.032468
0 0.013415 0.016234 0.026829 0.032468
0 0.013415 0.016234 0.026829 0.032468
0 0.013415 0.016234 0.026829 0.032468
0 0.013415 0.016234 0.026829 0.032468