0 0.011957 0.019305 0.023913 0.038610
0 0.011957 0.019305 0.023913 0.038610
0 0.011957 0.019305 0.023913 0.038610
0 0.011957 0.019305 0.023913 0.038610
0 0.011957 0.019305 0.023913 0.038610
0 0.011957 0.019305 0.023913 0.038610
0 0.011957 0.019305 0.023913 0.038610
0 0.011957 0.019305 0.023913 0.038610
0 0.011957 0.019305 0.023913 0.038610
0 0.011957 0.019305 0.023913 0.038610
0 0.011957 0.019305 0.023913 0.038610
0 0.011957 0.019305 0.023913 0.038610
0 0.011957 0.019305 0.023913 0.038610
0 0.011957 0.019305 0.023913 0.038610
0 0.011957 0.019305 0.023913 0.038610
0 0.011957 0.019305 0.023913 0.038610
0 0.011957 0.019305 0.023913 0.038610
0 0.011957 0.019305 0.023913 0.038610
0 0.011957 0.019305 0.023913 0.038610
0 0.011957 0.019305 0.023913 0.038610
0 0.011957 0.019305 0.023913 0.038610
0 0.011957 0.019305 0.023913 0.038610
0 0.011957 0.019305 0.023913 0.038610
0 0.011957 0.019305 0.023913 0.038610
0 0.011957 0.019305 0.023913 0.038610
0 0.011957 0.019305 0.023913 0.038610
0 0.011957 0.019305 0.023913 0.038610
0 0.011957 0.019305 0.023913 0.038610
0 0.011957 0.019305 0.023913 0.038610
0 0.011957 0.019305 0.023913 0.038610
0 0.011957 0.019305 0.023913 0.038610
0 0.011957 0.019305 0.023913 0.038610
0 0.011957 0.019305 0.023913 0.038610
0 0.011957 0.019305 0.023913 0.038610
0 0.011957 0.019305 0.023913 0.038610
0 0.011957 0.019305 0.023913 0.038610
0 0.011957 0.019305 0.023913 0.038610
0 0.011957 0.019305 0.023913 0.038610
0 0.011957 0.019305 0.023913 0.038610
0 0.011957 0.019305 0.023913 0.038610
0 0.011957 0.019305 0.023913 0.038610
0 0.014130 0.019305 0.028261 0.038610
0 0.011957 0.019305 0.023913 0.038610
0 0.011957 0.019305 0.023913 0.038610
0 0.011957 0.019305 0.023913 0.038610
0 0.011957 0.019305 0.023913 0.038610
0 0.011957 0.019305 0.023913 0.038610
0 0.011957 0.019305 0.023913 0.038610
0 0.011957 0.019305 0.023913 0.038610
0 0.011957 0.019305 0.023913 0.038610
0 0.014130 0.019305 0.028261 0.038610
0 0.011957 0.019305 0.023913 0.038610
0 0.011957 0.019305 0.023913 0.038610
0 0.011957 0.019305 0.023913 0.038610
0 0.011957 0.019305 0.023913 0.038610
0 0.011957 0.019305 0.023913 0.038610
0 0.011957 0.019305 0.023913 0.038610
0 0.011957 0.019305 0.023913 0.038610
0 0.011957 0.019305 0.023913 0.038610
0 0.011957 0.019305 0.023913 0.038610
0 0.011957 0.019305 0.023913 0.038610
0 0.011957 0.019305 0.023913 0.038610