0 0.013750 0.020599 0.027500 0.041199
0 0.013750 0.020599 0.027500 0.041199
0 0.013750 0.020599 0.027500 0.041199
0 0.013750 0.020599 0.027500 0.041199
0 0.013750 0.018727 0.027500 0.037453
0 0.013750 0.020599 0.027500 0.041199
0 0.013750 0.018727 0.027500 0.037453
0 0.013750 0.018727 0.027500 0.037453
0 0.013750 0.020599 0.027500 0.041199
0 0.013750 0.020599 0.027500 0.041199
0 0.013750 0.020599 0.027500 0.041199
0 0.013750 0.018727 0.027500 0.037453
0 0.013750 0.020599 0.027500 0.041199
0 0.013750 0.020599 0.027500 0.041199
0 0.013750 0.020599 0.027500 0.041199
0 0.013750 0.020599 0.027500 0.041199
0 0.013750 0.018727 0.027500 0.037453
0 0.013750 0.020599 0.027500 0.041199
0 0.013750 0.018727 0.027500 0.037453
0 0.013750 0.020599 0.027500 0.041199
0 0.013750 0.018727 0.027500 0.037453
0 0.013750 0.018727 0.027500 0.037453
0 0.013750 0.020599 0.027500 0.041199
0 0.013750 0.020599 0.027500 0.041199
0 0.013750 0.018727 0.027500 0.037453
0 0.013750 0.018727 0.027500 0.037453
0 0.013750 0.020599 0.027500 0.041199
0 0.013750 0.018727 0.027500 0.037453
0 0.013750 0.018727 0.027500 0.037453
0 0.013750 0.018727 0.027500 0.037453
0 0.013750 0.020599 0.027500 0.041199
0 0.013750 0.020599 0.027500 0.041199
0 0.013750 0.020599 0.027500 0.041199
0 0.013750 0.018727 0.027500 0.037453
0 0.013750 0.020599 0.027500 0.041199
0 0.013750 0.018727 0.027500 0.037453
0 0.013750 0.020599 0.027500 0.041199