0 0.002060 0.002480 0.004120 0.004960
0 0.002060 0.002480 0.004120 0.004960
0 0.002060 0.002480 0.004120 0.004960
0 0.002060 0.002480 0.004120 0.004960
0 0.002060 0.002480 0.004120 0.004960
0 0.002060 0.002480 0.004120 0.004960
0 0.002060 0.002480 0.004120 0.004960
0 0.002060 0.002480 0.004120 0.004960
0 0.002060 0.002480 0.004120 0.004960
0 0.002060 0.002480 0.004120 0.004960
0 0.002060 0.002480 0.004120 0.004960
0 0.002060 0.002480 0.004120 0.004960
0 0.002060 0.002480 0.004120 0.004960
0 0.002060 0.002480 0.004120 0.004960