0 0.008871 0.012019 0.017742 0.024038
0 0.008871 0.012019 0.017742 0.024038
0 0.008871 0.012019 0.017742 0.024038
0 0.008871 0.012019 0.017742 0.024038
0 0.008871 0.012019 0.017742 0.024038
0 0.008871 0.012019 0.017742 0.024038
0 0.008871 0.012019 0.017742 0.024038
0 0.008871 0.012019 0.017742 0.024038
0 0.008871 0.012019 0.017742 0.024038
0 0.008871 0.012019 0.017742 0.024038
0 0.008871 0.012019 0.017742 0.024038
0 0.008871 0.012019 0.017742 0.024038
0 0.008871 0.012019 0.017742 0.024038
0 0.008871 0.012019 0.017742 0.024038
0 0.008871 0.012019 0.017742 0.024038
0 0.008871 0.012019 0.017742 0.024038
0 0.008871 0.012019 0.017742 0.024038
0 0.008871 0.012019 0.017742 0.024038
0 0.008871 0.012019 0.017742 0.024038
0 0.008871 0.013221 0.017742 0.026442
0 0.008871 0.012019 0.017742 0.024038
0 0.008871 0.012019 0.017742 0.024038
0 0.008871 0.012019 0.017742 0.024038
0 0.008871 0.012019 0.017742 0.024038
0 0.008871 0.012019 0.017742 0.024038
0 0.008871 0.012019 0.017742 0.024038
0 0.008871 0.012019 0.017742 0.024038
0 0.008871 0.012019 0.017742 0.024038
0 0.008871 0.012019 0.017742 0.024038
0 0.008871 0.012019 0.017742 0.024038
0 0.008871 0.012019 0.017742 0.024038
0 0.008871 0.012019 0.017742 0.024038
0 0.008871 0.012019 0.017742 0.024038
0 0.008871 0.012019 0.017742 0.024038
0 0.008871 0.012019 0.017742 0.024038
0 0.008871 0.012019 0.017742 0.024038
0 0.008871 0.012019 0.017742 0.024038
0 0.008871 0.012019 0.017742 0.024038
0 0.008871 0.012019 0.017742 0.024038
0 0.008871 0.012019 0.017742 0.024038
0 0.008871 0.012019 0.017742 0.024038
0 0.008871 0.012019 0.017742 0.024038
0 0.008871 0.012019 0.017742 0.024038
0 0.008871 0.012019 0.017742 0.024038
0 0.008871 0.012019 0.017742 0.024038
0 0.008871 0.012019 0.017742 0.024038
0 0.008871 0.012019 0.017742 0.024038
0 0.008871 0.012019 0.017742 0.024038
0 0.008871 0.012019 0.017742 0.024038
0 0.008871 0.012019 0.017742 0.024038
0 0.008871 0.012019 0.017742 0.024038
0 0.008871 0.012019 0.017742 0.024038
0 0.008871 0.012019 0.017742 0.024038
0 0.008871 0.012019 0.017742 0.024038
0 0.008871 0.012019 0.017742 0.024038
0 0.008871 0.012019 0.017742 0.024038
0 0.008871 0.012019 0.017742 0.024038
0 0.008871 0.012019 0.017742 0.024038
0 0.008871 0.012019 0.017742 0.024038
0 0.008871 0.012019 0.017742 0.024038
0 0.008871 0.012019 0.017742 0.024038
0 0.008871 0.012019 0.017742 0.024038
0 0.008871 0.012019 0.017742 0.024038
0 0.008871 0.012019 0.017742 0.024038
0 0.008871 0.012019 0.017742 0.024038
0 0.008871 0.012019 0.017742 0.024038
0 0.008871 0.012019 0.017742 0.024038
0 0.008871 0.012019 0.017742 0.024038
0 0.008871 0.012019 0.017742 0.024038
0 0.008871 0.012019 0.017742 0.024038
0 0.008871 0.012019 0.017742 0.024038
0 0.008871 0.012019 0.017742 0.024038
0 0.008871 0.012019 0.017742 0.024038
0 0.008871 0.012019 0.017742 0.024038