0 0.008462 0.011547 0.016923 0.023095
0 0.008462 0.011547 0.016923 0.023095
0 0.008462 0.011547 0.016923 0.023095
0 0.008462 0.011547 0.016923 0.023095
0 0.008462 0.011547 0.016923 0.023095
0 0.008462 0.011547 0.016923 0.023095
0 0.008462 0.011547 0.016923 0.023095
0 0.008462 0.011547 0.016923 0.023095
0 0.008462 0.011547 0.016923 0.023095
0 0.008462 0.011547 0.016923 0.023095
0 0.008462 0.011547 0.016923 0.023095
0 0.008462 0.011547 0.016923 0.023095
0 0.008462 0.011547 0.016923 0.023095
0 0.008462 0.011547 0.016923 0.023095
0 0.008462 0.011547 0.016923 0.023095
0 0.008462 0.011547 0.016923 0.023095
0 0.008462 0.011547 0.016923 0.023095
0 0.008462 0.011547 0.016923 0.023095
0 0.008462 0.011547 0.016923 0.023095
0 0.008462 0.011547 0.016923 0.023095
0 0.008462 0.011547 0.016923 0.023095
0 0.008462 0.011547 0.016923 0.023095
0 0.008462 0.011547 0.016923 0.023095
0 0.008462 0.011547 0.016923 0.023095
0 0.008462 0.011547 0.016923 0.023095
0 0.008462 0.011547 0.016923 0.023095
0 0.008462 0.011547 0.016923 0.023095
0 0.008462 0.011547 0.016923 0.023095
0 0.008462 0.011547 0.016923 0.023095
0 0.008462 0.011547 0.016923 0.023095
0 0.008462 0.011547 0.016923 0.023095
0 0.008462 0.011547 0.016923 0.023095
0 0.008462 0.011547 0.016923 0.023095