0 0.001515 0.001909 0.003029 0.003818
0 0.001515 0.001909 0.003029 0.003818
0 0.001515 0.001909 0.003029 0.003818
0 0.001515 0.001909 0.003029 0.003818
0 0.001515 0.001909 0.003029 0.003818
0 0.001515 0.001909 0.003029 0.003818
0 0.001515 0.001909 0.003029 0.003818
0 0.001515 0.001909 0.003029 0.003818
0 0.001515 0.001909 0.003029 0.003818
0 0.001515 0.001909 0.003029 0.003818
0 0.001515 0.001909 0.003029 0.003818
0 0.001515 0.001909 0.003029 0.003818
0 0.001515 0.001909 0.003029 0.003818
0 0.001515 0.001909 0.003029 0.003818
0 0.001515 0.001909 0.003029 0.003818
0 0.001515 0.001909 0.003029 0.003818
0 0.001515 0.001909 0.003029 0.003818
0 0.001515 0.001909 0.003029 0.003818