0 0.005753 0.010417 0.011506 0.020833
0 0.005753 0.010417 0.011506 0.020833
0 0.005753 0.010417 0.011506 0.020833
0 0.005753 0.010417 0.011506 0.020833
0 0.005753 0.010417 0.011506 0.020833
0 0.005753 0.010417 0.011506 0.020833
0 0.005753 0.010417 0.011506 0.020833
0 0.005753 0.010417 0.011506 0.020833
0 0.005753 0.010417 0.011506 0.020833
0 0.005753 0.010417 0.011506 0.020833
0 0.005753 0.010417 0.011506 0.020833
0 0.005753 0.010417 0.011506 0.020833
0 0.005753 0.010417 0.011506 0.020833
0 0.005753 0.010417 0.011506 0.020833
0 0.005753 0.010417 0.011506 0.020833
0 0.005753 0.010417 0.011506 0.020833
0 0.005753 0.010417 0.011506 0.020833
0 0.005753 0.010417 0.011506 0.020833
0 0.005753 0.010417 0.011506 0.020833
0 0.005753 0.010417 0.011506 0.020833
0 0.005753 0.010417 0.011506 0.020833
0 0.005753 0.010417 0.011506 0.020833
0 0.006276 0.010417 0.012552 0.020833
0 0.005753 0.010417 0.011506 0.020833
0 0.005753 0.010417 0.011506 0.020833
0 0.005753 0.010417 0.011506 0.020833
0 0.005753 0.010417 0.011506 0.020833
0 0.005753 0.010417 0.011506 0.020833
0 0.005753 0.010417 0.011506 0.020833
0 0.005753 0.010417 0.011506 0.020833
0 0.005753 0.010417 0.011506 0.020833
0 0.005753 0.010417 0.011506 0.020833
0 0.006276 0.010417 0.012552 0.020833
0 0.005753 0.010417 0.011506 0.020833
0 0.005753 0.010417 0.011506 0.020833
0 0.005753 0.010417 0.011506 0.020833
0 0.005753 0.010417 0.011506 0.020833
0 0.006276 0.010417 0.012552 0.020833
0 0.005753 0.010417 0.011506 0.020833
0 0.005753 0.010417 0.011506 0.020833
0 0.005753 0.010417 0.011506 0.020833
0 0.005753 0.010417 0.011506 0.020833
0 0.005753 0.010417 0.011506 0.020833
0 0.005753 0.010417 0.011506 0.020833
0 0.005753 0.010417 0.011506 0.020833
0 0.005753 0.010417 0.011506 0.020833
0 0.005753 0.010417 0.011506 0.020833
0 0.005753 0.010417 0.011506 0.020833
0 0.005753 0.010417 0.011506 0.020833
0 0.006276 0.010417 0.012552 0.020833
0 0.005753 0.010417 0.011506 0.020833
0 0.005753 0.010417 0.011506 0.020833