0 0.006215 0.010040 0.012429 0.020080
0 0.006215 0.010040 0.012429 0.020080
0 0.006215 0.010040 0.012429 0.020080
0 0.006215 0.010040 0.012429 0.020080
0 0.006215 0.010040 0.012429 0.020080
0 0.006215 0.010040 0.012429 0.020080
0 0.006215 0.010040 0.012429 0.020080
0 0.006215 0.010040 0.012429 0.020080
0 0.006215 0.010040 0.012429 0.020080
0 0.006215 0.010040 0.012429 0.020080
0 0.006215 0.010040 0.012429 0.020080
0 0.006215 0.010040 0.012429 0.020080
0 0.006215 0.010040 0.012429 0.020080
0 0.006215 0.010040 0.012429 0.020080
0 0.006215 0.010040 0.012429 0.020080
0 0.006215 0.010040 0.012429 0.020080
0 0.006215 0.010040 0.012429 0.020080
0 0.006215 0.010040 0.012429 0.020080
0 0.006215 0.010040 0.012429 0.020080
0 0.006215 0.010040 0.012429 0.020080
0 0.006215 0.010040 0.012429 0.020080
0 0.006215 0.010040 0.012429 0.020080
0 0.006215 0.010040 0.012429 0.020080
0 0.006215 0.010040 0.012429 0.020080
0 0.006215 0.010040 0.012429 0.020080
0 0.006215 0.010040 0.012429 0.020080
0 0.006215 0.010040 0.012429 0.020080
0 0.006215 0.010040 0.012429 0.020080
0 0.006215 0.010040 0.012429 0.020080
0 0.006215 0.010040 0.012429 0.020080
0 0.006215 0.010040 0.012429 0.020080