0 0.002402 0.003274 0.004803 0.006549
0 0.002402 0.003274 0.004803 0.006549
0 0.002402 0.003274 0.004803 0.006549
0 0.002402 0.003274 0.004803 0.006549
0 0.002402 0.003274 0.004803 0.006549
0 0.002402 0.003274 0.004803 0.006549
0 0.002402 0.003274 0.004803 0.006549
0 0.002402 0.003274 0.004803 0.006549
0 0.002402 0.003274 0.004803 0.006549
0 0.002402 0.003274 0.004803 0.006549
0 0.002402 0.003274 0.004803 0.006549
0 0.002402 0.003274 0.004803 0.006549
0 0.002402 0.003274 0.004803 0.006549
0 0.002402 0.003274 0.004803 0.006549
0 0.002402 0.003274 0.004803 0.006549
0 0.002402 0.003274 0.004803 0.006549
0 0.002402 0.003274 0.004803 0.006549
0 0.002402 0.003274 0.004803 0.006549
0 0.002402 0.003274 0.004803 0.006549
0 0.002402 0.003274 0.004803 0.006549
0 0.002402 0.003274 0.004803 0.006549
0 0.002402 0.003274 0.004803 0.006549
0 0.002402 0.003274 0.004803 0.006549
0 0.002402 0.003274 0.004803 0.006549
0 0.002402 0.003274 0.004803 0.006549
0 0.002402 0.003274 0.004803 0.006549
0 0.002402 0.003274 0.004803 0.006549
0 0.002402 0.003274 0.004803 0.006549
0 0.002402 0.003274 0.004803 0.006549
0 0.002402 0.003274 0.004803 0.006549
0 0.002402 0.003274 0.004803 0.006549
0 0.002402 0.003274 0.004803 0.006549
0 0.002402 0.003274 0.004803 0.006549