0 0.007353 0.010121 0.014706 0.020243
0 0.007353 0.010121 0.014706 0.020243
0 0.007353 0.010121 0.014706 0.020243
0 0.007353 0.010121 0.014706 0.020243
0 0.007353 0.010121 0.014706 0.020243
0 0.007353 0.010121 0.014706 0.020243
0 0.007353 0.010121 0.014706 0.020243
0 0.007353 0.010121 0.014706 0.020243
0 0.007353 0.010121 0.014706 0.020243
0 0.007353 0.010121 0.014706 0.020243
0 0.007353 0.010121 0.014706 0.020243
0 0.007353 0.010121 0.014706 0.020243
0 0.007353 0.010121 0.014706 0.020243
0 0.007353 0.010121 0.014706 0.020243
0 0.007353 0.010121 0.014706 0.020243
0 0.007353 0.010121 0.014706 0.020243
0 0.007353 0.010121 0.014706 0.020243
0 0.007353 0.010121 0.014706 0.020243
0 0.007353 0.010121 0.014706 0.020243
0 0.007353 0.010121 0.014706 0.020243
0 0.007353 0.010121 0.014706 0.020243
0 0.007353 0.010121 0.014706 0.020243
0 0.007353 0.010121 0.014706 0.020243
0 0.007353 0.010121 0.014706 0.020243
0 0.007353 0.010121 0.014706 0.020243
0 0.007353 0.010121 0.014706 0.020243
0 0.007353 0.010121 0.014706 0.020243
0 0.007353 0.010121 0.014706 0.020243
0 0.007353 0.010121 0.014706 0.020243
0 0.007353 0.010121 0.014706 0.020243
0 0.007353 0.010121 0.014706 0.020243
0 0.007353 0.010121 0.014706 0.020243
0 0.007353 0.010121 0.014706 0.020243
0 0.007353 0.010121 0.014706 0.020243
0 0.007353 0.010121 0.014706 0.020243
0 0.007353 0.010121 0.014706 0.020243
0 0.007353 0.010121 0.014706 0.020243
0 0.007353 0.010121 0.014706 0.020243
0 0.007353 0.010121 0.014706 0.020243