0 0.011224 0.015873 0.022449 0.031746
0 0.011224 0.015873 0.022449 0.031746
0 0.011224 0.015873 0.022449 0.031746
0 0.011224 0.015873 0.022449 0.031746
0 0.011224 0.015873 0.022449 0.031746
0 0.011224 0.015873 0.022449 0.031746
0 0.011224 0.015873 0.022449 0.031746
0 0.011224 0.015873 0.022449 0.031746
0 0.011224 0.015873 0.022449 0.031746
0 0.011224 0.015873 0.022449 0.031746
0 0.011224 0.015873 0.022449 0.031746
0 0.011224 0.015873 0.022449 0.031746
0 0.011224 0.015873 0.022449 0.031746
0 0.011224 0.015873 0.022449 0.031746
0 0.011224 0.015873 0.022449 0.031746
0 0.012245 0.015873 0.024490 0.031746
0 0.011224 0.015873 0.022449 0.031746
0 0.011224 0.015873 0.022449 0.031746
0 0.011224 0.015873 0.022449 0.031746
0 0.011224 0.015873 0.022449 0.031746
0 0.011224 0.015873 0.022449 0.031746
0 0.011224 0.015873 0.022449 0.031746
0 0.012245 0.015873 0.024490 0.031746
0 0.011224 0.015873 0.022449 0.031746
0 0.011224 0.015873 0.022449 0.031746
0 0.011224 0.015873 0.022449 0.031746
0 0.011224 0.015873 0.022449 0.031746
0 0.011224 0.015873 0.022449 0.031746
0 0.011224 0.015873 0.022449 0.031746