0 0.002122 0.003834 0.004244 0.007669
0 0.002122 0.003834 0.004244 0.007669
0 0.002122 0.003834 0.004244 0.007669
0 0.002122 0.003834 0.004244 0.007669
0 0.002122 0.003834 0.004244 0.007669
0 0.002122 0.003834 0.004244 0.007669
0 0.002122 0.003834 0.004244 0.007669
0 0.002122 0.003834 0.004244 0.007669
0 0.002122 0.003834 0.004244 0.007669
0 0.002122 0.003834 0.004244 0.007669
0 0.002122 0.003834 0.004244 0.007669
0 0.002122 0.003834 0.004244 0.007669
0 0.002122 0.003834 0.004244 0.007669
0 0.002122 0.003834 0.004244 0.007669
0 0.002122 0.003834 0.004244 0.007669
0 0.002122 0.003834 0.004244 0.007669
0 0.002122 0.003834 0.004244 0.007669
0 0.002122 0.003834 0.004244 0.007669
0 0.002122 0.003834 0.004244 0.007669
0 0.002122 0.003834 0.004244 0.007669
0 0.002122 0.003834 0.004244 0.007669
0 0.002122 0.003834 0.004244 0.007669
0 0.002122 0.003834 0.004244 0.007669
0 0.002122 0.003834 0.004244 0.007669
0 0.002122 0.003834 0.004244 0.007669
0 0.002122 0.003834 0.004244 0.007669
0 0.002122 0.003834 0.004244 0.007669
0 0.002122 0.003834 0.004244 0.007669
0 0.002122 0.003834 0.004244 0.007669
0 0.002122 0.003834 0.004244 0.007669
0 0.002122 0.003834 0.004244 0.007669
0 0.002122 0.003834 0.004244 0.007669
0 0.002122 0.003834 0.004244 0.007669
0 0.002122 0.003834 0.004244 0.007669
0 0.002122 0.003834 0.004244 0.007669
0 0.002122 0.003834 0.004244 0.007669
0 0.002122 0.003834 0.004244 0.007669
0 0.002122 0.003834 0.004244 0.007669
0 0.002122 0.003834 0.004244 0.007669
0 0.002122 0.003834 0.004244 0.007669
0 0.002122 0.003834 0.004244 0.007669
0 0.002122 0.003834 0.004244 0.007669
0 0.002122 0.003834 0.004244 0.007669
0 0.002122 0.003834 0.004244 0.007669
0 0.002122 0.003834 0.004244 0.007669
0 0.002122 0.003834 0.004244 0.007669
0 0.002122 0.003834 0.004244 0.007669
0 0.002122 0.003834 0.004244 0.007669
0 0.002122 0.003834 0.004244 0.007669
0 0.002122 0.003834 0.004244 0.007669