0 0.005729 0.008503 0.011458 0.017007
0 0.005729 0.008503 0.011458 0.017007
0 0.005729 0.009354 0.011458 0.018707
0 0.005729 0.008503 0.011458 0.017007
0 0.005729 0.008503 0.011458 0.017007
0 0.005729 0.008503 0.011458 0.017007
0 0.005729 0.008503 0.011458 0.017007
0 0.005729 0.009354 0.011458 0.018707
0 0.005729 0.008503 0.011458 0.017007
0 0.005729 0.008503 0.011458 0.017007
0 0.005729 0.008503 0.011458 0.017007
0 0.005729 0.009354 0.011458 0.018707
0 0.005729 0.008503 0.011458 0.017007
0 0.005729 0.008503 0.011458 0.017007
0 0.005729 0.008503 0.011458 0.017007
0 0.006250 0.008503 0.012500 0.017007
0 0.005729 0.008503 0.011458 0.017007
0 0.005729 0.008503 0.011458 0.017007
0 0.005729 0.008503 0.011458 0.017007
0 0.005729 0.008503 0.011458 0.017007
0 0.006250 0.008503 0.012500 0.017007
0 0.005729 0.009354 0.011458 0.018707
0 0.005729 0.008503 0.011458 0.017007
0 0.005729 0.008503 0.011458 0.017007
0 0.005729 0.008503 0.011458 0.017007
0 0.005729 0.008503 0.011458 0.017007
0 0.005729 0.008503 0.011458 0.017007
0 0.005729 0.009354 0.011458 0.018707
0 0.005729 0.008503 0.011458 0.017007
0 0.005729 0.008503 0.011458 0.017007
0 0.005729 0.009354 0.011458 0.018707
0 0.006250 0.008503 0.012500 0.017007
0 0.005729 0.008503 0.011458 0.017007
0 0.005729 0.008503 0.011458 0.017007
0 0.005729 0.008503 0.011458 0.017007
0 0.005729 0.009354 0.011458 0.018707
0 0.005729 0.008503 0.011458 0.017007
0 0.005729 0.008503 0.011458 0.017007
0 0.005729 0.008503 0.011458 0.017007
0 0.005729 0.009354 0.011458 0.018707
0 0.005729 0.009354 0.011458 0.018707
0 0.005729 0.008503 0.011458 0.017007
0 0.005729 0.008503 0.011458 0.017007
0 0.005729 0.008503 0.011458 0.017007
0 0.005729 0.008503 0.011458 0.017007
0 0.005729 0.008503 0.011458 0.017007
0 0.005729 0.008503 0.011458 0.017007
0 0.005729 0.008503 0.011458 0.017007
0 0.005729 0.009354 0.011458 0.018707
0 0.005729 0.008503 0.011458 0.017007
0 0.005729 0.008503 0.011458 0.017007
0 0.005729 0.009354 0.011458 0.018707
0 0.005729 0.008503 0.011458 0.017007
0 0.005729 0.008503 0.011458 0.017007
0 0.005729 0.008503 0.011458 0.017007
0 0.005729 0.008503 0.011458 0.017007
0 0.005729 0.008503 0.011458 0.017007
0 0.005729 0.008503 0.011458 0.017007
0 0.005729 0.008503 0.011458 0.017007
0 0.005729 0.009354 0.011458 0.018707
0 0.005729 0.008503 0.011458 0.017007
0 0.005729 0.008503 0.011458 0.017007
0 0.005729 0.009354 0.011458 0.018707
0 0.005729 0.009354 0.011458 0.018707
0 0.005729 0.008503 0.011458 0.017007
0 0.005729 0.009354 0.011458 0.018707
0 0.005729 0.008503 0.011458 0.017007
0 0.005729 0.009354 0.011458 0.018707
0 0.006250 0.008503 0.012500 0.017007
0 0.005729 0.008503 0.011458 0.017007
0 0.005729 0.008503 0.011458 0.017007
0 0.005729 0.009354 0.011458 0.018707
0 0.005729 0.008503 0.011458 0.017007
0 0.005729 0.008503 0.011458 0.017007
0 0.005729 0.008503 0.011458 0.017007
0 0.005729 0.008503 0.011458 0.017007
0 0.005729 0.008503 0.011458 0.017007
0 0.005729 0.008503 0.011458 0.017007
0 0.005729 0.008503 0.011458 0.017007
0 0.005729 0.009354 0.011458 0.018707
0 0.006250 0.008503 0.012500 0.017007
0 0.005729 0.008503 0.011458 0.017007
0 0.005729 0.009354 0.011458 0.018707
0 0.005729 0.008503 0.011458 0.017007
0 0.006250 0.008503 0.012500 0.017007
0 0.005729 0.008503 0.011458 0.017007
0 0.005729 0.008503 0.011458 0.017007
0 0.005729 0.009354 0.011458 0.018707
0 0.005729 0.008503 0.011458 0.017007
0 0.005729 0.008503 0.011458 0.017007
0 0.005729 0.008503 0.011458 0.017007
0 0.005729 0.008503 0.011458 0.017007
0 0.005729 0.008503 0.011458 0.017007
0 0.005729 0.008503 0.011458 0.017007
0 0.005729 0.008503 0.011458 0.017007
0 0.005729 0.009354 0.011458 0.018707
0 0.005729 0.009354 0.011458 0.018707
0 0.005729 0.008503 0.011458 0.017007
0 0.005729 0.008503 0.011458 0.017007
0 0.005729 0.009354 0.011458 0.018707
0 0.005729 0.008503 0.011458 0.017007
0 0.006250 0.008503 0.012500 0.017007
0 0.005729 0.009354 0.011458 0.018707
0 0.005729 0.008503 0.011458 0.017007
0 0.005729 0.008503 0.011458 0.017007
0 0.005729 0.009354 0.011458 0.018707
0 0.005729 0.008503 0.011458 0.017007
0 0.005729 0.008503 0.011458 0.017007
0 0.005729 0.009354 0.011458 0.018707
0 0.005729 0.009354 0.011458 0.018707
0 0.006250 0.009354 0.012500 0.018707
0 0.005729 0.008503 0.011458 0.017007
0 0.005729 0.008503 0.011458 0.017007
0 0.005729 0.008503 0.011458 0.017007
0 0.005729 0.009354 0.011458 0.018707
0 0.005729 0.008503 0.011458 0.017007
0 0.005729 0.008503 0.011458 0.017007
0 0.005729 0.008503 0.011458 0.017007
0 0.005729 0.008503 0.011458 0.017007
0 0.005729 0.009354 0.011458 0.018707
0 0.005729 0.008503 0.011458 0.017007
0 0.005729 0.008503 0.011458 0.017007
0 0.006250 0.008503 0.012500 0.017007
0 0.005729 0.008503 0.011458 0.017007
0 0.005729 0.008503 0.011458 0.017007
0 0.005729 0.008503 0.011458 0.017007
0 0.005729 0.008503 0.011458 0.017007
0 0.006250 0.008503 0.012500 0.017007
0 0.005729 0.008503 0.011458 0.017007
0 0.005729 0.008503 0.011458 0.017007
0 0.005729 0.009354 0.011458 0.018707
0 0.005729 0.008503 0.011458 0.017007
0 0.005729 0.009354 0.011458 0.018707
0 0.005729 0.008503 0.011458 0.017007
0 0.005729 0.008503 0.011458 0.017007
0 0.005729 0.008503 0.011458 0.017007
0 0.005729 0.008503 0.011458 0.017007
0 0.005729 0.008503 0.011458 0.017007
0 0.005729 0.008503 0.011458 0.017007
0 0.005729 0.008503 0.011458 0.017007
0 0.005729 0.009354 0.011458 0.018707
0 0.005729 0.008503 0.011458 0.017007
0 0.005729 0.009354 0.011458 0.018707
0 0.005729 0.008503 0.011458 0.017007
0 0.005729 0.008503 0.011458 0.017007
0 0.005729 0.008503 0.011458 0.017007
0 0.005729 0.009354 0.011458 0.018707
0 0.005729 0.009354 0.011458 0.018707
0 0.005729 0.009354 0.011458 0.018707
0 0.005729 0.008503 0.011458 0.017007
0 0.005729 0.008503 0.011458 0.017007