0 0.008462 0.013889 0.016923 0.027778
0 0.008462 0.013889 0.016923 0.027778
0 0.008462 0.013889 0.016923 0.027778
0 0.008462 0.013889 0.016923 0.027778
0 0.008462 0.013889 0.016923 0.027778
0 0.008462 0.013889 0.016923 0.027778
0 0.008462 0.013889 0.016923 0.027778
0 0.008462 0.013889 0.016923 0.027778
0 0.008462 0.013889 0.016923 0.027778
0 0.008462 0.013889 0.016923 0.027778
0 0.008462 0.013889 0.016923 0.027778
0 0.008462 0.013889 0.016923 0.027778
0 0.008462 0.013889 0.016923 0.027778
0 0.008462 0.013889 0.016923 0.027778
0 0.008462 0.013889 0.016923 0.027778
0 0.008462 0.013889 0.016923 0.027778
0 0.008462 0.013889 0.016923 0.027778
0 0.008462 0.013889 0.016923 0.027778
0 0.008462 0.013889 0.016923 0.027778
0 0.008462 0.013889 0.016923 0.027778
0 0.008462 0.013889 0.016923 0.027778