0 0.002292 0.003125 0.004583 0.006250
0 0.002292 0.003125 0.004583 0.006250
0 0.002292 0.003125 0.004583 0.006250
0 0.002292 0.003125 0.004583 0.006250
0 0.002292 0.003125 0.004583 0.006250
0 0.002708 0.003125 0.005417 0.006250
0 0.002292 0.003125 0.004583 0.006250
0 0.002708 0.003125 0.005417 0.006250
0 0.002292 0.003125 0.004583 0.006250
0 0.002292 0.003125 0.004583 0.006250
0 0.002292 0.003125 0.004583 0.006250
0 0.002292 0.003125 0.004583 0.006250
0 0.002292 0.003125 0.004583 0.006250
0 0.002292 0.003125 0.004583 0.006250
0 0.002292 0.003125 0.004583 0.006250
0 0.002292 0.003125 0.004583 0.006250
0 0.002292 0.003125 0.004583 0.006250
0 0.002292 0.003125 0.004583 0.006250
0 0.002292 0.003125 0.004583 0.006250
0 0.002292 0.003125 0.004583 0.006250
0 0.002292 0.003125 0.004583 0.006250
0 0.002292 0.003125 0.004583 0.006250
0 0.002292 0.003125 0.004583 0.006250
0 0.002292 0.003125 0.004583 0.006250
0 0.002292 0.003125 0.004583 0.006250
0 0.002292 0.003125 0.004583 0.006250
0 0.002292 0.003125 0.004583 0.006250
0 0.002292 0.003125 0.004583 0.006250
0 0.002292 0.003125 0.004583 0.006250