0 0.005670 0.009174 0.011340 0.018349
0 0.005670 0.009174 0.011340 0.018349
0 0.005670 0.009174 0.011340 0.018349
0 0.005670 0.009174 0.011340 0.018349
0 0.005670 0.009174 0.011340 0.018349
0 0.005670 0.009174 0.011340 0.018349
0 0.005670 0.009174 0.011340 0.018349
0 0.005670 0.009174 0.011340 0.018349
0 0.005670 0.009174 0.011340 0.018349
0 0.005670 0.009174 0.011340 0.018349
0 0.005670 0.009174 0.011340 0.018349
0 0.005670 0.009174 0.011340 0.018349
0 0.005670 0.009174 0.011340 0.018349
0 0.005670 0.009174 0.011340 0.018349
0 0.005670 0.009174 0.011340 0.018349
0 0.005670 0.009174 0.011340 0.018349
0 0.006701 0.009174 0.013402 0.018349
0 0.005670 0.009174 0.011340 0.018349
0 0.005670 0.009174 0.011340 0.018349
0 0.005670 0.009174 0.011340 0.018349
0 0.005670 0.009174 0.011340 0.018349
0 0.005670 0.009174 0.011340 0.018349
0 0.005670 0.009174 0.011340 0.018349
0 0.005670 0.009174 0.011340 0.018349
0 0.005670 0.009174 0.011340 0.018349
0 0.005670 0.009174 0.011340 0.018349
0 0.005670 0.009174 0.011340 0.018349
0 0.005670 0.009174 0.011340 0.018349
0 0.005670 0.009174 0.011340 0.018349
0 0.005670 0.009174 0.011340 0.018349
0 0.005670 0.009174 0.011340 0.018349
0 0.005670 0.009174 0.011340 0.018349
0 0.005670 0.009174 0.011340 0.018349
0 0.005670 0.009174 0.011340 0.018349
0 0.005670 0.009174 0.011340 0.018349
0 0.005670 0.009174 0.011340 0.018349
0 0.005670 0.009174 0.011340 0.018349
0 0.005670 0.009174 0.011340 0.018349
0 0.005670 0.009174 0.011340 0.018349