0 0.024775 0.046729 0.049550 0.093458
0 0.024775 0.046729 0.049550 0.093458
0 0.024775 0.046729 0.049550 0.093458
0 0.024775 0.046729 0.049550 0.093458
0 0.024775 0.046729 0.049550 0.093458
0 0.024775 0.046729 0.049550 0.093458
0 0.024775 0.046729 0.049550 0.093458
0 0.024775 0.046729 0.049550 0.093458
0 0.024775 0.046729 0.049550 0.093458
0 0.027027 0.046729 0.054054 0.093458
0 0.024775 0.046729 0.049550 0.093458
0 0.024775 0.046729 0.049550 0.093458
0 0.024775 0.046729 0.049550 0.093458
0 0.024775 0.046729 0.049550 0.093458
0 0.027027 0.046729 0.054054 0.093458
0 0.024775 0.046729 0.049550 0.093458
0 0.027027 0.046729 0.054054 0.093458
0 0.024775 0.046729 0.049550 0.093458
0 0.024775 0.046729 0.049550 0.093458
0 0.027027 0.046729 0.054054 0.093458
0 0.024775 0.046729 0.049550 0.093458
0 0.024775 0.046729 0.049550 0.093458
0 0.024775 0.046729 0.049550 0.093458