0 0.003667 0.003994 0.007333 0.007987
0 0.003667 0.003994 0.007333 0.007987
0 0.003667 0.003994 0.007333 0.007987
0 0.003667 0.003994 0.007333 0.007987
0 0.003667 0.003994 0.007333 0.007987
0 0.003667 0.003994 0.007333 0.007987
0 0.003667 0.003994 0.007333 0.007987
0 0.003667 0.003994 0.007333 0.007987
0 0.003667 0.003994 0.007333 0.007987
0 0.003667 0.003994 0.007333 0.007987
0 0.003667 0.003994 0.007333 0.007987
0 0.003667 0.003994 0.007333 0.007987
0 0.003667 0.003994 0.007333 0.007987
0 0.003667 0.003994 0.007333 0.007987
0 0.003667 0.003994 0.007333 0.007987
0 0.003667 0.003994 0.007333 0.007987
0 0.003667 0.003994 0.007333 0.007987
0 0.003667 0.003994 0.007333 0.007987
0 0.003667 0.003994 0.007333 0.007987
0 0.003667 0.003994 0.007333 0.007987
0 0.003667 0.003994 0.007333 0.007987
0 0.003667 0.003994 0.007333 0.007987
0 0.003667 0.003994 0.007333 0.007987
0 0.003667 0.003994 0.007333 0.007987
0 0.003667 0.003994 0.007333 0.007987
0 0.003667 0.003994 0.007333 0.007987
0 0.003667 0.003994 0.007333 0.007987
0 0.003667 0.003994 0.007333 0.007987
0 0.003667 0.003994 0.007333 0.007987
0 0.003667 0.003994 0.007333 0.007987
0 0.003667 0.003994 0.007333 0.007987
0 0.003667 0.003994 0.007333 0.007987
0 0.003667 0.003994 0.007333 0.007987
0 0.003667 0.003994 0.007333 0.007987
0 0.003667 0.003994 0.007333 0.007987
0 0.003667 0.003994 0.007333 0.007987
0 0.003667 0.003994 0.007333 0.007987
0 0.003667 0.003994 0.007333 0.007987
0 0.003667 0.003994 0.007333 0.007987
0 0.003667 0.003994 0.007333 0.007987
0 0.003667 0.003994 0.007333 0.007987
0 0.003667 0.003994 0.007333 0.007987
0 0.003667 0.003994 0.007333 0.007987
0 0.003667 0.003994 0.007333 0.007987
0 0.003667 0.003994 0.007333 0.007987
0 0.003667 0.003994 0.007333 0.007987
0 0.003667 0.003994 0.007333 0.007987
0 0.003667 0.003994 0.007333 0.007987