0 0.002402 0.003782 0.004803 0.007564
0 0.002402 0.004160 0.004803 0.008321
0 0.002402 0.004160 0.004803 0.008321
0 0.002402 0.003782 0.004803 0.007564
0 0.002402 0.003782 0.004803 0.007564
0 0.002402 0.004160 0.004803 0.008321
0 0.002402 0.003782 0.004803 0.007564
0 0.002402 0.004160 0.004803 0.008321
0 0.002402 0.003782 0.004803 0.007564
0 0.002402 0.004160 0.004803 0.008321
0 0.002402 0.003782 0.004803 0.007564
0 0.002402 0.003782 0.004803 0.007564
0 0.002402 0.004160 0.004803 0.008321
0 0.002402 0.003782 0.004803 0.007564
0 0.002402 0.004160 0.004803 0.008321
0 0.002402 0.003782 0.004803 0.007564
0 0.002402 0.003782 0.004803 0.007564
0 0.002402 0.003782 0.004803 0.007564
0 0.002402 0.003782 0.004803 0.007564
0 0.002402 0.003782 0.004803 0.007564
0 0.002402 0.004160 0.004803 0.008321
0 0.002402 0.003782 0.004803 0.007564
0 0.002402 0.003782 0.004803 0.007564
0 0.002402 0.003782 0.004803 0.007564
0 0.002402 0.003782 0.004803 0.007564
0 0.002402 0.004160 0.004803 0.008321
0 0.002402 0.004160 0.004803 0.008321
0 0.002402 0.004160 0.004803 0.008321
0 0.002402 0.003782 0.004803 0.007564
0 0.002402 0.003782 0.004803 0.007564
0 0.002402 0.003782 0.004803 0.007564
0 0.002402 0.003782 0.004803 0.007564
0 0.002402 0.004160 0.004803 0.008321
0 0.002402 0.003782 0.004803 0.007564
0 0.002402 0.003782 0.004803 0.007564
0 0.002402 0.003782 0.004803 0.007564
0 0.002402 0.003782 0.004803 0.007564
0 0.002402 0.004160 0.004803 0.008321
0 0.002402 0.003782 0.004803 0.007564
0 0.002402 0.004160 0.004803 0.008321
0 0.002402 0.003782 0.004803 0.007564
0 0.002402 0.003782 0.004803 0.007564
0 0.002402 0.003782 0.004803 0.007564
0 0.002402 0.003782 0.004803 0.007564
0 0.002402 0.004160 0.004803 0.008321
0 0.002402 0.004160 0.004803 0.008321
0 0.002402 0.004160 0.004803 0.008321
0 0.002402 0.004160 0.004803 0.008321
0 0.002402 0.003782 0.004803 0.007564
0 0.002402 0.003782 0.004803 0.007564
0 0.002402 0.003782 0.004803 0.007564
0 0.002620 0.003782 0.005240 0.007564
0 0.002402 0.004160 0.004803 0.008321
0 0.002402 0.004160 0.004803 0.008321
0 0.002402 0.003782 0.004803 0.007564
0 0.002402 0.003782 0.004803 0.007564
0 0.002402 0.003782 0.004803 0.007564
0 0.002620 0.003782 0.005240 0.007564
0 0.002402 0.003782 0.004803 0.007564
0 0.002402 0.004160 0.004803 0.008321
0 0.002402 0.003782 0.004803 0.007564
0 0.002402 0.004160 0.004803 0.008321
0 0.002402 0.003782 0.004803 0.007564
0 0.002402 0.003782 0.004803 0.007564
0 0.002620 0.003782 0.005240 0.007564
0 0.002402 0.003782 0.004803 0.007564
0 0.002402 0.003782 0.004803 0.007564
0 0.002402 0.004160 0.004803 0.008321
0 0.002402 0.003782 0.004803 0.007564
0 0.002402 0.003782 0.004803 0.007564
0 0.002402 0.003782 0.004803 0.007564
0 0.002402 0.003782 0.004803 0.007564
0 0.002402 0.003782 0.004803 0.007564
0 0.002402 0.004160 0.004803 0.008321
0 0.002402 0.003782 0.004803 0.007564
0 0.002402 0.003782 0.004803 0.007564
0 0.002402 0.003782 0.004803 0.007564
0 0.002402 0.003782 0.004803 0.007564
0 0.002402 0.003782 0.004803 0.007564
0 0.002402 0.003782 0.004803 0.007564
0 0.002402 0.003782 0.004803 0.007564
0 0.002402 0.004160 0.004803 0.008321
0 0.002402 0.003782 0.004803 0.007564
0 0.002402 0.003782 0.004803 0.007564
0 0.002402 0.003782 0.004803 0.007564
0 0.002402 0.004160 0.004803 0.008321
0 0.002402 0.003782 0.004803 0.007564
0 0.002402 0.004160 0.004803 0.008321
0 0.002402 0.003782 0.004803 0.007564
0 0.002402 0.003782 0.004803 0.007564
0 0.002402 0.003782 0.004803 0.007564
0 0.002402 0.004160 0.004803 0.008321
0 0.002402 0.003782 0.004803 0.007564
0 0.002402 0.003782 0.004803 0.007564
0 0.002402 0.003782 0.004803 0.007564
0 0.002402 0.003782 0.004803 0.007564
0 0.002402 0.003782 0.004803 0.007564
0 0.002402 0.004160 0.004803 0.008321
0 0.002402 0.004160 0.004803 0.008321
0 0.002402 0.003782 0.004803 0.007564
0 0.002402 0.003782 0.004803 0.007564
0 0.002402 0.003782 0.004803 0.007564
0 0.002402 0.004160 0.004803 0.008321
0 0.002402 0.004160 0.004803 0.008321
0 0.002402 0.003782 0.004803 0.007564
0 0.002402 0.004160 0.004803 0.008321
0 0.002402 0.003782 0.004803 0.007564
0 0.002402 0.003782 0.004803 0.007564
0 0.002620 0.003782 0.005240 0.007564
0 0.002402 0.003782 0.004803 0.007564
0 0.002402 0.004160 0.004803 0.008321
0 0.002402 0.004160 0.004803 0.008321
0 0.002402 0.003782 0.004803 0.007564
0 0.002402 0.004160 0.004803 0.008321
0 0.002402 0.003782 0.004803 0.007564