0 0.016272 0.012222 0.032544 0.024444
0 0.016272 0.012222 0.032544 0.024444
0 0.016272 0.011111 0.032544 0.022222
0 0.016272 0.011111 0.032544 0.022222
0 0.016272 0.011111 0.032544 0.022222
0 0.016272 0.012222 0.032544 0.024444
0 0.016272 0.011111 0.032544 0.022222
0 0.016272 0.011111 0.032544 0.022222
0 0.016272 0.012222 0.032544 0.024444
0 0.016272 0.012222 0.032544 0.024444
0 0.016272 0.012222 0.032544 0.024444
0 0.016272 0.012222 0.032544 0.024444
0 0.016272 0.012222 0.032544 0.024444
0 0.016272 0.011111 0.032544 0.022222
0 0.016272 0.011111 0.032544 0.022222
0 0.016272 0.012222 0.032544 0.024444
0 0.016272 0.011111 0.032544 0.022222
0 0.016272 0.011111 0.032544 0.022222
0 0.016272 0.012222 0.032544 0.024444
0 0.016272 0.012222 0.032544 0.024444
0 0.016272 0.012222 0.032544 0.024444
0 0.016272 0.011111 0.032544 0.022222
0 0.016272 0.011111 0.032544 0.022222
0 0.016272 0.012222 0.032544 0.024444
0 0.016272 0.012222 0.032544 0.024444
0 0.016272 0.011111 0.032544 0.022222