0 0.006627 0.009042 0.013253 0.018083
0 0.006627 0.009042 0.013253 0.018083
0 0.006627 0.009042 0.013253 0.018083
0 0.006627 0.009042 0.013253 0.018083
0 0.006627 0.009042 0.013253 0.018083
0 0.006627 0.009042 0.013253 0.018083
0 0.006627 0.009042 0.013253 0.018083
0 0.006627 0.009042 0.013253 0.018083
0 0.006627 0.009042 0.013253 0.018083
0 0.006627 0.009042 0.013253 0.018083
0 0.006627 0.009042 0.013253 0.018083
0 0.006627 0.009042 0.013253 0.018083
0 0.006627 0.009042 0.013253 0.018083
0 0.006627 0.009042 0.013253 0.018083
0 0.006627 0.009042 0.013253 0.018083
0 0.006627 0.009042 0.013253 0.018083