0 0.002025 0.002762 0.004050 0.005525
0 0.002025 0.002762 0.004050 0.005525
0 0.002025 0.002762 0.004050 0.005525
0 0.002025 0.002762 0.004050 0.005525
0 0.002025 0.002762 0.004050 0.005525
0 0.002025 0.002762 0.004050 0.005525
0 0.002025 0.002762 0.004050 0.005525
0 0.002025 0.002762 0.004050 0.005525
0 0.002025 0.002762 0.004050 0.005525
0 0.002025 0.002762 0.004050 0.005525
0 0.002025 0.002762 0.004050 0.005525
0 0.002025 0.002762 0.004050 0.005525
0 0.002025 0.002762 0.004050 0.005525
0 0.002025 0.002762 0.004050 0.005525