0 0.004583 0.007143 0.009167 0.014286
0 0.004583 0.007143 0.009167 0.014286
0 0.004583 0.007143 0.009167 0.014286
0 0.004583 0.007143 0.009167 0.014286
0 0.005000 0.007143 0.010000 0.014286
0 0.004583 0.007143 0.009167 0.014286
0 0.004583 0.007143 0.009167 0.014286
0 0.004583 0.007143 0.009167 0.014286
0 0.005000 0.007143 0.010000 0.014286
0 0.004583 0.007143 0.009167 0.014286
0 0.005000 0.007143 0.010000 0.014286
0 0.004583 0.007143 0.009167 0.014286
0 0.005000 0.007143 0.010000 0.014286
0 0.004583 0.007143 0.009167 0.014286