0 0.003438 0.010000 0.006875 0.020000
0 0.004063 0.010000 0.008125 0.020000
0 0.003438 0.010000 0.006875 0.020000
0 0.003438 0.010000 0.006875 0.020000
0 0.003438 0.010000 0.006875 0.020000
0 0.003438 0.010000 0.006875 0.020000
0 0.003438 0.010000 0.006875 0.020000
0 0.003438 0.010000 0.006875 0.020000
0 0.003438 0.010000 0.006875 0.020000
0 0.003438 0.010000 0.006875 0.020000
0 0.003438 0.010000 0.006875 0.020000
0 0.003438 0.010000 0.006875 0.020000
0 0.003438 0.010000 0.006875 0.020000
0 0.003438 0.010000 0.006875 0.020000
0 0.003438 0.010000 0.006875 0.020000
0 0.003438 0.010000 0.006875 0.020000
0 0.003438 0.010000 0.006875 0.020000
0 0.003438 0.010000 0.006875 0.020000
0 0.003438 0.010000 0.006875 0.020000
0 0.004063 0.010000 0.008125 0.020000
0 0.003438 0.010000 0.006875 0.020000
0 0.003438 0.010000 0.006875 0.020000
0 0.003438 0.010000 0.006875 0.020000
0 0.003438 0.010000 0.006875 0.020000
0 0.003438 0.010000 0.006875 0.020000
0 0.003438 0.010000 0.006875 0.020000
0 0.003438 0.010000 0.006875 0.020000
0 0.003438 0.010000 0.006875 0.020000
0 0.003438 0.010000 0.006875 0.020000
0 0.003438 0.010000 0.006875 0.020000
0 0.003438 0.010000 0.006875 0.020000
0 0.003438 0.010000 0.006875 0.020000
0 0.003438 0.010000 0.006875 0.020000
0 0.003438 0.010000 0.006875 0.020000
0 0.003438 0.010000 0.006875 0.020000
0 0.003438 0.010000 0.006875 0.020000
0 0.003438 0.010000 0.006875 0.020000
0 0.003438 0.010000 0.006875 0.020000
0 0.003438 0.010000 0.006875 0.020000
0 0.003438 0.010000 0.006875 0.020000
0 0.003438 0.010000 0.006875 0.020000
0 0.003438 0.010000 0.006875 0.020000
0 0.003438 0.010000 0.006875 0.020000
0 0.003438 0.010000 0.006875 0.020000
0 0.003438 0.010000 0.006875 0.020000
0 0.003438 0.010000 0.006875 0.020000
0 0.003438 0.010000 0.006875 0.020000
0 0.003438 0.010000 0.006875 0.020000
0 0.003438 0.010000 0.006875 0.020000
0 0.003438 0.010000 0.006875 0.020000
0 0.003438 0.010000 0.006875 0.020000
0 0.003438 0.010000 0.006875 0.020000
0 0.003438 0.010000 0.006875 0.020000
0 0.003438 0.010000 0.006875 0.020000
0 0.003438 0.010000 0.006875 0.020000