0 0.008871 0.015714 0.017742 0.031429
0 0.008871 0.014286 0.017742 0.028571
0 0.008871 0.014286 0.017742 0.028571
0 0.008871 0.015714 0.017742 0.031429
0 0.008871 0.014286 0.017742 0.028571
0 0.008871 0.014286 0.017742 0.028571
0 0.008871 0.014286 0.017742 0.028571
0 0.008871 0.015714 0.017742 0.031429
0 0.008871 0.014286 0.017742 0.028571
0 0.008871 0.014286 0.017742 0.028571
0 0.008871 0.014286 0.017742 0.028571
0 0.008871 0.014286 0.017742 0.028571
0 0.008871 0.014286 0.017742 0.028571
0 0.008871 0.014286 0.017742 0.028571
0 0.008871 0.014286 0.017742 0.028571
0 0.008871 0.015714 0.017742 0.031429
0 0.008871 0.015714 0.017742 0.031429
0 0.008871 0.015714 0.017742 0.031429
0 0.008871 0.015714 0.017742 0.031429
0 0.008871 0.014286 0.017742 0.028571
0 0.008871 0.015714 0.017742 0.031429
0 0.008871 0.014286 0.017742 0.028571
0 0.008871 0.015714 0.017742 0.031429
0 0.008871 0.014286 0.017742 0.028571
0 0.008871 0.015714 0.017742 0.031429
0 0.008871 0.014286 0.017742 0.028571
0 0.008871 0.014286 0.017742 0.028571
0 0.008871 0.014286 0.017742 0.028571
0 0.008871 0.014286 0.017742 0.028571
0 0.008871 0.014286 0.017742 0.028571
0 0.008871 0.015714 0.017742 0.031429
0 0.008871 0.014286 0.017742 0.028571
0 0.008871 0.014286 0.017742 0.028571
0 0.008871 0.014286 0.017742 0.028571
0 0.008871 0.015714 0.017742 0.031429