0 0.016250 0.022321 0.032500 0.044643
0 0.013750 0.022321 0.027500 0.044643
0 0.013750 0.022321 0.027500 0.044643
0 0.013750 0.022321 0.027500 0.044643
0 0.013750 0.022321 0.027500 0.044643
0 0.016250 0.022321 0.032500 0.044643
0 0.016250 0.022321 0.032500 0.044643
0 0.016250 0.022321 0.032500 0.044643
0 0.013750 0.022321 0.027500 0.044643
0 0.013750 0.022321 0.027500 0.044643
0 0.013750 0.022321 0.027500 0.044643
0 0.013750 0.022321 0.027500 0.044643
0 0.013750 0.022321 0.027500 0.044643
0 0.013750 0.022321 0.027500 0.044643
0 0.016250 0.022321 0.032500 0.044643
0 0.013750 0.022321 0.027500 0.044643
0 0.013750 0.022321 0.027500 0.044643
0 0.013750 0.022321 0.027500 0.044643
0 0.013750 0.022321 0.027500 0.044643
0 0.013750 0.022321 0.027500 0.044643
0 0.013750 0.022321 0.027500 0.044643
0 0.013750 0.022321 0.027500 0.044643
0 0.016250 0.022321 0.032500 0.044643
0 0.013750 0.022321 0.027500 0.044643
0 0.013750 0.022321 0.027500 0.044643
0 0.013750 0.022321 0.027500 0.044643
0 0.013750 0.022321 0.027500 0.044643
0 0.016250 0.022321 0.032500 0.044643
0 0.013750 0.022321 0.027500 0.044643
0 0.013750 0.022321 0.027500 0.044643
0 0.013750 0.022321 0.027500 0.044643
0 0.013750 0.022321 0.027500 0.044643
0 0.013750 0.022321 0.027500 0.044643
0 0.013750 0.022321 0.027500 0.044643
0 0.013750 0.022321 0.027500 0.044643