0 0.008871 0.013514 0.017742 0.027027
0 0.008871 0.013514 0.017742 0.027027
0 0.008871 0.013514 0.017742 0.027027
0 0.008871 0.013514 0.017742 0.027027
0 0.008871 0.013514 0.017742 0.027027
0 0.008871 0.013514 0.017742 0.027027
0 0.008871 0.013514 0.017742 0.027027
0 0.009677 0.013514 0.019355 0.027027
0 0.008871 0.013514 0.017742 0.027027
0 0.008871 0.013514 0.017742 0.027027
0 0.008871 0.013514 0.017742 0.027027
0 0.008871 0.013514 0.017742 0.027027
0 0.008871 0.013514 0.017742 0.027027
0 0.008871 0.013514 0.017742 0.027027
0 0.008871 0.013514 0.017742 0.027027
0 0.008871 0.013514 0.017742 0.027027
0 0.008871 0.013514 0.017742 0.027027
0 0.008871 0.013514 0.017742 0.027027
0 0.008871 0.013514 0.017742 0.027027
0 0.008871 0.013514 0.017742 0.027027
0 0.008871 0.013514 0.017742 0.027027
0 0.008871 0.013514 0.017742 0.027027
0 0.008871 0.013514 0.017742 0.027027
0 0.008871 0.013514 0.017742 0.027027
0 0.008871 0.013514 0.017742 0.027027
0 0.008871 0.013514 0.017742 0.027027
0 0.008871 0.013514 0.017742 0.027027
0 0.008871 0.013514 0.017742 0.027027
0 0.008871 0.013514 0.017742 0.027027
0 0.008871 0.013514 0.017742 0.027027
0 0.008871 0.013514 0.017742 0.027027
0 0.008871 0.013514 0.017742 0.027027
0 0.008871 0.013514 0.017742 0.027027
0 0.008871 0.013514 0.017742 0.027027
0 0.008871 0.013514 0.017742 0.027027
0 0.008871 0.013514 0.017742 0.027027
0 0.008871 0.013514 0.017742 0.027027
0 0.009677 0.013514 0.019355 0.027027
0 0.008871 0.013514 0.017742 0.027027
0 0.008871 0.013514 0.017742 0.027027
0 0.008871 0.013514 0.017742 0.027027
0 0.008871 0.013514 0.017742 0.027027
0 0.008871 0.013514 0.017742 0.027027
0 0.008871 0.013514 0.017742 0.027027
0 0.008871 0.013514 0.017742 0.027027
0 0.008871 0.013514 0.017742 0.027027
0 0.008871 0.013514 0.017742 0.027027
0 0.008871 0.013514 0.017742 0.027027