0 0.006875 0.010092 0.013750 0.020183
0 0.006875 0.010092 0.013750 0.020183
0 0.006875 0.010092 0.013750 0.020183
0 0.006875 0.010092 0.013750 0.020183
0 0.006875 0.010092 0.013750 0.020183
0 0.006875 0.009174 0.013750 0.018349
0 0.006875 0.010092 0.013750 0.020183
0 0.006875 0.010092 0.013750 0.020183
0 0.006875 0.010092 0.013750 0.020183
0 0.006875 0.010092 0.013750 0.020183
0 0.006875 0.010092 0.013750 0.020183
0 0.006875 0.010092 0.013750 0.020183
0 0.006875 0.010092 0.013750 0.020183
0 0.006875 0.010092 0.013750 0.020183
0 0.006875 0.010092 0.013750 0.020183
0 0.006875 0.009174 0.013750 0.018349
0 0.006875 0.010092 0.013750 0.020183
0 0.006875 0.010092 0.013750 0.020183
0 0.006875 0.009174 0.013750 0.018349
0 0.006875 0.009174 0.013750 0.018349
0 0.006875 0.009174 0.013750 0.018349
0 0.006875 0.009174 0.013750 0.018349
0 0.006875 0.009174 0.013750 0.018349
0 0.006875 0.009174 0.013750 0.018349
0 0.006875 0.010092 0.013750 0.020183
0 0.006875 0.010092 0.013750 0.020183
0 0.006875 0.010092 0.013750 0.020183
0 0.006875 0.010092 0.013750 0.020183
0 0.006875 0.010092 0.013750 0.020183
0 0.006875 0.009174 0.013750 0.018349
0 0.006875 0.009174 0.013750 0.018349
0 0.006875 0.010092 0.013750 0.020183
0 0.006875 0.009174 0.013750 0.018349
0 0.006875 0.010092 0.013750 0.020183
0 0.006875 0.009174 0.013750 0.018349
0 0.006875 0.009174 0.013750 0.018349
0 0.006875 0.010092 0.013750 0.020183
0 0.006875 0.010092 0.013750 0.020183
0 0.006875 0.009174 0.013750 0.018349
0 0.006875 0.009174 0.013750 0.018349
0 0.006875 0.010092 0.013750 0.020183
0 0.006875 0.009174 0.013750 0.018349
0 0.006875 0.010092 0.013750 0.020183
0 0.006875 0.010092 0.013750 0.020183
0 0.006875 0.010092 0.013750 0.020183
0 0.006875 0.009174 0.013750 0.018349
0 0.006875 0.010092 0.013750 0.020183
0 0.006875 0.010092 0.013750 0.020183
0 0.006875 0.009174 0.013750 0.018349
0 0.006875 0.010092 0.013750 0.020183
0 0.006875 0.010092 0.013750 0.020183
0 0.006875 0.009174 0.013750 0.018349
0 0.006875 0.009174 0.013750 0.018349