0 0.001571 0.002539 0.003143 0.005079
0 0.001571 0.002539 0.003143 0.005079
0 0.001571 0.002539 0.003143 0.005079
0 0.001571 0.002539 0.003143 0.005079
0 0.001571 0.002539 0.003143 0.005079
0 0.001571 0.002539 0.003143 0.005079
0 0.001571 0.002539 0.003143 0.005079
0 0.001571 0.002539 0.003143 0.005079
0 0.001571 0.002539 0.003143 0.005079
0 0.001571 0.002539 0.003143 0.005079
0 0.001571 0.002539 0.003143 0.005079
0 0.001571 0.002539 0.003143 0.005079
0 0.001571 0.002539 0.003143 0.005079
0 0.001571 0.002539 0.003143 0.005079
0 0.001571 0.002539 0.003143 0.005079
0 0.001571 0.002539 0.003143 0.005079