0 0.012222 0.016722 0.024444 0.033445
0 0.012222 0.016722 0.024444 0.033445
0 0.012222 0.016722 0.024444 0.033445
0 0.012222 0.016722 0.024444 0.033445
0 0.012222 0.016722 0.024444 0.033445
0 0.012222 0.016722 0.024444 0.033445
0 0.012222 0.016722 0.024444 0.033445
0 0.012222 0.016722 0.024444 0.033445
0 0.012222 0.016722 0.024444 0.033445
0 0.012222 0.016722 0.024444 0.033445
0 0.012222 0.016722 0.024444 0.033445
0 0.012222 0.016722 0.024444 0.033445
0 0.012222 0.016722 0.024444 0.033445
0 0.012222 0.016722 0.024444 0.033445
0 0.012222 0.016722 0.024444 0.033445
0 0.012222 0.016722 0.024444 0.033445
0 0.012222 0.016722 0.024444 0.033445