0 0.008800 0.023256 0.017600 0.046512
0 0.008800 0.023256 0.017600 0.046512
0 0.008800 0.023256 0.017600 0.046512
0 0.008800 0.023256 0.017600 0.046512
0 0.008800 0.023256 0.017600 0.046512
0 0.008800 0.023256 0.017600 0.046512
0 0.008800 0.023256 0.017600 0.046512
0 0.008800 0.023256 0.017600 0.046512
0 0.008800 0.023256 0.017600 0.046512
0 0.008800 0.023256 0.017600 0.046512
0 0.008800 0.023256 0.017600 0.046512
0 0.008800 0.023256 0.017600 0.046512
0 0.008800 0.023256 0.017600 0.046512
0 0.008800 0.023256 0.017600 0.046512
0 0.008800 0.023256 0.017600 0.046512
0 0.008800 0.023256 0.017600 0.046512
0 0.008800 0.023256 0.017600 0.046512
0 0.008800 0.023256 0.017600 0.046512
0 0.008800 0.023256 0.017600 0.046512
0 0.008800 0.023256 0.017600 0.046512
0 0.008800 0.023256 0.017600 0.046512
0 0.008800 0.023256 0.017600 0.046512
0 0.009600 0.023256 0.019200 0.046512
0 0.008800 0.023256 0.017600 0.046512
0 0.008800 0.023256 0.017600 0.046512
0 0.008800 0.023256 0.017600 0.046512
0 0.008800 0.023256 0.017600 0.046512
0 0.008800 0.023256 0.017600 0.046512
0 0.008800 0.023256 0.017600 0.046512
0 0.008800 0.023256 0.017600 0.046512
0 0.008800 0.023256 0.017600 0.046512
0 0.008800 0.023256 0.017600 0.046512
0 0.008800 0.023256 0.017600 0.046512
0 0.008800 0.023256 0.017600 0.046512
0 0.008800 0.023256 0.017600 0.046512
0 0.008800 0.023256 0.017600 0.046512
0 0.008800 0.023256 0.017600 0.046512
0 0.008800 0.023256 0.017600 0.046512
0 0.008800 0.023256 0.017600 0.046512
0 0.008800 0.023256 0.017600 0.046512
0 0.008800 0.023256 0.017600 0.046512
0 0.008800 0.023256 0.017600 0.046512
0 0.008800 0.023256 0.017600 0.046512
0 0.008800 0.023256 0.017600 0.046512
0 0.008800 0.023256 0.017600 0.046512
0 0.008800 0.023256 0.017600 0.046512
0 0.008800 0.023256 0.017600 0.046512
0 0.008800 0.023256 0.017600 0.046512
0 0.008800 0.023256 0.017600 0.046512
0 0.008800 0.023256 0.017600 0.046512
0 0.008800 0.023256 0.017600 0.046512
0 0.009600 0.023256 0.019200 0.046512
0 0.008800 0.023256 0.017600 0.046512
0 0.008800 0.023256 0.017600 0.046512
0 0.008800 0.023256 0.017600 0.046512
0 0.008800 0.023256 0.017600 0.046512
0 0.008800 0.023256 0.017600 0.046512
0 0.008800 0.023256 0.017600 0.046512
0 0.008800 0.023256 0.017600 0.046512
0 0.008800 0.023256 0.017600 0.046512
0 0.008800 0.023256 0.017600 0.046512
0 0.008800 0.023256 0.017600 0.046512
0 0.008800 0.023256 0.017600 0.046512
0 0.008800 0.023256 0.017600 0.046512
0 0.008800 0.023256 0.017600 0.046512
0 0.008800 0.023256 0.017600 0.046512
0 0.008800 0.023256 0.017600 0.046512
0 0.008800 0.023256 0.017600 0.046512
0 0.008800 0.023256 0.017600 0.046512
0 0.008800 0.023256 0.017600 0.046512
0 0.008800 0.023256 0.017600 0.046512
0 0.008800 0.023256 0.017600 0.046512
0 0.008800 0.023256 0.017600 0.046512
0 0.008800 0.023256 0.017600 0.046512
0 0.008800 0.023256 0.017600 0.046512
0 0.008800 0.023256 0.017600 0.046512
0 0.008800 0.023256 0.017600 0.046512
0 0.008800 0.023256 0.017600 0.046512
0 0.008800 0.023256 0.017600 0.046512