0 0.010185 0.015320 0.020370 0.030641
0 0.010185 0.013928 0.020370 0.027855
0 0.011111 0.013928 0.022222 0.027855
0 0.010185 0.013928 0.020370 0.027855
0 0.010185 0.013928 0.020370 0.027855
0 0.010185 0.013928 0.020370 0.027855
0 0.010185 0.013928 0.020370 0.027855
0 0.010185 0.013928 0.020370 0.027855
0 0.010185 0.013928 0.020370 0.027855
0 0.010185 0.013928 0.020370 0.027855
0 0.010185 0.013928 0.020370 0.027855
0 0.010185 0.013928 0.020370 0.027855
0 0.010185 0.013928 0.020370 0.027855
0 0.010185 0.013928 0.020370 0.027855
0 0.010185 0.013928 0.020370 0.027855
0 0.010185 0.013928 0.020370 0.027855
0 0.010185 0.013928 0.020370 0.027855
0 0.010185 0.013928 0.020370 0.027855
0 0.010185 0.015320 0.020370 0.030641
0 0.011111 0.013928 0.022222 0.027855
0 0.010185 0.013928 0.020370 0.027855
0 0.011111 0.013928 0.022222 0.027855
0 0.011111 0.013928 0.022222 0.027855
0 0.010185 0.013928 0.020370 0.027855
0 0.010185 0.015320 0.020370 0.030641
0 0.010185 0.015320 0.020370 0.030641
0 0.010185 0.013928 0.020370 0.027855
0 0.010185 0.013928 0.020370 0.027855
0 0.010185 0.013928 0.020370 0.027855
0 0.010185 0.015320 0.020370 0.030641
0 0.010185 0.013928 0.020370 0.027855
0 0.010185 0.013928 0.020370 0.027855
0 0.010185 0.013928 0.020370 0.027855
0 0.011111 0.013928 0.022222 0.027855
0 0.010185 0.015320 0.020370 0.030641
0 0.010185 0.013928 0.020370 0.027855
0 0.010185 0.015320 0.020370 0.030641
0 0.010185 0.013928 0.020370 0.027855
0 0.010185 0.013928 0.020370 0.027855
0 0.010185 0.015320 0.020370 0.030641
0 0.010185 0.013928 0.020370 0.027855
0 0.010185 0.013928 0.020370 0.027855
0 0.010185 0.015320 0.020370 0.030641
0 0.010185 0.013928 0.020370 0.027855
0 0.010185 0.013928 0.020370 0.027855
0 0.010185 0.015320 0.020370 0.030641
0 0.010185 0.013928 0.020370 0.027855
0 0.010185 0.013928 0.020370 0.027855
0 0.010185 0.013928 0.020370 0.027855
0 0.010185 0.013928 0.020370 0.027855
0 0.010185 0.015320 0.020370 0.030641
0 0.010185 0.013928 0.020370 0.027855
0 0.010185 0.013928 0.020370 0.027855
0 0.010185 0.013928 0.020370 0.027855
0 0.010185 0.013928 0.020370 0.027855
0 0.011111 0.013928 0.022222 0.027855
0 0.011111 0.013928 0.022222 0.027855
0 0.010185 0.013928 0.020370 0.027855
0 0.010185 0.013928 0.020370 0.027855
0 0.010185 0.013928 0.020370 0.027855
0 0.011111 0.013928 0.022222 0.027855
0 0.010185 0.013928 0.020370 0.027855
0 0.010185 0.013928 0.020370 0.027855
0 0.010185 0.013928 0.020370 0.027855
0 0.010185 0.013928 0.020370 0.027855
0 0.010185 0.013928 0.020370 0.027855
0 0.010185 0.013928 0.020370 0.027855
0 0.010185 0.013928 0.020370 0.027855
0 0.010185 0.013928 0.020370 0.027855
0 0.010185 0.015320 0.020370 0.030641
0 0.010185 0.013928 0.020370 0.027855
0 0.010185 0.015320 0.020370 0.030641
0 0.010185 0.013928 0.020370 0.027855
0 0.010185 0.013928 0.020370 0.027855
0 0.010185 0.013928 0.020370 0.027855
0 0.010185 0.013928 0.020370 0.027855
0 0.010185 0.013928 0.020370 0.027855
0 0.010185 0.013928 0.020370 0.027855
0 0.010185 0.013928 0.020370 0.027855
0 0.010185 0.013928 0.020370 0.027855
0 0.010185 0.013928 0.020370 0.027855
0 0.010185 0.013928 0.020370 0.027855
0 0.010185 0.013928 0.020370 0.027855
0 0.010185 0.013928 0.020370 0.027855
0 0.010185 0.013928 0.020370 0.027855
0 0.010185 0.013928 0.020370 0.027855
0 0.010185 0.015320 0.020370 0.030641
0 0.010185 0.013928 0.020370 0.027855
0 0.010185 0.013928 0.020370 0.027855
0 0.010185 0.015320 0.020370 0.030641
0 0.010185 0.013928 0.020370 0.027855
0 0.010185 0.013928 0.020370 0.027855
0 0.010185 0.013928 0.020370 0.027855
0 0.010185 0.013928 0.020370 0.027855
0 0.010185 0.015320 0.020370 0.030641
0 0.010185 0.013928 0.020370 0.027855
0 0.010185 0.015320 0.020370 0.030641
0 0.010185 0.015320 0.020370 0.030641