0 0.001075 0.001612 0.002150 0.003225
0 0.001075 0.001612 0.002150 0.003225
0 0.001075 0.001466 0.002150 0.002932
0 0.001075 0.001612 0.002150 0.003225
0 0.001075 0.001612 0.002150 0.003225
0 0.001075 0.001466 0.002150 0.002932
0 0.001075 0.001612 0.002150 0.003225
0 0.001075 0.001612 0.002150 0.003225
0 0.001075 0.001612 0.002150 0.003225
0 0.001075 0.001466 0.002150 0.002932
0 0.001075 0.001466 0.002150 0.002932
0 0.001075 0.001466 0.002150 0.002932
0 0.001075 0.001466 0.002150 0.002932
0 0.001075 0.001612 0.002150 0.003225
0 0.001075 0.001466 0.002150 0.002932
0 0.001075 0.001612 0.002150 0.003225
0 0.001075 0.001466 0.002150 0.002932
0 0.001075 0.001612 0.002150 0.003225
0 0.001075 0.001466 0.002150 0.002932
0 0.001075 0.001466 0.002150 0.002932
0 0.001075 0.001466 0.002150 0.002932
0 0.001075 0.001612 0.002150 0.003225
0 0.001075 0.001612 0.002150 0.003225
0 0.001075 0.001466 0.002150 0.002932
0 0.001075 0.001612 0.002150 0.003225
0 0.001075 0.001612 0.002150 0.003225
0 0.001075 0.001612 0.002150 0.003225
0 0.001075 0.001466 0.002150 0.002932
0 0.001075 0.001466 0.002150 0.002932
0 0.001075 0.001612 0.002150 0.003225
0 0.001075 0.001612 0.002150 0.003225
0 0.001075 0.001466 0.002150 0.002932
0 0.001075 0.001612 0.002150 0.003225
0 0.001075 0.001466 0.002150 0.002932
0 0.001075 0.001466 0.002150 0.002932
0 0.001075 0.001466 0.002150 0.002932
0 0.001075 0.001466 0.002150 0.002932
0 0.001075 0.001466 0.002150 0.002932
0 0.001075 0.001612 0.002150 0.003225
0 0.001075 0.001612 0.002150 0.003225
0 0.001075 0.001612 0.002150 0.003225
0 0.001075 0.001466 0.002150 0.002932
0 0.001075 0.001466 0.002150 0.002932
0 0.001075 0.001466 0.002150 0.002932
0 0.001075 0.001466 0.002150 0.002932
0 0.001075 0.001612 0.002150 0.003225
0 0.001075 0.001612 0.002150 0.003225
0 0.001075 0.001612 0.002150 0.003225
0 0.001075 0.001612 0.002150 0.003225
0 0.001075 0.001466 0.002150 0.002932
0 0.001075 0.001466 0.002150 0.002932
0 0.001075 0.001466 0.002150 0.002932
0 0.001075 0.001466 0.002150 0.002932
0 0.001075 0.001612 0.002150 0.003225
0 0.001075 0.001612 0.002150 0.003225
0 0.001075 0.001612 0.002150 0.003225
0 0.001075 0.001612 0.002150 0.003225
0 0.001075 0.001466 0.002150 0.002932
0 0.001075 0.001466 0.002150 0.002932