0 0.011702 0.013298 0.023404 0.026596
0 0.011702 0.013298 0.023404 0.026596
0 0.011702 0.013298 0.023404 0.026596
0 0.011702 0.013298 0.023404 0.026596
0 0.011702 0.013298 0.023404 0.026596
0 0.011702 0.013298 0.023404 0.026596
0 0.011702 0.013298 0.023404 0.026596
0 0.011702 0.013298 0.023404 0.026596
0 0.011702 0.013298 0.023404 0.026596
0 0.011702 0.013298 0.023404 0.026596
0 0.011702 0.013298 0.023404 0.026596
0 0.011702 0.013298 0.023404 0.026596
0 0.011702 0.013298 0.023404 0.026596
0 0.011702 0.013298 0.023404 0.026596
0 0.011702 0.013298 0.023404 0.026596
0 0.012766 0.013298 0.025532 0.026596
0 0.011702 0.013298 0.023404 0.026596
0 0.011702 0.013298 0.023404 0.026596
0 0.011702 0.013298 0.023404 0.026596
0 0.011702 0.013298 0.023404 0.026596
0 0.011702 0.013298 0.023404 0.026596
0 0.011702 0.013298 0.023404 0.026596
0 0.011702 0.013298 0.023404 0.026596
0 0.011702 0.013298 0.023404 0.026596
0 0.011702 0.013298 0.023404 0.026596
0 0.011702 0.013298 0.023404 0.026596
0 0.011702 0.013298 0.023404 0.026596
0 0.011702 0.013298 0.023404 0.026596
0 0.011702 0.013298 0.023404 0.026596
0 0.011702 0.013298 0.023404 0.026596
0 0.011702 0.013298 0.023404 0.026596
0 0.011702 0.013298 0.023404 0.026596
0 0.011702 0.013298 0.023404 0.026596
0 0.011702 0.013298 0.023404 0.026596
0 0.011702 0.013298 0.023404 0.026596
0 0.011702 0.013298 0.023404 0.026596
0 0.011702 0.013298 0.023404 0.026596
0 0.011702 0.013298 0.023404 0.026596
0 0.011702 0.013298 0.023404 0.026596
0 0.011702 0.013298 0.023404 0.026596
0 0.011702 0.013298 0.023404 0.026596
0 0.011702 0.013298 0.023404 0.026596
0 0.011702 0.013298 0.023404 0.026596
0 0.011702 0.013298 0.023404 0.026596
0 0.011702 0.013298 0.023404 0.026596
0 0.011702 0.013298 0.023404 0.026596
0 0.011702 0.013298 0.023404 0.026596
0 0.011702 0.013298 0.023404 0.026596
0 0.011702 0.013298 0.023404 0.026596
0 0.011702 0.013298 0.023404 0.026596
0 0.011702 0.013298 0.023404 0.026596
0 0.011702 0.013298 0.023404 0.026596
0 0.011702 0.013298 0.023404 0.026596
0 0.011702 0.013298 0.023404 0.026596
0 0.011702 0.013298 0.023404 0.026596
0 0.012766 0.013298 0.025532 0.026596
0 0.011702 0.013298 0.023404 0.026596
0 0.011702 0.013298 0.023404 0.026596
0 0.011702 0.013298 0.023404 0.026596
0 0.011702 0.013298 0.023404 0.026596
0 0.011702 0.013298 0.023404 0.026596
0 0.011702 0.013298 0.023404 0.026596
0 0.011702 0.013298 0.023404 0.026596
0 0.011702 0.013298 0.023404 0.026596
0 0.011702 0.013298 0.023404 0.026596
0 0.011702 0.013298 0.023404 0.026596
0 0.011702 0.013298 0.023404 0.026596
0 0.011702 0.013298 0.023404 0.026596
0 0.011702 0.013298 0.023404 0.026596
0 0.011702 0.013298 0.023404 0.026596
0 0.011702 0.013298 0.023404 0.026596
0 0.011702 0.013298 0.023404 0.026596
0 0.011702 0.013298 0.023404 0.026596
0 0.011702 0.013298 0.023404 0.026596
0 0.011702 0.013298 0.023404 0.026596
0 0.011702 0.013298 0.023404 0.026596
0 0.011702 0.013298 0.023404 0.026596
0 0.011702 0.013298 0.023404 0.026596
0 0.011702 0.013298 0.023404 0.026596
0 0.011702 0.013298 0.023404 0.026596
0 0.011702 0.013298 0.023404 0.026596