0 0.001116 0.001524 0.002232 0.003049
0 0.001116 0.001524 0.002232 0.003049
0 0.001116 0.001524 0.002232 0.003049
0 0.001116 0.001524 0.002232 0.003049
0 0.001116 0.001524 0.002232 0.003049
0 0.001116 0.001524 0.002232 0.003049
0 0.001116 0.001524 0.002232 0.003049
0 0.001116 0.001524 0.002232 0.003049
0 0.001116 0.001524 0.002232 0.003049
0 0.001218 0.001524 0.002435 0.003049
0 0.001116 0.001524 0.002232 0.003049
0 0.001116 0.001524 0.002232 0.003049
0 0.001116 0.001524 0.002232 0.003049
0 0.001116 0.001524 0.002232 0.003049
0 0.001116 0.001524 0.002232 0.003049
0 0.001116 0.001524 0.002232 0.003049
0 0.001116 0.001524 0.002232 0.003049
0 0.001116 0.001524 0.002232 0.003049
0 0.001116 0.001524 0.002232 0.003049
0 0.001218 0.001524 0.002435 0.003049
0 0.001116 0.001524 0.002232 0.003049
0 0.001116 0.001524 0.002232 0.003049
0 0.001116 0.001524 0.002232 0.003049