0 0.008987 0.012594 0.017974 0.025189
0 0.008987 0.013854 0.017974 0.027708
0 0.008987 0.012594 0.017974 0.025189
0 0.008987 0.012594 0.017974 0.025189
0 0.008987 0.012594 0.017974 0.025189
0 0.008987 0.012594 0.017974 0.025189
0 0.008987 0.012594 0.017974 0.025189
0 0.008987 0.013854 0.017974 0.027708
0 0.008987 0.012594 0.017974 0.025189
0 0.008987 0.013854 0.017974 0.027708
0 0.008987 0.012594 0.017974 0.025189
0 0.008987 0.013854 0.017974 0.027708
0 0.008987 0.012594 0.017974 0.025189
0 0.008987 0.012594 0.017974 0.025189
0 0.008987 0.012594 0.017974 0.025189
0 0.008987 0.012594 0.017974 0.025189