0 0.007208 0.010338 0.014417 0.020677
0 0.007208 0.010338 0.014417 0.020677
0 0.007208 0.009398 0.014417 0.018797
0 0.007208 0.010338 0.014417 0.020677
0 0.007208 0.009398 0.014417 0.018797
0 0.007208 0.010338 0.014417 0.020677
0 0.007208 0.010338 0.014417 0.020677
0 0.007208 0.010338 0.014417 0.020677
0 0.007208 0.010338 0.014417 0.020677
0 0.007208 0.009398 0.014417 0.018797
0 0.007208 0.010338 0.014417 0.020677
0 0.007208 0.010338 0.014417 0.020677
0 0.007208 0.009398 0.014417 0.018797
0 0.007208 0.010338 0.014417 0.020677
0 0.007208 0.009398 0.014417 0.018797
0 0.007208 0.010338 0.014417 0.020677
0 0.007208 0.009398 0.014417 0.018797
0 0.007208 0.009398 0.014417 0.018797
0 0.007208 0.010338 0.014417 0.020677
0 0.007208 0.009398 0.014417 0.018797
0 0.007208 0.010338 0.014417 0.020677
0 0.007208 0.010338 0.014417 0.020677
0 0.007208 0.010338 0.014417 0.020677
0 0.007208 0.010338 0.014417 0.020677
0 0.007208 0.010338 0.014417 0.020677
0 0.007208 0.010338 0.014417 0.020677
0 0.007208 0.010338 0.014417 0.020677
0 0.007208 0.010338 0.014417 0.020677
0 0.007208 0.010338 0.014417 0.020677
0 0.007208 0.010338 0.014417 0.020677
0 0.007208 0.009398 0.014417 0.018797
0 0.007208 0.010338 0.014417 0.020677
0 0.007208 0.009398 0.014417 0.018797
0 0.007208 0.010338 0.014417 0.020677
0 0.007208 0.010338 0.014417 0.020677
0 0.007208 0.009398 0.014417 0.018797
0 0.007208 0.010338 0.014417 0.020677
0 0.007208 0.009398 0.014417 0.018797
0 0.007208 0.010338 0.014417 0.020677
0 0.007208 0.009398 0.014417 0.018797
0 0.007208 0.010338 0.014417 0.020677
0 0.007208 0.009398 0.014417 0.018797
0 0.007208 0.010338 0.014417 0.020677