0 0.008462 0.016026 0.016923 0.032051
0 0.008462 0.016026 0.016923 0.032051
0 0.008462 0.016026 0.016923 0.032051
0 0.008462 0.016026 0.016923 0.032051
0 0.008462 0.016026 0.016923 0.032051
0 0.008462 0.016026 0.016923 0.032051
0 0.008462 0.016026 0.016923 0.032051
0 0.008462 0.016026 0.016923 0.032051
0 0.008462 0.016026 0.016923 0.032051
0 0.008462 0.016026 0.016923 0.032051
0 0.008462 0.016026 0.016923 0.032051
0 0.009231 0.016026 0.018462 0.032051
0 0.008462 0.016026 0.016923 0.032051
0 0.008462 0.016026 0.016923 0.032051
0 0.008462 0.016026 0.016923 0.032051
0 0.008462 0.016026 0.016923 0.032051
0 0.008462 0.016026 0.016923 0.032051
0 0.008462 0.016026 0.016923 0.032051
0 0.008462 0.016026 0.016923 0.032051
0 0.008462 0.016026 0.016923 0.032051
0 0.008462 0.016026 0.016923 0.032051
0 0.008462 0.016026 0.016923 0.032051
0 0.008462 0.016026 0.016923 0.032051
0 0.008462 0.016026 0.016923 0.032051
0 0.008462 0.016026 0.016923 0.032051
0 0.008462 0.016026 0.016923 0.032051
0 0.008462 0.016026 0.016923 0.032051
0 0.008462 0.016026 0.016923 0.032051
0 0.008462 0.016026 0.016923 0.032051
0 0.008462 0.016026 0.016923 0.032051
0 0.008462 0.016026 0.016923 0.032051
0 0.008462 0.016026 0.016923 0.032051
0 0.008462 0.016026 0.016923 0.032051
0 0.008462 0.016026 0.016923 0.032051
0 0.008462 0.016026 0.016923 0.032051
0 0.009231 0.016026 0.018462 0.032051
0 0.008462 0.016026 0.016923 0.032051
0 0.008462 0.016026 0.016923 0.032051
0 0.008462 0.016026 0.016923 0.032051
0 0.008462 0.016026 0.016923 0.032051
0 0.008462 0.016026 0.016923 0.032051
0 0.008462 0.016026 0.016923 0.032051
0 0.008462 0.016026 0.016923 0.032051
0 0.008462 0.016026 0.016923 0.032051
0 0.008462 0.016026 0.016923 0.032051
0 0.008462 0.016026 0.016923 0.032051
0 0.008462 0.016026 0.016923 0.032051
0 0.008462 0.016026 0.016923 0.032051
0 0.008462 0.016026 0.016923 0.032051
0 0.008462 0.016026 0.016923 0.032051
0 0.008462 0.016026 0.016923 0.032051
0 0.008462 0.016026 0.016923 0.032051
0 0.008462 0.016026 0.016923 0.032051
0 0.008462 0.016026 0.016923 0.032051
0 0.008462 0.016026 0.016923 0.032051
0 0.008462 0.016026 0.016923 0.032051
0 0.008462 0.016026 0.016923 0.032051
0 0.008462 0.016026 0.016923 0.032051
0 0.008462 0.016026 0.016923 0.032051
0 0.008462 0.016026 0.016923 0.032051