0 0.008730 0.012500 0.017460 0.025000
0 0.008730 0.012500 0.017460 0.025000
0 0.009524 0.012500 0.019048 0.025000
0 0.008730 0.012500 0.017460 0.025000
0 0.008730 0.012500 0.017460 0.025000
0 0.008730 0.012500 0.017460 0.025000
0 0.008730 0.012500 0.017460 0.025000
0 0.008730 0.012500 0.017460 0.025000
0 0.008730 0.012500 0.017460 0.025000
0 0.008730 0.012500 0.017460 0.025000
0 0.008730 0.012500 0.017460 0.025000
0 0.008730 0.012500 0.017460 0.025000
0 0.008730 0.012500 0.017460 0.025000
0 0.008730 0.012500 0.017460 0.025000
0 0.008730 0.012500 0.017460 0.025000
0 0.008730 0.012500 0.017460 0.025000
0 0.008730 0.012500 0.017460 0.025000
0 0.008730 0.012500 0.017460 0.025000
0 0.008730 0.012500 0.017460 0.025000
0 0.008730 0.012500 0.017460 0.025000
0 0.008730 0.012500 0.017460 0.025000
0 0.008730 0.012500 0.017460 0.025000
0 0.008730 0.012500 0.017460 0.025000
0 0.008730 0.012500 0.017460 0.025000
0 0.008730 0.012500 0.017460 0.025000
0 0.008730 0.012500 0.017460 0.025000
0 0.008730 0.012500 0.017460 0.025000
0 0.008730 0.012500 0.017460 0.025000
0 0.008730 0.012500 0.017460 0.025000
0 0.008730 0.012500 0.017460 0.025000
0 0.008730 0.012500 0.017460 0.025000
0 0.008730 0.012500 0.017460 0.025000
0 0.008730 0.012500 0.017460 0.025000
0 0.008730 0.012500 0.017460 0.025000
0 0.008730 0.012500 0.017460 0.025000
0 0.008730 0.012500 0.017460 0.025000
0 0.008730 0.012500 0.017460 0.025000
0 0.008730 0.012500 0.017460 0.025000
0 0.008730 0.012500 0.017460 0.025000
0 0.008730 0.012500 0.017460 0.025000
0 0.008730 0.012500 0.017460 0.025000
0 0.009524 0.012500 0.019048 0.025000
0 0.009524 0.012500 0.019048 0.025000
0 0.008730 0.012500 0.017460 0.025000
0 0.008730 0.012500 0.017460 0.025000
0 0.008730 0.012500 0.017460 0.025000
0 0.008730 0.012500 0.017460 0.025000
0 0.008730 0.012500 0.017460 0.025000
0 0.008730 0.012500 0.017460 0.025000
0 0.008730 0.012500 0.017460 0.025000
0 0.008730 0.012500 0.017460 0.025000
0 0.008730 0.012500 0.017460 0.025000
0 0.008730 0.012500 0.017460 0.025000
0 0.008730 0.012500 0.017460 0.025000
0 0.009524 0.012500 0.019048 0.025000
0 0.008730 0.012500 0.017460 0.025000
0 0.008730 0.012500 0.017460 0.025000
0 0.008730 0.012500 0.017460 0.025000
0 0.008730 0.012500 0.017460 0.025000
0 0.008730 0.012500 0.017460 0.025000
0 0.008730 0.012500 0.017460 0.025000
0 0.008730 0.012500 0.017460 0.025000
0 0.008730 0.012500 0.017460 0.025000
0 0.008730 0.012500 0.017460 0.025000
0 0.008730 0.012500 0.017460 0.025000
0 0.008730 0.012500 0.017460 0.025000
0 0.008730 0.012500 0.017460 0.025000
0 0.008730 0.012500 0.017460 0.025000
0 0.008730 0.012500 0.017460 0.025000
0 0.008730 0.012500 0.017460 0.025000
0 0.008730 0.012500 0.017460 0.025000
0 0.008730 0.012500 0.017460 0.025000