0 0.003819 0.005230 0.007639 0.010460
0 0.003819 0.005230 0.007639 0.010460
0 0.003819 0.005230 0.007639 0.010460
0 0.003819 0.005230 0.007639 0.010460
0 0.003819 0.005230 0.007639 0.010460
0 0.003819 0.005230 0.007639 0.010460
0 0.003819 0.005230 0.007639 0.010460
0 0.003819 0.005230 0.007639 0.010460
0 0.003819 0.005230 0.007639 0.010460
0 0.003819 0.005230 0.007639 0.010460
0 0.003819 0.005230 0.007639 0.010460
0 0.003819 0.005230 0.007639 0.010460
0 0.003819 0.005230 0.007639 0.010460
0 0.003819 0.005230 0.007639 0.010460
0 0.003819 0.005230 0.007639 0.010460
0 0.003819 0.005230 0.007639 0.010460
0 0.003819 0.005230 0.007639 0.010460
0 0.003819 0.005230 0.007639 0.010460
0 0.003819 0.005230 0.007639 0.010460
0 0.003819 0.005230 0.007639 0.010460
0 0.003819 0.005230 0.007639 0.010460
0 0.003819 0.005230 0.007639 0.010460
0 0.003819 0.005230 0.007639 0.010460
0 0.003819 0.005230 0.007639 0.010460
0 0.003819 0.005230 0.007639 0.010460
0 0.003819 0.005230 0.007639 0.010460
0 0.003819 0.005230 0.007639 0.010460
0 0.003819 0.005230 0.007639 0.010460
0 0.003819 0.005230 0.007639 0.010460
0 0.003819 0.005230 0.007639 0.010460
0 0.003819 0.005230 0.007639 0.010460
0 0.003819 0.005230 0.007639 0.010460
0 0.003819 0.005230 0.007639 0.010460
0 0.003819 0.005230 0.007639 0.010460
0 0.003819 0.005230 0.007639 0.010460
0 0.003819 0.005230 0.007639 0.010460
0 0.003819 0.005230 0.007639 0.010460
0 0.003819 0.005230 0.007639 0.010460
0 0.003819 0.005230 0.007639 0.010460
0 0.003819 0.005230 0.007639 0.010460