0 0.009182 0.011765 0.018364 0.023529
0 0.009182 0.011765 0.018364 0.023529
0 0.009182 0.011765 0.018364 0.023529
0 0.009182 0.011765 0.018364 0.023529
0 0.009182 0.011765 0.018364 0.023529
0 0.009182 0.011765 0.018364 0.023529
0 0.009182 0.011765 0.018364 0.023529
0 0.010851 0.011765 0.021703 0.023529
0 0.009182 0.011765 0.018364 0.023529
0 0.009182 0.011765 0.018364 0.023529
0 0.009182 0.011765 0.018364 0.023529
0 0.009182 0.011765 0.018364 0.023529
0 0.009182 0.011765 0.018364 0.023529
0 0.009182 0.011765 0.018364 0.023529
0 0.009182 0.011765 0.018364 0.023529
0 0.009182 0.011765 0.018364 0.023529
0 0.009182 0.011765 0.018364 0.023529
0 0.009182 0.011765 0.018364 0.023529
0 0.009182 0.011765 0.018364 0.023529
0 0.009182 0.011765 0.018364 0.023529
0 0.009182 0.011765 0.018364 0.023529
0 0.009182 0.011765 0.018364 0.023529
0 0.009182 0.011765 0.018364 0.023529
0 0.009182 0.011765 0.018364 0.023529
0 0.009182 0.011765 0.018364 0.023529
0 0.009182 0.011765 0.018364 0.023529
0 0.009182 0.011765 0.018364 0.023529
0 0.009182 0.011765 0.018364 0.023529
0 0.010851 0.011765 0.021703 0.023529
0 0.009182 0.011765 0.018364 0.023529
0 0.009182 0.011765 0.018364 0.023529
0 0.009182 0.011765 0.018364 0.023529
0 0.009182 0.011765 0.018364 0.023529
0 0.009182 0.011765 0.018364 0.023529
0 0.009182 0.011765 0.018364 0.023529
0 0.009182 0.011765 0.018364 0.023529
0 0.009182 0.011765 0.018364 0.023529
0 0.009182 0.011765 0.018364 0.023529
0 0.009182 0.011765 0.018364 0.023529
0 0.009182 0.011765 0.018364 0.023529
0 0.009182 0.011765 0.018364 0.023529
0 0.009182 0.011765 0.018364 0.023529
0 0.009182 0.011765 0.018364 0.023529
0 0.009182 0.011765 0.018364 0.023529
0 0.009182 0.011765 0.018364 0.023529
0 0.009182 0.011765 0.018364 0.023529
0 0.009182 0.011765 0.018364 0.023529
0 0.009182 0.011765 0.018364 0.023529
0 0.009182 0.011765 0.018364 0.023529
0 0.009182 0.011765 0.018364 0.023529
0 0.009182 0.011765 0.018364 0.023529
0 0.009182 0.011765 0.018364 0.023529
0 0.009182 0.011765 0.018364 0.023529
0 0.009182 0.011765 0.018364 0.023529
0 0.009182 0.011765 0.018364 0.023529
0 0.009182 0.011765 0.018364 0.023529