0 0.008648 0.011876 0.017296 0.023753
0 0.008648 0.011876 0.017296 0.023753
0 0.008648 0.011876 0.017296 0.023753
0 0.008648 0.011876 0.017296 0.023753
0 0.008648 0.011876 0.017296 0.023753
0 0.008648 0.011876 0.017296 0.023753
0 0.008648 0.011876 0.017296 0.023753
0 0.008648 0.011876 0.017296 0.023753
0 0.008648 0.011876 0.017296 0.023753
0 0.008648 0.011876 0.017296 0.023753
0 0.008648 0.011876 0.017296 0.023753
0 0.008648 0.011876 0.017296 0.023753
0 0.008648 0.011876 0.017296 0.023753
0 0.008648 0.011876 0.017296 0.023753
0 0.008648 0.011876 0.017296 0.023753
0 0.008648 0.011876 0.017296 0.023753
0 0.008648 0.011876 0.017296 0.023753
0 0.008648 0.011876 0.017296 0.023753
0 0.008648 0.011876 0.017296 0.023753
0 0.008648 0.011876 0.017296 0.023753
0 0.008648 0.011876 0.017296 0.023753
0 0.008648 0.011876 0.017296 0.023753
0 0.008648 0.011876 0.017296 0.023753
0 0.008648 0.011876 0.017296 0.023753
0 0.008648 0.011876 0.017296 0.023753
0 0.008648 0.011876 0.017296 0.023753