0 0.006463 0.013263 0.012926 0.026525
0 0.006463 0.013263 0.012926 0.026525
0 0.006463 0.013263 0.012926 0.026525
0 0.006463 0.013263 0.012926 0.026525
0 0.006463 0.013263 0.012926 0.026525
0 0.006463 0.013263 0.012926 0.026525
0 0.006463 0.013263 0.012926 0.026525
0 0.006463 0.013263 0.012926 0.026525
0 0.006463 0.013263 0.012926 0.026525
0 0.006463 0.013263 0.012926 0.026525
0 0.006463 0.013263 0.012926 0.026525
0 0.006463 0.013263 0.012926 0.026525
0 0.006463 0.013263 0.012926 0.026525
0 0.006463 0.013263 0.012926 0.026525
0 0.006463 0.013263 0.012926 0.026525
0 0.006463 0.013263 0.012926 0.026525
0 0.006463 0.013263 0.012926 0.026525
0 0.006463 0.013263 0.012926 0.026525
0 0.006463 0.013263 0.012926 0.026525
0 0.006463 0.013263 0.012926 0.026525
0 0.006463 0.013263 0.012926 0.026525
0 0.006463 0.013263 0.012926 0.026525
0 0.006463 0.013263 0.012926 0.026525
0 0.006463 0.013263 0.012926 0.026525
0 0.006463 0.013263 0.012926 0.026525
0 0.006463 0.013263 0.012926 0.026525
0 0.006463 0.013263 0.012926 0.026525