0 0.005717 0.008621 0.011435 0.017241
0 0.005717 0.008621 0.011435 0.017241
0 0.005717 0.008621 0.011435 0.017241
0 0.005717 0.008621 0.011435 0.017241
0 0.005717 0.008621 0.011435 0.017241
0 0.005717 0.007837 0.011435 0.015674
0 0.005717 0.008621 0.011435 0.017241
0 0.005717 0.008621 0.011435 0.017241
0 0.005717 0.007837 0.011435 0.015674
0 0.005717 0.007837 0.011435 0.015674
0 0.005717 0.007837 0.011435 0.015674
0 0.005717 0.008621 0.011435 0.017241
0 0.005717 0.007837 0.011435 0.015674
0 0.005717 0.007837 0.011435 0.015674
0 0.005717 0.007837 0.011435 0.015674
0 0.005717 0.008621 0.011435 0.017241
0 0.005717 0.007837 0.011435 0.015674
0 0.005717 0.007837 0.011435 0.015674
0 0.005717 0.007837 0.011435 0.015674
0 0.005717 0.007837 0.011435 0.015674
0 0.005717 0.007837 0.011435 0.015674
0 0.005717 0.007837 0.011435 0.015674
0 0.005717 0.008621 0.011435 0.017241
0 0.005717 0.007837 0.011435 0.015674
0 0.005717 0.008621 0.011435 0.017241
0 0.005717 0.007837 0.011435 0.015674
0 0.005717 0.007837 0.011435 0.015674
0 0.005717 0.007837 0.011435 0.015674
0 0.005717 0.008621 0.011435 0.017241
0 0.005717 0.008621 0.011435 0.017241
0 0.005717 0.008621 0.011435 0.017241
0 0.005717 0.007837 0.011435 0.015674
0 0.005717 0.007837 0.011435 0.015674
0 0.005717 0.007837 0.011435 0.015674
0 0.005717 0.007837 0.011435 0.015674
0 0.005717 0.007837 0.011435 0.015674
0 0.005717 0.008621 0.011435 0.017241
0 0.005717 0.008621 0.011435 0.017241
0 0.005717 0.008621 0.011435 0.017241
0 0.005717 0.008621 0.011435 0.017241
0 0.005717 0.007837 0.011435 0.015674
0 0.005717 0.007837 0.011435 0.015674
0 0.005717 0.007837 0.011435 0.015674
0 0.005717 0.008621 0.011435 0.017241
0 0.005717 0.007837 0.011435 0.015674
0 0.005717 0.008621 0.011435 0.017241
0 0.005717 0.007837 0.011435 0.015674
0 0.005717 0.007837 0.011435 0.015674
0 0.005717 0.008621 0.011435 0.017241
0 0.005717 0.008621 0.011435 0.017241
0 0.005717 0.007837 0.011435 0.015674
0 0.005717 0.008621 0.011435 0.017241
0 0.005717 0.007837 0.011435 0.015674
0 0.005717 0.007837 0.011435 0.015674
0 0.005717 0.007837 0.011435 0.015674
0 0.005717 0.007837 0.011435 0.015674
0 0.005717 0.007837 0.011435 0.015674
0 0.005717 0.007837 0.011435 0.015674
0 0.005717 0.008621 0.011435 0.017241
0 0.005717 0.007837 0.011435 0.015674
0 0.005717 0.008621 0.011435 0.017241
0 0.005717 0.008621 0.011435 0.017241
0 0.005717 0.008621 0.011435 0.017241
0 0.005717 0.007837 0.011435 0.015674
0 0.005717 0.007837 0.011435 0.015674
0 0.005717 0.007837 0.011435 0.015674
0 0.005717 0.007837 0.011435 0.015674
0 0.005717 0.007837 0.011435 0.015674
0 0.005717 0.008621 0.011435 0.017241
0 0.005717 0.008621 0.011435 0.017241
0 0.005717 0.008621 0.011435 0.017241
0 0.005717 0.007837 0.011435 0.015674
0 0.005717 0.008621 0.011435 0.017241