0 0.007333 0.008881 0.014667 0.017762
0 0.007333 0.008881 0.014667 0.017762
0 0.007333 0.008881 0.014667 0.017762
0 0.007333 0.008881 0.014667 0.017762
0 0.007333 0.008881 0.014667 0.017762
0 0.007333 0.008881 0.014667 0.017762
0 0.007333 0.008881 0.014667 0.017762
0 0.007333 0.008881 0.014667 0.017762
0 0.007333 0.008881 0.014667 0.017762
0 0.007333 0.008881 0.014667 0.017762
0 0.007333 0.008881 0.014667 0.017762
0 0.007333 0.008881 0.014667 0.017762
0 0.007333 0.008881 0.014667 0.017762
0 0.007333 0.008881 0.014667 0.017762
0 0.007333 0.008881 0.014667 0.017762
0 0.007333 0.008881 0.014667 0.017762
0 0.007333 0.008881 0.014667 0.017762
0 0.007333 0.008881 0.014667 0.017762