0 0.006111 0.004167 0.012222 0.008333
0 0.006111 0.004167 0.012222 0.008333
0 0.006111 0.004167 0.012222 0.008333
0 0.006111 0.004167 0.012222 0.008333
0 0.006111 0.004167 0.012222 0.008333
0 0.006111 0.004167 0.012222 0.008333
0 0.006111 0.004167 0.012222 0.008333
0 0.006111 0.004167 0.012222 0.008333
0 0.006111 0.004167 0.012222 0.008333
0 0.006111 0.004167 0.012222 0.008333
0 0.006111 0.004167 0.012222 0.008333
0 0.006111 0.004167 0.012222 0.008333
0 0.006111 0.004167 0.012222 0.008333
0 0.006111 0.004167 0.012222 0.008333
0 0.006111 0.004167 0.012222 0.008333
0 0.006111 0.004167 0.012222 0.008333
0 0.006111 0.004167 0.012222 0.008333
0 0.006111 0.004167 0.012222 0.008333
0 0.006111 0.004167 0.012222 0.008333
0 0.006111 0.004167 0.012222 0.008333
0 0.006111 0.004167 0.012222 0.008333
0 0.006111 0.004167 0.012222 0.008333
0 0.006111 0.004167 0.012222 0.008333
0 0.006111 0.004167 0.012222 0.008333
0 0.006111 0.004167 0.012222 0.008333
0 0.006111 0.004167 0.012222 0.008333
0 0.006111 0.004167 0.012222 0.008333
0 0.006111 0.004167 0.012222 0.008333
0 0.006111 0.004167 0.012222 0.008333
0 0.006111 0.004167 0.012222 0.008333
0 0.006111 0.004167 0.012222 0.008333