0 0.003696 0.004975 0.007392 0.009950
0 0.003696 0.004975 0.007392 0.009950
0 0.003696 0.004975 0.007392 0.009950
0 0.003696 0.004975 0.007392 0.009950
0 0.003696 0.004975 0.007392 0.009950
0 0.003696 0.004975 0.007392 0.009950
0 0.003696 0.004975 0.007392 0.009950
0 0.003696 0.004975 0.007392 0.009950
0 0.004368 0.004975 0.008737 0.009950
0 0.003696 0.004975 0.007392 0.009950
0 0.003696 0.004975 0.007392 0.009950
0 0.003696 0.004975 0.007392 0.009950
0 0.003696 0.004975 0.007392 0.009950
0 0.003696 0.004975 0.007392 0.009950
0 0.003696 0.004975 0.007392 0.009950
0 0.003696 0.004975 0.007392 0.009950
0 0.003696 0.004975 0.007392 0.009950
0 0.003696 0.004975 0.007392 0.009950
0 0.003696 0.004975 0.007392 0.009950
0 0.003696 0.004975 0.007392 0.009950
0 0.004368 0.004975 0.008737 0.009950
0 0.003696 0.004975 0.007392 0.009950
0 0.003696 0.004975 0.007392 0.009950
0 0.003696 0.004975 0.007392 0.009950
0 0.003696 0.004975 0.007392 0.009950
0 0.003696 0.004975 0.007392 0.009950
0 0.003696 0.004975 0.007392 0.009950
0 0.003696 0.004975 0.007392 0.009950
0 0.003696 0.004975 0.007392 0.009950
0 0.003696 0.004975 0.007392 0.009950
0 0.004368 0.004975 0.008737 0.009950
0 0.003696 0.004975 0.007392 0.009950
0 0.003696 0.004975 0.007392 0.009950
0 0.003696 0.004975 0.007392 0.009950
0 0.003696 0.004975 0.007392 0.009950
0 0.004368 0.004975 0.008737 0.009950
0 0.003696 0.004975 0.007392 0.009950
0 0.003696 0.004975 0.007392 0.009950
0 0.003696 0.004975 0.007392 0.009950
0 0.003696 0.004975 0.007392 0.009950
0 0.003696 0.004975 0.007392 0.009950
0 0.003696 0.004975 0.007392 0.009950
0 0.003696 0.004975 0.007392 0.009950
0 0.003696 0.004975 0.007392 0.009950
0 0.003696 0.004975 0.007392 0.009950
0 0.003696 0.004975 0.007392 0.009950
0 0.003696 0.004975 0.007392 0.009950
0 0.003696 0.004975 0.007392 0.009950