0 0.006841 0.009804 0.013682 0.019608
0 0.006841 0.009804 0.013682 0.019608
0 0.006841 0.009804 0.013682 0.019608
0 0.006841 0.009804 0.013682 0.019608
0 0.006841 0.009804 0.013682 0.019608
0 0.006841 0.009804 0.013682 0.019608
0 0.006841 0.009804 0.013682 0.019608
0 0.006841 0.009804 0.013682 0.019608
0 0.006841 0.009804 0.013682 0.019608
0 0.006841 0.009804 0.013682 0.019608
0 0.006841 0.009804 0.013682 0.019608
0 0.006841 0.009804 0.013682 0.019608
0 0.006841 0.009804 0.013682 0.019608
0 0.006841 0.009804 0.013682 0.019608
0 0.006841 0.009804 0.013682 0.019608
0 0.006841 0.009804 0.013682 0.019608
0 0.006841 0.009804 0.013682 0.019608
0 0.006841 0.009804 0.013682 0.019608
0 0.006841 0.009804 0.013682 0.019608
0 0.006841 0.009804 0.013682 0.019608
0 0.006841 0.009804 0.013682 0.019608
0 0.006841 0.009804 0.013682 0.019608
0 0.006841 0.009804 0.013682 0.019608
0 0.006841 0.009804 0.013682 0.019608
0 0.006841 0.009804 0.013682 0.019608
0 0.006841 0.009804 0.013682 0.019608
0 0.006841 0.009804 0.013682 0.019608
0 0.006841 0.009804 0.013682 0.019608
0 0.006841 0.009804 0.013682 0.019608
0 0.006841 0.009804 0.013682 0.019608
0 0.006841 0.009804 0.013682 0.019608
0 0.006841 0.009804 0.013682 0.019608
0 0.006841 0.009804 0.013682 0.019608
0 0.006841 0.009804 0.013682 0.019608
0 0.006841 0.009804 0.013682 0.019608
0 0.006841 0.009804 0.013682 0.019608
0 0.006841 0.009804 0.013682 0.019608