0 0.004583 0.008246 0.009167 0.016492
0 0.004583 0.008246 0.009167 0.016492
0 0.004583 0.008246 0.009167 0.016492
0 0.005000 0.008246 0.010000 0.016492
0 0.004583 0.007496 0.009167 0.014993
0 0.004583 0.008246 0.009167 0.016492
0 0.004583 0.008246 0.009167 0.016492
0 0.004583 0.007496 0.009167 0.014993
0 0.004583 0.008246 0.009167 0.016492
0 0.004583 0.008246 0.009167 0.016492
0 0.004583 0.008246 0.009167 0.016492
0 0.004583 0.008246 0.009167 0.016492
0 0.004583 0.008246 0.009167 0.016492
0 0.004583 0.008246 0.009167 0.016492
0 0.004583 0.007496 0.009167 0.014993
0 0.004583 0.008246 0.009167 0.016492
0 0.004583 0.008246 0.009167 0.016492
0 0.004583 0.008246 0.009167 0.016492
0 0.004583 0.007496 0.009167 0.014993
0 0.004583 0.008246 0.009167 0.016492
0 0.004583 0.008246 0.009167 0.016492
0 0.004583 0.008246 0.009167 0.016492
0 0.004583 0.008246 0.009167 0.016492
0 0.004583 0.008246 0.009167 0.016492
0 0.004583 0.007496 0.009167 0.014993
0 0.004583 0.008246 0.009167 0.016492
0 0.004583 0.007496 0.009167 0.014993
0 0.004583 0.008246 0.009167 0.016492
0 0.004583 0.008246 0.009167 0.016492
0 0.004583 0.007496 0.009167 0.014993
0 0.004583 0.008246 0.009167 0.016492
0 0.004583 0.008246 0.009167 0.016492
0 0.004583 0.008246 0.009167 0.016492
0 0.004583 0.008246 0.009167 0.016492
0 0.004583 0.008246 0.009167 0.016492
0 0.004583 0.008246 0.009167 0.016492
0 0.004583 0.007496 0.009167 0.014993
0 0.004583 0.008246 0.009167 0.016492
0 0.004583 0.008246 0.009167 0.016492
0 0.004583 0.007496 0.009167 0.014993
0 0.004583 0.008246 0.009167 0.016492
0 0.004583 0.008246 0.009167 0.016492
0 0.004583 0.008246 0.009167 0.016492
0 0.004583 0.008246 0.009167 0.016492
0 0.004583 0.007496 0.009167 0.014993
0 0.005000 0.008246 0.010000 0.016492
0 0.004583 0.008246 0.009167 0.016492
0 0.004583 0.007496 0.009167 0.014993
0 0.004583 0.008246 0.009167 0.016492
0 0.004583 0.008246 0.009167 0.016492
0 0.004583 0.008246 0.009167 0.016492