0 0.005371 0.008436 0.010742 0.016871
0 0.005371 0.008436 0.010742 0.016871
0 0.005371 0.008436 0.010742 0.016871
0 0.005371 0.007669 0.010742 0.015337
0 0.005371 0.007669 0.010742 0.015337
0 0.005371 0.007669 0.010742 0.015337
0 0.005371 0.008436 0.010742 0.016871
0 0.005371 0.008436 0.010742 0.016871
0 0.005371 0.007669 0.010742 0.015337
0 0.005371 0.007669 0.010742 0.015337
0 0.005371 0.008436 0.010742 0.016871
0 0.005371 0.007669 0.010742 0.015337
0 0.005371 0.007669 0.010742 0.015337
0 0.005371 0.008436 0.010742 0.016871
0 0.005371 0.007669 0.010742 0.015337
0 0.005371 0.007669 0.010742 0.015337
0 0.005371 0.008436 0.010742 0.016871
0 0.005371 0.007669 0.010742 0.015337
0 0.005371 0.007669 0.010742 0.015337
0 0.005371 0.008436 0.010742 0.016871
0 0.005371 0.007669 0.010742 0.015337
0 0.005371 0.007669 0.010742 0.015337
0 0.005371 0.008436 0.010742 0.016871
0 0.005371 0.008436 0.010742 0.016871
0 0.005371 0.007669 0.010742 0.015337
0 0.005371 0.008436 0.010742 0.016871
0 0.005371 0.008436 0.010742 0.016871
0 0.005371 0.008436 0.010742 0.016871
0 0.005371 0.007669 0.010742 0.015337
0 0.005371 0.008436 0.010742 0.016871
0 0.005371 0.007669 0.010742 0.015337
0 0.005371 0.007669 0.010742 0.015337
0 0.005371 0.008436 0.010742 0.016871
0 0.005371 0.008436 0.010742 0.016871
0 0.005371 0.007669 0.010742 0.015337
0 0.005371 0.007669 0.010742 0.015337
0 0.005371 0.007669 0.010742 0.015337
0 0.005371 0.008436 0.010742 0.016871
0 0.005371 0.008436 0.010742 0.016871
0 0.005371 0.008436 0.010742 0.016871
0 0.005371 0.008436 0.010742 0.016871
0 0.005371 0.007669 0.010742 0.015337
0 0.005371 0.007669 0.010742 0.015337
0 0.005371 0.007669 0.010742 0.015337
0 0.005371 0.008436 0.010742 0.016871
0 0.005371 0.007669 0.010742 0.015337
0 0.005371 0.008436 0.010742 0.016871
0 0.005371 0.008436 0.010742 0.016871
0 0.005371 0.007669 0.010742 0.015337
0 0.005371 0.007669 0.010742 0.015337
0 0.005371 0.007669 0.010742 0.015337
0 0.005371 0.008436 0.010742 0.016871
0 0.005371 0.008436 0.010742 0.016871
0 0.005371 0.008436 0.010742 0.016871
0 0.005371 0.007669 0.010742 0.015337
0 0.005371 0.007669 0.010742 0.015337
0 0.005371 0.008436 0.010742 0.016871
0 0.005371 0.007669 0.010742 0.015337
0 0.005371 0.008436 0.010742 0.016871
0 0.005371 0.008436 0.010742 0.016871
0 0.005371 0.008436 0.010742 0.016871
0 0.005371 0.007669 0.010742 0.015337
0 0.005371 0.008436 0.010742 0.016871
0 0.005371 0.007669 0.010742 0.015337
0 0.005371 0.007669 0.010742 0.015337
0 0.005371 0.007669 0.010742 0.015337