0 0.005500 0.008000 0.011000 0.016000
0 0.005500 0.008000 0.011000 0.016000
0 0.005500 0.008000 0.011000 0.016000
0 0.005500 0.008000 0.011000 0.016000
0 0.005500 0.008000 0.011000 0.016000
0 0.005500 0.008000 0.011000 0.016000
0 0.005500 0.008000 0.011000 0.016000
0 0.005500 0.008000 0.011000 0.016000
0 0.005500 0.008000 0.011000 0.016000
0 0.005500 0.008000 0.011000 0.016000
0 0.005500 0.008000 0.011000 0.016000
0 0.005500 0.008000 0.011000 0.016000
0 0.005500 0.008000 0.011000 0.016000
0 0.005500 0.008000 0.011000 0.016000
0 0.005500 0.008000 0.011000 0.016000
0 0.005500 0.008000 0.011000 0.016000
0 0.005500 0.008000 0.011000 0.016000
0 0.005500 0.008000 0.011000 0.016000
0 0.005500 0.008000 0.011000 0.016000
0 0.005500 0.008000 0.011000 0.016000