0 0.004587 0.006234 0.009174 0.012469
0 0.004587 0.006234 0.009174 0.012469
0 0.004587 0.006234 0.009174 0.012469
0 0.004587 0.006234 0.009174 0.012469
0 0.004587 0.006234 0.009174 0.012469
0 0.004587 0.006234 0.009174 0.012469
0 0.004587 0.006234 0.009174 0.012469
0 0.004587 0.006234 0.009174 0.012469
0 0.004587 0.006234 0.009174 0.012469
0 0.004587 0.006234 0.009174 0.012469
0 0.004587 0.006234 0.009174 0.012469
0 0.005004 0.006234 0.010008 0.012469
0 0.004587 0.006234 0.009174 0.012469
0 0.004587 0.006234 0.009174 0.012469
0 0.004587 0.006234 0.009174 0.012469
0 0.004587 0.006234 0.009174 0.012469
0 0.004587 0.006234 0.009174 0.012469
0 0.004587 0.006234 0.009174 0.012469
0 0.004587 0.006234 0.009174 0.012469
0 0.004587 0.006234 0.009174 0.012469
0 0.004587 0.006234 0.009174 0.012469
0 0.005004 0.006234 0.010008 0.012469
0 0.004587 0.006234 0.009174 0.012469
0 0.004587 0.006234 0.009174 0.012469
0 0.004587 0.006234 0.009174 0.012469
0 0.004587 0.006234 0.009174 0.012469
0 0.004587 0.006234 0.009174 0.012469
0 0.004587 0.006234 0.009174 0.012469
0 0.004587 0.006234 0.009174 0.012469
0 0.004587 0.006234 0.009174 0.012469
0 0.004587 0.006234 0.009174 0.012469