0 0.011957 0.017422 0.023913 0.034843
0 0.011957 0.017422 0.023913 0.034843
0 0.011957 0.017422 0.023913 0.034843
0 0.011957 0.017422 0.023913 0.034843
0 0.011957 0.017422 0.023913 0.034843
0 0.011957 0.017422 0.023913 0.034843
0 0.011957 0.017422 0.023913 0.034843
0 0.011957 0.017422 0.023913 0.034843
0 0.011957 0.017422 0.023913 0.034843
0 0.011957 0.017422 0.023913 0.034843
0 0.011957 0.017422 0.023913 0.034843
0 0.011957 0.017422 0.023913 0.034843
0 0.011957 0.017422 0.023913 0.034843
0 0.011957 0.017422 0.023913 0.034843
0 0.011957 0.017422 0.023913 0.034843
0 0.011957 0.017422 0.023913 0.034843
0 0.011957 0.017422 0.023913 0.034843
0 0.011957 0.017422 0.023913 0.034843
0 0.011957 0.017422 0.023913 0.034843
0 0.011957 0.017422 0.023913 0.034843