0 0.005612 0.009982 0.011224 0.019964
0 0.005612 0.009982 0.011224 0.019964
0 0.005612 0.009074 0.011224 0.018149
0 0.005612 0.009982 0.011224 0.019964
0 0.005612 0.009982 0.011224 0.019964
0 0.005612 0.009982 0.011224 0.019964
0 0.005612 0.009982 0.011224 0.019964
0 0.005612 0.009982 0.011224 0.019964
0 0.005612 0.009074 0.011224 0.018149
0 0.005612 0.009982 0.011224 0.019964
0 0.005612 0.009982 0.011224 0.019964
0 0.005612 0.009074 0.011224 0.018149
0 0.005612 0.009982 0.011224 0.019964
0 0.005612 0.009982 0.011224 0.019964
0 0.005612 0.009982 0.011224 0.019964
0 0.005612 0.009982 0.011224 0.019964
0 0.005612 0.009982 0.011224 0.019964
0 0.005612 0.009074 0.011224 0.018149
0 0.005612 0.009982 0.011224 0.019964
0 0.005612 0.009982 0.011224 0.019964
0 0.005612 0.009982 0.011224 0.019964
0 0.005612 0.009982 0.011224 0.019964
0 0.005612 0.009982 0.011224 0.019964
0 0.005612 0.009982 0.011224 0.019964
0 0.005612 0.009982 0.011224 0.019964
0 0.005612 0.009074 0.011224 0.018149
0 0.005612 0.009982 0.011224 0.019964
0 0.005612 0.009982 0.011224 0.019964
0 0.005612 0.009074 0.011224 0.018149
0 0.005612 0.009982 0.011224 0.019964
0 0.005612 0.009982 0.011224 0.019964
0 0.005612 0.009982 0.011224 0.019964
0 0.005612 0.009982 0.011224 0.019964
0 0.005612 0.009074 0.011224 0.018149
0 0.005612 0.009074 0.011224 0.018149
0 0.005612 0.009982 0.011224 0.019964
0 0.005612 0.009982 0.011224 0.019964
0 0.005612 0.009982 0.011224 0.019964
0 0.005612 0.009982 0.011224 0.019964
0 0.005612 0.009982 0.011224 0.019964
0 0.005612 0.009982 0.011224 0.019964
0 0.005612 0.009982 0.011224 0.019964
0 0.005612 0.009074 0.011224 0.018149
0 0.005612 0.009982 0.011224 0.019964
0 0.005612 0.009982 0.011224 0.019964
0 0.005612 0.009074 0.011224 0.018149
0 0.005612 0.009982 0.011224 0.019964
0 0.005612 0.009982 0.011224 0.019964
0 0.005612 0.009982 0.011224 0.019964
0 0.005612 0.009982 0.011224 0.019964
0 0.005612 0.009982 0.011224 0.019964
0 0.005612 0.009982 0.011224 0.019964
0 0.005612 0.009982 0.011224 0.019964
0 0.005612 0.009982 0.011224 0.019964
0 0.005612 0.009074 0.011224 0.018149
0 0.005612 0.009074 0.011224 0.018149
0 0.005612 0.009982 0.011224 0.019964
0 0.005612 0.009982 0.011224 0.019964
0 0.005612 0.009982 0.011224 0.019964
0 0.006122 0.009982 0.012245 0.019964
0 0.005612 0.009074 0.011224 0.018149
0 0.005612 0.009982 0.011224 0.019964
0 0.005612 0.009982 0.011224 0.019964
0 0.005612 0.009074 0.011224 0.018149
0 0.005612 0.009982 0.011224 0.019964
0 0.005612 0.009074 0.011224 0.018149
0 0.005612 0.009074 0.011224 0.018149
0 0.005612 0.009982 0.011224 0.019964
0 0.005612 0.009074 0.011224 0.018149
0 0.005612 0.009982 0.011224 0.019964
0 0.005612 0.009074 0.011224 0.018149
0 0.005612 0.009982 0.011224 0.019964
0 0.005612 0.009074 0.011224 0.018149
0 0.005612 0.009982 0.011224 0.019964
0 0.005612 0.009982 0.011224 0.019964
0 0.006122 0.009982 0.012245 0.019964
0 0.005612 0.009982 0.011224 0.019964
0 0.005612 0.009074 0.011224 0.018149
0 0.005612 0.009982 0.011224 0.019964
0 0.005612 0.009982 0.011224 0.019964
0 0.005612 0.009982 0.011224 0.019964
0 0.005612 0.009074 0.011224 0.018149
0 0.005612 0.009982 0.011224 0.019964
0 0.005612 0.009982 0.011224 0.019964
0 0.005612 0.009074 0.011224 0.018149
0 0.005612 0.009982 0.011224 0.019964
0 0.005612 0.009074 0.011224 0.018149
0 0.006122 0.009982 0.012245 0.019964
0 0.005612 0.009982 0.011224 0.019964
0 0.005612 0.009982 0.011224 0.019964
0 0.005612 0.009074 0.011224 0.018149
0 0.005612 0.009982 0.011224 0.019964
0 0.005612 0.009982 0.011224 0.019964
0 0.005612 0.009982 0.011224 0.019964
0 0.005612 0.009982 0.011224 0.019964
0 0.005612 0.009074 0.011224 0.018149
0 0.005612 0.009074 0.011224 0.018149
0 0.005612 0.009982 0.011224 0.019964
0 0.005612 0.009982 0.011224 0.019964
0 0.005612 0.009982 0.011224 0.019964
0 0.005612 0.009074 0.011224 0.018149
0 0.005612 0.009982 0.011224 0.019964
0 0.005612 0.009982 0.011224 0.019964
0 0.006122 0.009982 0.012245 0.019964
0 0.005612 0.009982 0.011224 0.019964
0 0.005612 0.009982 0.011224 0.019964
0 0.005612 0.009982 0.011224 0.019964
0 0.005612 0.009982 0.011224 0.019964
0 0.005612 0.009074 0.011224 0.018149
0 0.005612 0.009982 0.011224 0.019964
0 0.005612 0.009982 0.011224 0.019964
0 0.005612 0.009982 0.011224 0.019964
0 0.006122 0.009982 0.012245 0.019964
0 0.005612 0.009982 0.011224 0.019964
0 0.005612 0.009982 0.011224 0.019964
0 0.005612 0.009074 0.011224 0.018149
0 0.005612 0.009074 0.011224 0.018149
0 0.005612 0.009982 0.011224 0.019964
0 0.005612 0.009074 0.011224 0.018149
0 0.005612 0.009982 0.011224 0.019964
0 0.005612 0.009982 0.011224 0.019964
0 0.005612 0.009982 0.011224 0.019964
0 0.005612 0.009074 0.011224 0.018149
0 0.005612 0.009982 0.011224 0.019964
0 0.005612 0.009982 0.011224 0.019964
0 0.005612 0.009982 0.011224 0.019964
0 0.005612 0.009982 0.011224 0.019964
0 0.005612 0.009982 0.011224 0.019964
0 0.005612 0.009982 0.011224 0.019964
0 0.005612 0.009982 0.011224 0.019964
0 0.005612 0.009982 0.011224 0.019964
0 0.005612 0.009982 0.011224 0.019964
0 0.006122 0.009982 0.012245 0.019964
0 0.005612 0.009982 0.011224 0.019964
0 0.005612 0.009982 0.011224 0.019964