0 0.001756 0.002325 0.003512 0.004649
0 0.001756 0.002325 0.003512 0.004649
0 0.001756 0.002325 0.003512 0.004649
0 0.001756 0.002325 0.003512 0.004649
0 0.001756 0.002325 0.003512 0.004649
0 0.001756 0.002325 0.003512 0.004649
0 0.001756 0.002325 0.003512 0.004649
0 0.001756 0.002325 0.003512 0.004649
0 0.001756 0.002325 0.003512 0.004649
0 0.001756 0.002325 0.003512 0.004649
0 0.001756 0.002325 0.003512 0.004649
0 0.001756 0.002325 0.003512 0.004649
0 0.001756 0.002325 0.003512 0.004649
0 0.001756 0.002325 0.003512 0.004649
0 0.001756 0.002325 0.003512 0.004649
0 0.001756 0.002325 0.003512 0.004649
0 0.001756 0.002325 0.003512 0.004649
0 0.001756 0.002325 0.003512 0.004649
0 0.001756 0.002325 0.003512 0.004649
0 0.001756 0.002325 0.003512 0.004649
0 0.001756 0.002325 0.003512 0.004649
0 0.001756 0.002325 0.003512 0.004649
0 0.001756 0.002325 0.003512 0.004649
0 0.001756 0.002325 0.003512 0.004649
0 0.001756 0.002325 0.003512 0.004649
0 0.001756 0.002325 0.003512 0.004649
0 0.001756 0.002325 0.003512 0.004649
0 0.001756 0.002325 0.003512 0.004649