0 0.007746 0.018033 0.015493 0.036066
0 0.007746 0.018033 0.015493 0.036066
0 0.007746 0.018033 0.015493 0.036066
0 0.007746 0.018033 0.015493 0.036066
0 0.007746 0.018033 0.015493 0.036066
0 0.007746 0.018033 0.015493 0.036066
0 0.007746 0.018033 0.015493 0.036066
0 0.007746 0.018033 0.015493 0.036066
0 0.007746 0.018033 0.015493 0.036066
0 0.007746 0.018033 0.015493 0.036066
0 0.007746 0.018033 0.015493 0.036066
0 0.007746 0.018033 0.015493 0.036066
0 0.007746 0.018033 0.015493 0.036066
0 0.007746 0.018033 0.015493 0.036066
0 0.007746 0.018033 0.015493 0.036066
0 0.007746 0.018033 0.015493 0.036066
0 0.007746 0.018033 0.015493 0.036066
0 0.007746 0.018033 0.015493 0.036066
0 0.007746 0.018033 0.015493 0.036066
0 0.007746 0.018033 0.015493 0.036066
0 0.007746 0.018033 0.015493 0.036066
0 0.007746 0.018033 0.015493 0.036066
0 0.007746 0.018033 0.015493 0.036066
0 0.007746 0.018033 0.015493 0.036066
0 0.007746 0.018033 0.015493 0.036066
0 0.007746 0.018033 0.015493 0.036066
0 0.007746 0.018033 0.015493 0.036066
0 0.007746 0.018033 0.015493 0.036066
0 0.007746 0.018033 0.015493 0.036066
0 0.007746 0.018033 0.015493 0.036066
0 0.007746 0.018033 0.015493 0.036066
0 0.007746 0.018033 0.015493 0.036066
0 0.007746 0.018033 0.015493 0.036066
0 0.007746 0.018033 0.015493 0.036066
0 0.007746 0.018033 0.015493 0.036066
0 0.007746 0.018033 0.015493 0.036066
0 0.007746 0.018033 0.015493 0.036066
0 0.007746 0.018033 0.015493 0.036066
0 0.007746 0.018033 0.015493 0.036066
0 0.007746 0.018033 0.015493 0.036066
0 0.007746 0.018033 0.015493 0.036066
0 0.007746 0.018033 0.015493 0.036066
0 0.007746 0.018033 0.015493 0.036066
0 0.007746 0.018033 0.015493 0.036066
0 0.007746 0.018033 0.015493 0.036066
0 0.007746 0.018033 0.015493 0.036066