0 0.011224 0.019097 0.022449 0.038194
0 0.011224 0.019097 0.022449 0.038194
0 0.011224 0.017361 0.022449 0.034722
0 0.011224 0.019097 0.022449 0.038194
0 0.011224 0.019097 0.022449 0.038194
0 0.011224 0.019097 0.022449 0.038194
0 0.011224 0.017361 0.022449 0.034722
0 0.011224 0.019097 0.022449 0.038194
0 0.011224 0.019097 0.022449 0.038194
0 0.011224 0.017361 0.022449 0.034722
0 0.011224 0.019097 0.022449 0.038194
0 0.011224 0.019097 0.022449 0.038194
0 0.011224 0.019097 0.022449 0.038194
0 0.011224 0.017361 0.022449 0.034722
0 0.011224 0.019097 0.022449 0.038194
0 0.011224 0.017361 0.022449 0.034722
0 0.011224 0.017361 0.022449 0.034722
0 0.011224 0.017361 0.022449 0.034722