0 0.008594 0.012443 0.017188 0.024887
0 0.008594 0.012443 0.017188 0.024887
0 0.008594 0.012443 0.017188 0.024887
0 0.008594 0.012443 0.017188 0.024887
0 0.008594 0.011312 0.017188 0.022624
0 0.008594 0.011312 0.017188 0.022624
0 0.008594 0.012443 0.017188 0.024887
0 0.008594 0.012443 0.017188 0.024887
0 0.008594 0.011312 0.017188 0.022624
0 0.008594 0.012443 0.017188 0.024887
0 0.008594 0.011312 0.017188 0.022624
0 0.008594 0.012443 0.017188 0.024887
0 0.008594 0.012443 0.017188 0.024887
0 0.008594 0.012443 0.017188 0.024887
0 0.008594 0.012443 0.017188 0.024887
0 0.008594 0.012443 0.017188 0.024887
0 0.008594 0.012443 0.017188 0.024887
0 0.008594 0.011312 0.017188 0.022624
0 0.008594 0.012443 0.017188 0.024887
0 0.008594 0.012443 0.017188 0.024887
0 0.008594 0.011312 0.017188 0.022624
0 0.008594 0.011312 0.017188 0.022624
0 0.008594 0.012443 0.017188 0.024887
0 0.008594 0.012443 0.017188 0.024887
0 0.008594 0.012443 0.017188 0.024887
0 0.008594 0.012443 0.017188 0.024887
0 0.008594 0.012443 0.017188 0.024887
0 0.008594 0.012443 0.017188 0.024887
0 0.008594 0.012443 0.017188 0.024887
0 0.008594 0.012443 0.017188 0.024887
0 0.008594 0.012443 0.017188 0.024887
0 0.008594 0.011312 0.017188 0.022624
0 0.008594 0.011312 0.017188 0.022624
0 0.008594 0.012443 0.017188 0.024887
0 0.008594 0.011312 0.017188 0.022624
0 0.008594 0.012443 0.017188 0.024887
0 0.008594 0.011312 0.017188 0.022624
0 0.008594 0.012443 0.017188 0.024887
0 0.008594 0.012443 0.017188 0.024887
0 0.008594 0.011312 0.017188 0.022624
0 0.008594 0.012443 0.017188 0.024887