0 0.006111 0.009901 0.012222 0.019802
0 0.006111 0.009901 0.012222 0.019802
0 0.006111 0.009901 0.012222 0.019802
0 0.006111 0.009901 0.012222 0.019802
0 0.006111 0.009901 0.012222 0.019802
0 0.006111 0.009901 0.012222 0.019802
0 0.006111 0.009901 0.012222 0.019802
0 0.006111 0.009901 0.012222 0.019802
0 0.006111 0.009901 0.012222 0.019802
0 0.006111 0.009901 0.012222 0.019802
0 0.006111 0.009901 0.012222 0.019802
0 0.006111 0.009901 0.012222 0.019802
0 0.006111 0.009901 0.012222 0.019802
0 0.006111 0.009901 0.012222 0.019802
0 0.006111 0.009901 0.012222 0.019802
0 0.006111 0.009901 0.012222 0.019802
0 0.006111 0.009901 0.012222 0.019802
0 0.006111 0.009901 0.012222 0.019802
0 0.006111 0.009901 0.012222 0.019802
0 0.006111 0.009901 0.012222 0.019802