0 0.008333 0.011416 0.016667 0.022831
0 0.008333 0.011416 0.016667 0.022831
0 0.008333 0.011416 0.016667 0.022831
0 0.008333 0.011416 0.016667 0.022831
0 0.008333 0.011416 0.016667 0.022831
0 0.008333 0.011416 0.016667 0.022831
0 0.008333 0.011416 0.016667 0.022831
0 0.008333 0.011416 0.016667 0.022831
0 0.008333 0.011416 0.016667 0.022831
0 0.008333 0.011416 0.016667 0.022831
0 0.008333 0.011416 0.016667 0.022831
0 0.008333 0.011416 0.016667 0.022831
0 0.008333 0.011416 0.016667 0.022831
0 0.008333 0.011416 0.016667 0.022831
0 0.008333 0.011416 0.016667 0.022831
0 0.008333 0.011416 0.016667 0.022831
0 0.008333 0.011416 0.016667 0.022831
0 0.008333 0.011416 0.016667 0.022831
0 0.008333 0.011416 0.016667 0.022831
0 0.008333 0.011416 0.016667 0.022831
0 0.008333 0.011416 0.016667 0.022831
0 0.008333 0.011416 0.016667 0.022831
0 0.008333 0.011416 0.016667 0.022831
0 0.008333 0.011416 0.016667 0.022831
0 0.008333 0.011416 0.016667 0.022831
0 0.008333 0.011416 0.016667 0.022831
0 0.008333 0.011416 0.016667 0.022831
0 0.008333 0.011416 0.016667 0.022831
0 0.008333 0.011416 0.016667 0.022831
0 0.008333 0.011416 0.016667 0.022831
0 0.008333 0.011416 0.016667 0.022831
0 0.008333 0.011416 0.016667 0.022831
0 0.008333 0.011416 0.016667 0.022831
0 0.008333 0.011416 0.016667 0.022831
0 0.008333 0.011416 0.016667 0.022831
0 0.008333 0.011416 0.016667 0.022831
0 0.008333 0.011416 0.016667 0.022831
0 0.008333 0.011416 0.016667 0.022831
0 0.008333 0.011416 0.016667 0.022831
0 0.008333 0.011416 0.016667 0.022831
0 0.008333 0.011416 0.016667 0.022831
0 0.008333 0.011416 0.016667 0.022831
0 0.008333 0.011416 0.016667 0.022831
0 0.008333 0.011416 0.016667 0.022831
0 0.008333 0.011416 0.016667 0.022831
0 0.008333 0.011416 0.016667 0.022831