0 0.008871 0.012594 0.017742 0.025189
0 0.008871 0.012594 0.017742 0.025189
0 0.009677 0.013854 0.019355 0.027708
0 0.008871 0.012594 0.017742 0.025189
0 0.008871 0.012594 0.017742 0.025189
0 0.008871 0.012594 0.017742 0.025189
0 0.009677 0.012594 0.019355 0.025189
0 0.008871 0.013854 0.017742 0.027708
0 0.008871 0.012594 0.017742 0.025189
0 0.009677 0.013854 0.019355 0.027708
0 0.008871 0.012594 0.017742 0.025189
0 0.008871 0.013854 0.017742 0.027708
0 0.009677 0.012594 0.019355 0.025189
0 0.009677 0.013854 0.019355 0.027708
0 0.008871 0.012594 0.017742 0.025189
0 0.008871 0.013854 0.017742 0.027708
0 0.008871 0.012594 0.017742 0.025189
0 0.008871 0.012594 0.017742 0.025189
0 0.008871 0.012594 0.017742 0.025189
0 0.008871 0.012594 0.017742 0.025189
0 0.009677 0.012594 0.019355 0.025189
0 0.008871 0.013854 0.017742 0.027708
0 0.008871 0.013854 0.017742 0.027708
0 0.008871 0.013854 0.017742 0.027708
0 0.009677 0.012594 0.019355 0.025189
0 0.008871 0.012594 0.017742 0.025189
0 0.008871 0.012594 0.017742 0.025189
0 0.009677 0.012594 0.019355 0.025189
0 0.008871 0.012594 0.017742 0.025189
0 0.008871 0.012594 0.017742 0.025189
0 0.008871 0.012594 0.017742 0.025189
0 0.008871 0.013854 0.017742 0.027708
0 0.009677 0.013854 0.019355 0.027708
0 0.008871 0.012594 0.017742 0.025189
0 0.008871 0.012594 0.017742 0.025189
0 0.009677 0.013854 0.019355 0.027708
0 0.008871 0.013854 0.017742 0.027708
0 0.008871 0.012594 0.017742 0.025189
0 0.008871 0.012594 0.017742 0.025189
0 0.008871 0.013854 0.017742 0.027708
0 0.008871 0.013854 0.017742 0.027708
0 0.008871 0.013854 0.017742 0.027708
0 0.008871 0.013854 0.017742 0.027708
0 0.009677 0.013854 0.019355 0.027708
0 0.008871 0.012594 0.017742 0.025189
0 0.008871 0.013854 0.017742 0.027708
0 0.008871 0.012594 0.017742 0.025189
0 0.009677 0.013854 0.019355 0.027708
0 0.008871 0.013854 0.017742 0.027708
0 0.009677 0.012594 0.019355 0.025189
0 0.008871 0.013854 0.017742 0.027708
0 0.008871 0.012594 0.017742 0.025189
0 0.009677 0.013854 0.019355 0.027708
0 0.008871 0.012594 0.017742 0.025189
0 0.009677 0.012594 0.019355 0.025189
0 0.008871 0.012594 0.017742 0.025189
0 0.008871 0.012594 0.017742 0.025189
0 0.009677 0.012594 0.019355 0.025189
0 0.009677 0.012594 0.019355 0.025189
0 0.008871 0.012594 0.017742 0.025189
0 0.008871 0.012594 0.017742 0.025189
0 0.008871 0.012594 0.017742 0.025189
0 0.009677 0.013854 0.019355 0.027708
0 0.009677 0.013854 0.019355 0.027708
0 0.008871 0.013854 0.017742 0.027708
0 0.008871 0.012594 0.017742 0.025189
0 0.008871 0.013854 0.017742 0.027708