0 0.014474 0.015625 0.028947 0.031250
0 0.014474 0.015625 0.028947 0.031250
0 0.014474 0.015625 0.028947 0.031250
0 0.014474 0.015625 0.028947 0.031250
0 0.014474 0.015625 0.028947 0.031250
0 0.014474 0.015625 0.028947 0.031250
0 0.014474 0.015625 0.028947 0.031250
0 0.014474 0.015625 0.028947 0.031250
0 0.014474 0.015625 0.028947 0.031250
0 0.014474 0.015625 0.028947 0.031250
0 0.014474 0.015625 0.028947 0.031250
0 0.014474 0.015625 0.028947 0.031250
0 0.014474 0.015625 0.028947 0.031250
0 0.014474 0.015625 0.028947 0.031250
0 0.014474 0.015625 0.028947 0.031250
0 0.014474 0.015625 0.028947 0.031250
0 0.014474 0.015625 0.028947 0.031250
0 0.014474 0.015625 0.028947 0.031250
0 0.014474 0.015625 0.028947 0.031250
0 0.014474 0.015625 0.028947 0.031250
0 0.014474 0.015625 0.028947 0.031250
0 0.014474 0.015625 0.028947 0.031250
0 0.014474 0.015625 0.028947 0.031250
0 0.014474 0.015625 0.028947 0.031250
0 0.014474 0.015625 0.028947 0.031250
0 0.014474 0.015625 0.028947 0.031250
0 0.014474 0.015625 0.028947 0.031250
0 0.014474 0.015625 0.028947 0.031250
0 0.014474 0.015625 0.028947 0.031250
0 0.014474 0.015625 0.028947 0.031250
0 0.014474 0.015625 0.028947 0.031250
0 0.014474 0.015625 0.028947 0.031250
0 0.014474 0.015625 0.028947 0.031250
0 0.014474 0.015625 0.028947 0.031250
0 0.014474 0.015625 0.028947 0.031250
0 0.014474 0.015625 0.028947 0.031250