0 0.008554 0.011411 0.017107 0.022822
0 0.008554 0.010373 0.017107 0.020747
0 0.008554 0.010373 0.017107 0.020747
0 0.008554 0.011411 0.017107 0.022822
0 0.008554 0.011411 0.017107 0.022822
0 0.008554 0.010373 0.017107 0.020747
0 0.008554 0.011411 0.017107 0.022822
0 0.008554 0.011411 0.017107 0.022822
0 0.008554 0.010373 0.017107 0.020747
0 0.008554 0.010373 0.017107 0.020747
0 0.008554 0.011411 0.017107 0.022822
0 0.008554 0.011411 0.017107 0.022822
0 0.008554 0.011411 0.017107 0.022822
0 0.008554 0.011411 0.017107 0.022822
0 0.008554 0.010373 0.017107 0.020747
0 0.008554 0.010373 0.017107 0.020747
0 0.008554 0.011411 0.017107 0.022822
0 0.008554 0.011411 0.017107 0.022822
0 0.008554 0.011411 0.017107 0.022822
0 0.008554 0.011411 0.017107 0.022822
0 0.008554 0.010373 0.017107 0.020747
0 0.008554 0.010373 0.017107 0.020747
0 0.008554 0.010373 0.017107 0.020747
0 0.008554 0.010373 0.017107 0.020747
0 0.008554 0.010373 0.017107 0.020747
0 0.008554 0.010373 0.017107 0.020747
0 0.008554 0.010373 0.017107 0.020747
0 0.008554 0.011411 0.017107 0.022822
0 0.008554 0.011411 0.017107 0.022822
0 0.008554 0.010373 0.017107 0.020747
0 0.008554 0.010373 0.017107 0.020747
0 0.008554 0.010373 0.017107 0.020747
0 0.008554 0.010373 0.017107 0.020747
0 0.008554 0.011411 0.017107 0.022822
0 0.008554 0.010373 0.017107 0.020747
0 0.008554 0.011411 0.017107 0.022822
0 0.008554 0.011411 0.017107 0.022822
0 0.008554 0.011411 0.017107 0.022822
0 0.008554 0.011411 0.017107 0.022822
0 0.008554 0.011411 0.017107 0.022822
0 0.008554 0.011411 0.017107 0.022822
0 0.008554 0.010373 0.017107 0.020747
0 0.008554 0.011411 0.017107 0.022822
0 0.008554 0.011411 0.017107 0.022822
0 0.008554 0.011411 0.017107 0.022822
0 0.008554 0.011411 0.017107 0.022822
0 0.008554 0.010373 0.017107 0.020747
0 0.008554 0.010373 0.017107 0.020747
0 0.008554 0.011411 0.017107 0.022822
0 0.008554 0.010373 0.017107 0.020747
0 0.008554 0.011411 0.017107 0.022822
0 0.008554 0.010373 0.017107 0.020747
0 0.008554 0.010373 0.017107 0.020747
0 0.008554 0.011411 0.017107 0.022822
0 0.008554 0.011411 0.017107 0.022822
0 0.008554 0.010373 0.017107 0.020747
0 0.008554 0.011411 0.017107 0.022822
0 0.008554 0.011411 0.017107 0.022822
0 0.008554 0.010373 0.017107 0.020747
0 0.008554 0.011411 0.017107 0.022822
0 0.008554 0.010373 0.017107 0.020747
0 0.008554 0.011411 0.017107 0.022822
0 0.008554 0.010373 0.017107 0.020747
0 0.008554 0.010373 0.017107 0.020747
0 0.008554 0.011411 0.017107 0.022822
0 0.008554 0.011411 0.017107 0.022822