0 0.006077 0.008462 0.012155 0.016923
0 0.006077 0.007692 0.012155 0.015385
0 0.006077 0.007692 0.012155 0.015385
0 0.006077 0.007692 0.012155 0.015385
0 0.006077 0.007692 0.012155 0.015385
0 0.006077 0.007692 0.012155 0.015385
0 0.006077 0.007692 0.012155 0.015385
0 0.006077 0.007692 0.012155 0.015385
0 0.006077 0.007692 0.012155 0.015385
0 0.006077 0.007692 0.012155 0.015385
0 0.006077 0.007692 0.012155 0.015385
0 0.006077 0.007692 0.012155 0.015385
0 0.006077 0.007692 0.012155 0.015385
0 0.006077 0.007692 0.012155 0.015385
0 0.006077 0.007692 0.012155 0.015385
0 0.006077 0.007692 0.012155 0.015385
0 0.006077 0.007692 0.012155 0.015385
0 0.006077 0.007692 0.012155 0.015385
0 0.006077 0.007692 0.012155 0.015385
0 0.006077 0.007692 0.012155 0.015385
0 0.006077 0.007692 0.012155 0.015385
0 0.006077 0.008462 0.012155 0.016923
0 0.006077 0.008462 0.012155 0.016923
0 0.006077 0.007692 0.012155 0.015385
0 0.006077 0.007692 0.012155 0.015385
0 0.006077 0.008462 0.012155 0.016923
0 0.006077 0.007692 0.012155 0.015385
0 0.006077 0.007692 0.012155 0.015385
0 0.006077 0.007692 0.012155 0.015385
0 0.006077 0.007692 0.012155 0.015385
0 0.006077 0.007692 0.012155 0.015385
0 0.006077 0.007692 0.012155 0.015385
0 0.006077 0.007692 0.012155 0.015385