0 0.001833 0.002434 0.003667 0.004869
0 0.001833 0.002678 0.003667 0.005355
0 0.001833 0.002434 0.003667 0.004869
0 0.001833 0.002678 0.003667 0.005355
0 0.001833 0.002678 0.003667 0.005355
0 0.001833 0.002678 0.003667 0.005355
0 0.001833 0.002678 0.003667 0.005355
0 0.001833 0.002678 0.003667 0.005355
0 0.001833 0.002678 0.003667 0.005355
0 0.001833 0.002434 0.003667 0.004869
0 0.001833 0.002678 0.003667 0.005355
0 0.001833 0.002434 0.003667 0.004869
0 0.001833 0.002678 0.003667 0.005355
0 0.001833 0.002678 0.003667 0.005355
0 0.001833 0.002678 0.003667 0.005355
0 0.001833 0.002434 0.003667 0.004869
0 0.001833 0.002678 0.003667 0.005355
0 0.001833 0.002434 0.003667 0.004869
0 0.001833 0.002434 0.003667 0.004869
0 0.001833 0.002678 0.003667 0.005355
0 0.001833 0.002434 0.003667 0.004869
0 0.001833 0.002678 0.003667 0.005355
0 0.001833 0.002678 0.003667 0.005355
0 0.001833 0.002434 0.003667 0.004869
0 0.001833 0.002434 0.003667 0.004869
0 0.001833 0.002434 0.003667 0.004869
0 0.001833 0.002434 0.003667 0.004869
0 0.001833 0.002678 0.003667 0.005355
0 0.001833 0.002678 0.003667 0.005355
0 0.001833 0.002434 0.003667 0.004869
0 0.001833 0.002678 0.003667 0.005355
0 0.001833 0.002434 0.003667 0.004869
0 0.001833 0.002434 0.003667 0.004869
0 0.001833 0.002678 0.003667 0.005355
0 0.001833 0.002434 0.003667 0.004869
0 0.001833 0.002434 0.003667 0.004869
0 0.001833 0.002678 0.003667 0.005355
0 0.001833 0.002434 0.003667 0.004869
0 0.001833 0.002434 0.003667 0.004869
0 0.001833 0.002678 0.003667 0.005355
0 0.001833 0.002434 0.003667 0.004869
0 0.001833 0.002434 0.003667 0.004869
0 0.001833 0.002434 0.003667 0.004869
0 0.001833 0.002678 0.003667 0.005355
0 0.001833 0.002678 0.003667 0.005355
0 0.001833 0.002678 0.003667 0.005355
0 0.001833 0.002678 0.003667 0.005355
0 0.001833 0.002678 0.003667 0.005355
0 0.001833 0.002434 0.003667 0.004869
0 0.001833 0.002434 0.003667 0.004869
0 0.001833 0.002678 0.003667 0.005355
0 0.001833 0.002434 0.003667 0.004869
0 0.001833 0.002678 0.003667 0.005355
0 0.001833 0.002434 0.003667 0.004869
0 0.001833 0.002678 0.003667 0.005355
0 0.001833 0.002678 0.003667 0.005355
0 0.001833 0.002434 0.003667 0.004869
0 0.001833 0.002434 0.003667 0.004869
0 0.001833 0.002434 0.003667 0.004869
0 0.001833 0.002678 0.003667 0.005355
0 0.001833 0.002678 0.003667 0.005355
0 0.001833 0.002678 0.003667 0.005355
0 0.001833 0.002434 0.003667 0.004869
0 0.001833 0.002434 0.003667 0.004869
0 0.001833 0.002434 0.003667 0.004869
0 0.001833 0.002434 0.003667 0.004869
0 0.001833 0.002678 0.003667 0.005355
0 0.001833 0.002678 0.003667 0.005355
0 0.001833 0.002678 0.003667 0.005355
0 0.001833 0.002434 0.003667 0.004869
0 0.001833 0.002434 0.003667 0.004869
0 0.001833 0.002678 0.003667 0.005355
0 0.001833 0.002678 0.003667 0.005355
0 0.001833 0.002678 0.003667 0.005355
0 0.001833 0.002678 0.003667 0.005355
0 0.001833 0.002678 0.003667 0.005355
0 0.001833 0.002434 0.003667 0.004869
0 0.001833 0.002434 0.003667 0.004869
0 0.001833 0.002434 0.003667 0.004869
0 0.001833 0.002434 0.003667 0.004869
0 0.001833 0.002678 0.003667 0.005355
0 0.001833 0.002434 0.003667 0.004869
0 0.001833 0.002434 0.003667 0.004869
0 0.001833 0.002434 0.003667 0.004869
0 0.001833 0.002434 0.003667 0.004869
0 0.001833 0.002434 0.003667 0.004869
0 0.001833 0.002678 0.003667 0.005355
0 0.001833 0.002434 0.003667 0.004869
0 0.001833 0.002678 0.003667 0.005355
0 0.001833 0.002678 0.003667 0.005355
0 0.001833 0.002678 0.003667 0.005355
0 0.001833 0.002678 0.003667 0.005355
0 0.001833 0.002678 0.003667 0.005355
0 0.001833 0.002434 0.003667 0.004869
0 0.001833 0.002434 0.003667 0.004869
0 0.001833 0.002678 0.003667 0.005355
0 0.001833 0.002678 0.003667 0.005355
0 0.001833 0.002678 0.003667 0.005355