0 0.002533 0.003367 0.005067 0.006734
0 0.002533 0.003367 0.005067 0.006734
0 0.002533 0.003367 0.005067 0.006734
0 0.002533 0.003367 0.005067 0.006734
0 0.002533 0.003367 0.005067 0.006734
0 0.002533 0.003367 0.005067 0.006734
0 0.002533 0.003367 0.005067 0.006734
0 0.002533 0.003367 0.005067 0.006734
0 0.002764 0.003367 0.005527 0.006734
0 0.002533 0.003367 0.005067 0.006734
0 0.002533 0.003367 0.005067 0.006734
0 0.002533 0.003367 0.005067 0.006734
0 0.002533 0.003367 0.005067 0.006734
0 0.002533 0.003367 0.005067 0.006734
0 0.002533 0.003367 0.005067 0.006734
0 0.002533 0.003367 0.005067 0.006734
0 0.002764 0.003367 0.005527 0.006734
0 0.002533 0.003367 0.005067 0.006734
0 0.002533 0.003367 0.005067 0.006734
0 0.002533 0.003367 0.005067 0.006734
0 0.002533 0.003367 0.005067 0.006734
0 0.002764 0.003367 0.005527 0.006734
0 0.002764 0.003367 0.005527 0.006734
0 0.002533 0.003367 0.005067 0.006734
0 0.002533 0.003367 0.005067 0.006734
0 0.002764 0.003367 0.005527 0.006734
0 0.002533 0.003367 0.005067 0.006734
0 0.002533 0.003367 0.005067 0.006734
0 0.002533 0.003367 0.005067 0.006734
0 0.002533 0.003367 0.005067 0.006734
0 0.002533 0.003367 0.005067 0.006734
0 0.002764 0.003367 0.005527 0.006734
0 0.002533 0.003367 0.005067 0.006734
0 0.002533 0.003367 0.005067 0.006734
0 0.002533 0.003367 0.005067 0.006734
0 0.002533 0.003367 0.005067 0.006734
0 0.002533 0.003367 0.005067 0.006734
0 0.002533 0.003367 0.005067 0.006734
0 0.002533 0.003367 0.005067 0.006734
0 0.002533 0.003367 0.005067 0.006734
0 0.002533 0.003367 0.005067 0.006734
0 0.002533 0.003367 0.005067 0.006734