0 0.008675 0.011848 0.017350 0.023697
0 0.008675 0.011848 0.017350 0.023697
0 0.008675 0.011848 0.017350 0.023697
0 0.008675 0.011848 0.017350 0.023697
0 0.008675 0.011848 0.017350 0.023697
0 0.008675 0.011848 0.017350 0.023697
0 0.008675 0.011848 0.017350 0.023697
0 0.008675 0.011848 0.017350 0.023697
0 0.008675 0.011848 0.017350 0.023697
0 0.008675 0.011848 0.017350 0.023697
0 0.008675 0.011848 0.017350 0.023697
0 0.008675 0.011848 0.017350 0.023697
0 0.008675 0.011848 0.017350 0.023697
0 0.008675 0.011848 0.017350 0.023697