0 0.005500 0.008591 0.011000 0.017182
0 0.005500 0.008591 0.011000 0.017182
0 0.005500 0.008591 0.011000 0.017182
0 0.005500 0.008591 0.011000 0.017182
0 0.005500 0.008591 0.011000 0.017182
0 0.005500 0.008591 0.011000 0.017182
0 0.005500 0.008591 0.011000 0.017182
0 0.005500 0.008591 0.011000 0.017182
0 0.005500 0.008591 0.011000 0.017182
0 0.005500 0.008591 0.011000 0.017182
0 0.005500 0.008591 0.011000 0.017182
0 0.005500 0.008591 0.011000 0.017182
0 0.005500 0.008591 0.011000 0.017182
0 0.005500 0.008591 0.011000 0.017182
0 0.005500 0.008591 0.011000 0.017182
0 0.005500 0.008591 0.011000 0.017182
0 0.005500 0.008591 0.011000 0.017182
0 0.005500 0.008591 0.011000 0.017182
0 0.005500 0.008591 0.011000 0.017182
0 0.005500 0.008591 0.011000 0.017182
0 0.005500 0.008591 0.011000 0.017182
0 0.005500 0.008591 0.011000 0.017182
0 0.005500 0.008591 0.011000 0.017182
0 0.005500 0.008591 0.011000 0.017182
0 0.005500 0.008591 0.011000 0.017182
0 0.005500 0.008591 0.011000 0.017182
0 0.005500 0.008591 0.011000 0.017182
0 0.005500 0.008591 0.011000 0.017182
0 0.005500 0.008591 0.011000 0.017182
0 0.005500 0.008591 0.011000 0.017182
0 0.005500 0.008591 0.011000 0.017182
0 0.005500 0.008591 0.011000 0.017182
0 0.005500 0.008591 0.011000 0.017182
0 0.005500 0.008591 0.011000 0.017182
0 0.005500 0.008591 0.011000 0.017182
0 0.005500 0.008591 0.011000 0.017182
0 0.005500 0.008591 0.011000 0.017182
0 0.005500 0.008591 0.011000 0.017182
0 0.005500 0.008591 0.011000 0.017182
0 0.005500 0.008591 0.011000 0.017182
0 0.005500 0.008591 0.011000 0.017182
0 0.005500 0.008591 0.011000 0.017182
0 0.005500 0.008591 0.011000 0.017182
0 0.005500 0.008591 0.011000 0.017182
0 0.005500 0.008591 0.011000 0.017182
0 0.005500 0.008591 0.011000 0.017182
0 0.005500 0.008591 0.011000 0.017182
0 0.005500 0.008591 0.011000 0.017182