0 0.003667 0.006667 0.007333 0.013333
0 0.003667 0.006667 0.007333 0.013333
0 0.004000 0.006667 0.008000 0.013333
0 0.003667 0.006667 0.007333 0.013333
0 0.003667 0.006667 0.007333 0.013333
0 0.004000 0.006667 0.008000 0.013333
0 0.003667 0.006667 0.007333 0.013333
0 0.003667 0.006667 0.007333 0.013333
0 0.003667 0.006667 0.007333 0.013333
0 0.004000 0.006667 0.008000 0.013333
0 0.003667 0.006667 0.007333 0.013333
0 0.003667 0.006667 0.007333 0.013333
0 0.003667 0.006667 0.007333 0.013333
0 0.004000 0.006667 0.008000 0.013333
0 0.003667 0.006667 0.007333 0.013333
0 0.003667 0.006667 0.007333 0.013333
0 0.003667 0.006667 0.007333 0.013333