0 0.002500 0.003404 0.005000 0.006807
0 0.002500 0.003404 0.005000 0.006807
0 0.002500 0.003404 0.005000 0.006807
0 0.002500 0.003404 0.005000 0.006807
0 0.002500 0.003404 0.005000 0.006807
0 0.002500 0.003404 0.005000 0.006807
0 0.002500 0.003404 0.005000 0.006807
0 0.002500 0.003404 0.005000 0.006807
0 0.002500 0.003404 0.005000 0.006807
0 0.002500 0.003404 0.005000 0.006807
0 0.002500 0.003404 0.005000 0.006807
0 0.002500 0.003404 0.005000 0.006807
0 0.002500 0.003404 0.005000 0.006807
0 0.002500 0.003404 0.005000 0.006807
0 0.002500 0.003404 0.005000 0.006807
0 0.002500 0.003404 0.005000 0.006807
0 0.002500 0.003404 0.005000 0.006807
0 0.002500 0.003404 0.005000 0.006807
0 0.002500 0.003404 0.005000 0.006807
0 0.002500 0.003404 0.005000 0.006807
0 0.002500 0.003404 0.005000 0.006807
0 0.002500 0.003404 0.005000 0.006807
0 0.002500 0.003404 0.005000 0.006807
0 0.002500 0.003404 0.005000 0.006807
0 0.002500 0.003404 0.005000 0.006807
0 0.002500 0.003404 0.005000 0.006807
0 0.002500 0.003404 0.005000 0.006807
0 0.002500 0.003404 0.005000 0.006807
0 0.002500 0.003404 0.005000 0.006807
0 0.002500 0.003404 0.005000 0.006807
0 0.002500 0.003404 0.005000 0.006807
0 0.002500 0.003404 0.005000 0.006807
0 0.002500 0.003404 0.005000 0.006807
0 0.002500 0.003404 0.005000 0.006807
0 0.002500 0.003404 0.005000 0.006807
0 0.002500 0.003404 0.005000 0.006807
0 0.002500 0.003404 0.005000 0.006807
0 0.002500 0.003404 0.005000 0.006807
0 0.002500 0.003404 0.005000 0.006807
0 0.002955 0.003404 0.005909 0.006807
0 0.002500 0.003404 0.005000 0.006807
0 0.002500 0.003404 0.005000 0.006807
0 0.002500 0.003404 0.005000 0.006807
0 0.002500 0.003404 0.005000 0.006807
0 0.002500 0.003404 0.005000 0.006807
0 0.002500 0.003404 0.005000 0.006807
0 0.002500 0.003404 0.005000 0.006807
0 0.002500 0.003404 0.005000 0.006807
0 0.002500 0.003404 0.005000 0.006807
0 0.002500 0.003404 0.005000 0.006807
0 0.002500 0.003404 0.005000 0.006807
0 0.002500 0.003404 0.005000 0.006807
0 0.002500 0.003404 0.005000 0.006807
0 0.002500 0.003404 0.005000 0.006807
0 0.002500 0.003404 0.005000 0.006807
0 0.002500 0.003404 0.005000 0.006807
0 0.002500 0.003404 0.005000 0.006807
0 0.002500 0.003404 0.005000 0.006807
0 0.002500 0.003404 0.005000 0.006807
0 0.002500 0.003404 0.005000 0.006807
0 0.002500 0.003404 0.005000 0.006807
0 0.002500 0.003404 0.005000 0.006807
0 0.002500 0.003404 0.005000 0.006807
0 0.002500 0.003404 0.005000 0.006807
0 0.002500 0.003404 0.005000 0.006807
0 0.002500 0.003404 0.005000 0.006807
0 0.002500 0.003404 0.005000 0.006807
0 0.002500 0.003404 0.005000 0.006807
0 0.002500 0.003404 0.005000 0.006807
0 0.002500 0.003404 0.005000 0.006807
0 0.002500 0.003404 0.005000 0.006807
0 0.002500 0.003404 0.005000 0.006807
0 0.002500 0.003404 0.005000 0.006807
0 0.002500 0.003404 0.005000 0.006807
0 0.002500 0.003404 0.005000 0.006807
0 0.002500 0.003404 0.005000 0.006807
0 0.002500 0.003404 0.005000 0.006807
0 0.002500 0.003404 0.005000 0.006807
0 0.002500 0.003404 0.005000 0.006807
0 0.002500 0.003404 0.005000 0.006807
0 0.002500 0.003404 0.005000 0.006807
0 0.002500 0.003404 0.005000 0.006807
0 0.002500 0.003404 0.005000 0.006807
0 0.002500 0.003404 0.005000 0.006807
0 0.002500 0.003404 0.005000 0.006807
0 0.002500 0.003404 0.005000 0.006807
0 0.002500 0.003404 0.005000 0.006807
0 0.002500 0.003404 0.005000 0.006807
0 0.002500 0.003404 0.005000 0.006807
0 0.002500 0.003404 0.005000 0.006807
0 0.002500 0.003404 0.005000 0.006807
0 0.002500 0.003404 0.005000 0.006807
0 0.002500 0.003404 0.005000 0.006807
0 0.002500 0.003404 0.005000 0.006807
0 0.002500 0.003404 0.005000 0.006807
0 0.002500 0.003404 0.005000 0.006807
0 0.002500 0.003404 0.005000 0.006807
0 0.002500 0.003404 0.005000 0.006807