0 0.006875 0.008913 0.013750 0.017825
0 0.006875 0.008913 0.013750 0.017825
0 0.006875 0.008913 0.013750 0.017825
0 0.006875 0.008913 0.013750 0.017825
0 0.006875 0.008913 0.013750 0.017825
0 0.006875 0.008913 0.013750 0.017825
0 0.007500 0.008913 0.015000 0.017825
0 0.006875 0.008913 0.013750 0.017825
0 0.006875 0.008913 0.013750 0.017825
0 0.006875 0.008913 0.013750 0.017825
0 0.006875 0.008913 0.013750 0.017825
0 0.006875 0.008913 0.013750 0.017825
0 0.006875 0.008913 0.013750 0.017825
0 0.006875 0.008913 0.013750 0.017825
0 0.006875 0.008913 0.013750 0.017825
0 0.006875 0.008913 0.013750 0.017825
0 0.006875 0.008913 0.013750 0.017825
0 0.006875 0.008913 0.013750 0.017825
0 0.007500 0.008913 0.015000 0.017825
0 0.006875 0.008913 0.013750 0.017825
0 0.006875 0.008913 0.013750 0.017825
0 0.006875 0.008913 0.013750 0.017825
0 0.006875 0.008913 0.013750 0.017825
0 0.006875 0.008913 0.013750 0.017825
0 0.007500 0.008913 0.015000 0.017825
0 0.006875 0.008913 0.013750 0.017825
0 0.006875 0.008913 0.013750 0.017825
0 0.006875 0.008913 0.013750 0.017825
0 0.006875 0.008913 0.013750 0.017825
0 0.006875 0.008913 0.013750 0.017825
0 0.006875 0.008913 0.013750 0.017825
0 0.007500 0.008913 0.015000 0.017825
0 0.007500 0.008913 0.015000 0.017825
0 0.006875 0.008913 0.013750 0.017825
0 0.006875 0.008913 0.013750 0.017825
0 0.006875 0.008913 0.013750 0.017825
0 0.006875 0.008913 0.013750 0.017825
0 0.006875 0.008913 0.013750 0.017825
0 0.007500 0.008913 0.015000 0.017825
0 0.006875 0.008913 0.013750 0.017825
0 0.006875 0.008913 0.013750 0.017825
0 0.006875 0.008913 0.013750 0.017825
0 0.006875 0.008913 0.013750 0.017825
0 0.006875 0.008913 0.013750 0.017825
0 0.006875 0.008913 0.013750 0.017825
0 0.006875 0.008913 0.013750 0.017825
0 0.007500 0.008913 0.015000 0.017825
0 0.006875 0.008913 0.013750 0.017825
0 0.006875 0.008913 0.013750 0.017825
0 0.006875 0.008913 0.013750 0.017825
0 0.006875 0.008913 0.013750 0.017825
0 0.007500 0.008913 0.015000 0.017825
0 0.006875 0.008913 0.013750 0.017825
0 0.006875 0.008913 0.013750 0.017825
0 0.006875 0.008913 0.013750 0.017825
0 0.006875 0.008913 0.013750 0.017825
0 0.006875 0.008913 0.013750 0.017825
0 0.006875 0.008913 0.013750 0.017825
0 0.006875 0.008913 0.013750 0.017825
0 0.006875 0.008913 0.013750 0.017825
0 0.006875 0.008913 0.013750 0.017825
0 0.006875 0.008913 0.013750 0.017825
0 0.006875 0.008913 0.013750 0.017825
0 0.006875 0.008913 0.013750 0.017825
0 0.006875 0.008913 0.013750 0.017825
0 0.007500 0.008913 0.015000 0.017825
0 0.006875 0.008913 0.013750 0.017825
0 0.006875 0.008913 0.013750 0.017825
0 0.006875 0.008913 0.013750 0.017825
0 0.006875 0.008913 0.013750 0.017825
0 0.006875 0.008913 0.013750 0.017825
0 0.006875 0.008913 0.013750 0.017825
0 0.006875 0.008913 0.013750 0.017825
0 0.006875 0.008913 0.013750 0.017825
0 0.006875 0.008913 0.013750 0.017825
0 0.007500 0.008913 0.015000 0.017825
0 0.007500 0.008913 0.015000 0.017825
0 0.006875 0.008913 0.013750 0.017825
0 0.007500 0.008913 0.015000 0.017825
0 0.006875 0.008913 0.013750 0.017825
0 0.006875 0.008913 0.013750 0.017825
0 0.006875 0.008913 0.013750 0.017825
0 0.006875 0.008913 0.013750 0.017825
0 0.006875 0.008913 0.013750 0.017825
0 0.006875 0.008913 0.013750 0.017825