0 0.005777 0.010121 0.011555 0.020243
0 0.005777 0.010121 0.011555 0.020243
0 0.005777 0.010121 0.011555 0.020243
0 0.005777 0.010121 0.011555 0.020243
0 0.005777 0.010121 0.011555 0.020243
0 0.005777 0.010121 0.011555 0.020243
0 0.005777 0.010121 0.011555 0.020243
0 0.005777 0.010121 0.011555 0.020243
0 0.005777 0.010121 0.011555 0.020243
0 0.005777 0.010121 0.011555 0.020243
0 0.005777 0.010121 0.011555 0.020243
0 0.005777 0.010121 0.011555 0.020243
0 0.005777 0.010121 0.011555 0.020243
0 0.005777 0.010121 0.011555 0.020243
0 0.005777 0.010121 0.011555 0.020243
0 0.005777 0.010121 0.011555 0.020243
0 0.005777 0.010121 0.011555 0.020243
0 0.005777 0.010121 0.011555 0.020243
0 0.005777 0.010121 0.011555 0.020243
0 0.005777 0.010121 0.011555 0.020243
0 0.005777 0.010121 0.011555 0.020243
0 0.005777 0.010121 0.011555 0.020243
0 0.005777 0.010121 0.011555 0.020243
0 0.005777 0.010121 0.011555 0.020243
0 0.005777 0.010121 0.011555 0.020243
0 0.005777 0.010121 0.011555 0.020243
0 0.005777 0.010121 0.011555 0.020243
0 0.005777 0.010121 0.011555 0.020243
0 0.005777 0.010121 0.011555 0.020243
0 0.005777 0.010121 0.011555 0.020243
0 0.005777 0.010121 0.011555 0.020243
0 0.005777 0.010121 0.011555 0.020243
0 0.005777 0.010121 0.011555 0.020243
0 0.005777 0.010121 0.011555 0.020243
0 0.005777 0.010121 0.011555 0.020243
0 0.005777 0.010121 0.011555 0.020243
0 0.005777 0.010121 0.011555 0.020243
0 0.005777 0.010121 0.011555 0.020243
0 0.005777 0.010121 0.011555 0.020243
0 0.005777 0.010121 0.011555 0.020243
0 0.005777 0.010121 0.011555 0.020243