0 0.008987 0.012225 0.017974 0.024450
0 0.008987 0.012225 0.017974 0.024450
0 0.008987 0.012225 0.017974 0.024450
0 0.008987 0.012225 0.017974 0.024450
0 0.008987 0.012225 0.017974 0.024450
0 0.008987 0.012225 0.017974 0.024450
0 0.008987 0.012225 0.017974 0.024450
0 0.008987 0.012225 0.017974 0.024450
0 0.008987 0.012225 0.017974 0.024450
0 0.008987 0.012225 0.017974 0.024450
0 0.008987 0.012225 0.017974 0.024450
0 0.008987 0.012225 0.017974 0.024450
0 0.008987 0.012225 0.017974 0.024450
0 0.008987 0.012225 0.017974 0.024450
0 0.008987 0.012225 0.017974 0.024450
0 0.008987 0.012225 0.017974 0.024450
0 0.008987 0.012225 0.017974 0.024450
0 0.008987 0.012225 0.017974 0.024450
0 0.008987 0.012225 0.017974 0.024450
0 0.008987 0.012225 0.017974 0.024450
0 0.008987 0.012225 0.017974 0.024450
0 0.008987 0.012225 0.017974 0.024450
0 0.008987 0.012225 0.017974 0.024450
0 0.008987 0.012225 0.017974 0.024450
0 0.008987 0.012225 0.017974 0.024450
0 0.008987 0.012225 0.017974 0.024450
0 0.008987 0.012225 0.017974 0.024450
0 0.008987 0.012225 0.017974 0.024450
0 0.008987 0.012225 0.017974 0.024450