0 0.011066 0.017730 0.022133 0.035461
0 0.011066 0.017730 0.022133 0.035461
0 0.011066 0.017730 0.022133 0.035461
0 0.011066 0.017730 0.022133 0.035461
0 0.011066 0.017730 0.022133 0.035461
0 0.011066 0.019504 0.022133 0.039007
0 0.011066 0.017730 0.022133 0.035461
0 0.011066 0.019504 0.022133 0.039007
0 0.011066 0.017730 0.022133 0.035461
0 0.011066 0.017730 0.022133 0.035461
0 0.011066 0.017730 0.022133 0.035461
0 0.011066 0.017730 0.022133 0.035461
0 0.011066 0.019504 0.022133 0.039007
0 0.011066 0.019504 0.022133 0.039007
0 0.011066 0.017730 0.022133 0.035461
0 0.011066 0.017730 0.022133 0.035461
0 0.011066 0.017730 0.022133 0.035461
0 0.011066 0.019504 0.022133 0.039007
0 0.011066 0.017730 0.022133 0.035461
0 0.011066 0.019504 0.022133 0.039007
0 0.011066 0.017730 0.022133 0.035461
0 0.011066 0.017730 0.022133 0.035461
0 0.011066 0.017730 0.022133 0.035461
0 0.011066 0.017730 0.022133 0.035461
0 0.011066 0.017730 0.022133 0.035461
0 0.011066 0.017730 0.022133 0.035461
0 0.011066 0.019504 0.022133 0.039007
0 0.011066 0.017730 0.022133 0.035461
0 0.011066 0.017730 0.022133 0.035461
0 0.011066 0.019504 0.022133 0.039007
0 0.011066 0.017730 0.022133 0.035461
0 0.011066 0.017730 0.022133 0.035461
0 0.011066 0.017730 0.022133 0.035461
0 0.011066 0.019504 0.022133 0.039007
0 0.011066 0.017730 0.022133 0.035461
0 0.011066 0.019504 0.022133 0.039007
0 0.011066 0.017730 0.022133 0.035461
0 0.011066 0.019504 0.022133 0.039007
0 0.011066 0.019504 0.022133 0.039007
0 0.011066 0.019504 0.022133 0.039007
0 0.011066 0.017730 0.022133 0.035461
0 0.011066 0.019504 0.022133 0.039007
0 0.011066 0.017730 0.022133 0.035461
0 0.011066 0.017730 0.022133 0.035461
0 0.011066 0.017730 0.022133 0.035461
0 0.011066 0.017730 0.022133 0.035461
0 0.011066 0.019504 0.022133 0.039007
0 0.011066 0.017730 0.022133 0.035461
0 0.011066 0.017730 0.022133 0.035461
0 0.011066 0.019504 0.022133 0.039007
0 0.011066 0.017730 0.022133 0.035461
0 0.011066 0.019504 0.022133 0.039007
0 0.011066 0.017730 0.022133 0.035461
0 0.011066 0.017730 0.022133 0.035461
0 0.011066 0.017730 0.022133 0.035461
0 0.011066 0.019504 0.022133 0.039007
0 0.011066 0.017730 0.022133 0.035461
0 0.011066 0.019504 0.022133 0.039007
0 0.011066 0.017730 0.022133 0.035461
0 0.011066 0.019504 0.022133 0.039007
0 0.011066 0.019504 0.022133 0.039007
0 0.011066 0.017730 0.022133 0.035461
0 0.011066 0.017730 0.022133 0.035461
0 0.011066 0.017730 0.022133 0.035461
0 0.011066 0.019504 0.022133 0.039007
0 0.011066 0.017730 0.022133 0.035461
0 0.011066 0.019504 0.022133 0.039007
0 0.011066 0.017730 0.022133 0.035461
0 0.011066 0.019504 0.022133 0.039007