0 0.001152 0.001571 0.002304 0.003142
0 0.001152 0.001571 0.002304 0.003142
0 0.001152 0.001571 0.002304 0.003142
0 0.001152 0.001571 0.002304 0.003142
0 0.001152 0.001571 0.002304 0.003142
0 0.001152 0.001571 0.002304 0.003142
0 0.001152 0.001571 0.002304 0.003142
0 0.001152 0.001571 0.002304 0.003142
0 0.001152 0.001571 0.002304 0.003142
0 0.001152 0.001571 0.002304 0.003142
0 0.001152 0.001571 0.002304 0.003142
0 0.001152 0.001571 0.002304 0.003142
0 0.001152 0.001571 0.002304 0.003142
0 0.001152 0.001571 0.002304 0.003142
0 0.001152 0.001571 0.002304 0.003142
0 0.001152 0.001571 0.002304 0.003142
0 0.001152 0.001571 0.002304 0.003142
0 0.001152 0.001571 0.002304 0.003142
0 0.001152 0.001571 0.002304 0.003142
0 0.001152 0.001571 0.002304 0.003142
0 0.001152 0.001571 0.002304 0.003142
0 0.001152 0.001571 0.002304 0.003142
0 0.001152 0.001571 0.002304 0.003142
0 0.001152 0.001571 0.002304 0.003142
0 0.001152 0.001571 0.002304 0.003142
0 0.001152 0.001571 0.002304 0.003142
0 0.001152 0.001571 0.002304 0.003142
0 0.001152 0.001571 0.002304 0.003142
0 0.001152 0.001571 0.002304 0.003142