0 0.010577 0.014286 0.021154 0.028571
0 0.010577 0.014286 0.021154 0.028571
0 0.010577 0.014286 0.021154 0.028571
0 0.010577 0.014286 0.021154 0.028571
0 0.010577 0.014286 0.021154 0.028571
0 0.010577 0.014286 0.021154 0.028571
0 0.010577 0.014286 0.021154 0.028571
0 0.010577 0.014286 0.021154 0.028571
0 0.010577 0.014286 0.021154 0.028571
0 0.010577 0.014286 0.021154 0.028571
0 0.010577 0.014286 0.021154 0.028571
0 0.010577 0.014286 0.021154 0.028571
0 0.010577 0.014286 0.021154 0.028571
0 0.010577 0.014286 0.021154 0.028571
0 0.010577 0.014286 0.021154 0.028571
0 0.010577 0.014286 0.021154 0.028571
0 0.010577 0.014286 0.021154 0.028571
0 0.010577 0.014286 0.021154 0.028571
0 0.010577 0.014286 0.021154 0.028571
0 0.010577 0.014286 0.021154 0.028571
0 0.010577 0.014286 0.021154 0.028571
0 0.010577 0.014286 0.021154 0.028571
0 0.010577 0.014286 0.021154 0.028571
0 0.010577 0.014286 0.021154 0.028571