0 0.007660 0.020000 0.015320 0.040000
0 0.007660 0.020000 0.015320 0.040000
0 0.007660 0.020000 0.015320 0.040000
0 0.007660 0.020000 0.015320 0.040000
0 0.007660 0.020000 0.015320 0.040000
0 0.007660 0.020000 0.015320 0.040000
0 0.007660 0.020000 0.015320 0.040000
0 0.007660 0.020000 0.015320 0.040000
0 0.007660 0.020000 0.015320 0.040000
0 0.007660 0.020000 0.015320 0.040000
0 0.009053 0.020000 0.018106 0.040000
0 0.007660 0.020000 0.015320 0.040000
0 0.007660 0.020000 0.015320 0.040000
0 0.007660 0.020000 0.015320 0.040000
0 0.007660 0.020000 0.015320 0.040000
0 0.009053 0.020000 0.018106 0.040000
0 0.007660 0.020000 0.015320 0.040000
0 0.007660 0.020000 0.015320 0.040000
0 0.007660 0.020000 0.015320 0.040000
0 0.007660 0.020000 0.015320 0.040000
0 0.007660 0.020000 0.015320 0.040000
0 0.007660 0.020000 0.015320 0.040000
0 0.007660 0.020000 0.015320 0.040000
0 0.007660 0.020000 0.015320 0.040000
0 0.007660 0.020000 0.015320 0.040000
0 0.007660 0.020000 0.015320 0.040000
0 0.007660 0.020000 0.015320 0.040000
0 0.007660 0.020000 0.015320 0.040000
0 0.007660 0.020000 0.015320 0.040000
0 0.007660 0.020000 0.015320 0.040000
0 0.007660 0.020000 0.015320 0.040000
0 0.007660 0.020000 0.015320 0.040000
0 0.007660 0.020000 0.015320 0.040000
0 0.007660 0.020000 0.015320 0.040000
0 0.007660 0.020000 0.015320 0.040000
0 0.007660 0.020000 0.015320 0.040000
0 0.007660 0.020000 0.015320 0.040000
0 0.007660 0.020000 0.015320 0.040000
0 0.009053 0.020000 0.018106 0.040000
0 0.007660 0.020000 0.015320 0.040000
0 0.007660 0.020000 0.015320 0.040000
0 0.007660 0.020000 0.015320 0.040000
0 0.007660 0.020000 0.015320 0.040000
0 0.007660 0.020000 0.015320 0.040000
0 0.007660 0.020000 0.015320 0.040000
0 0.007660 0.020000 0.015320 0.040000
0 0.007660 0.020000 0.015320 0.040000
0 0.007660 0.020000 0.015320 0.040000
0 0.007660 0.020000 0.015320 0.040000
0 0.007660 0.020000 0.015320 0.040000
0 0.007660 0.020000 0.015320 0.040000
0 0.007660 0.020000 0.015320 0.040000
0 0.007660 0.020000 0.015320 0.040000
0 0.007660 0.020000 0.015320 0.040000
0 0.007660 0.020000 0.015320 0.040000
0 0.007660 0.020000 0.015320 0.040000
0 0.007660 0.020000 0.015320 0.040000
0 0.007660 0.020000 0.015320 0.040000
0 0.007660 0.020000 0.015320 0.040000
0 0.007660 0.020000 0.015320 0.040000
0 0.007660 0.020000 0.015320 0.040000
0 0.007660 0.020000 0.015320 0.040000
0 0.007660 0.020000 0.015320 0.040000
0 0.007660 0.020000 0.015320 0.040000
0 0.009053 0.020000 0.018106 0.040000
0 0.007660 0.020000 0.015320 0.040000
0 0.007660 0.020000 0.015320 0.040000
0 0.007660 0.020000 0.015320 0.040000
0 0.007660 0.020000 0.015320 0.040000
0 0.007660 0.020000 0.015320 0.040000
0 0.007660 0.020000 0.015320 0.040000