0 0.002910 0.003981 0.005820 0.007962
0 0.002910 0.003981 0.005820 0.007962
0 0.002910 0.003981 0.005820 0.007962
0 0.002910 0.003981 0.005820 0.007962
0 0.002910 0.003981 0.005820 0.007962
0 0.002910 0.003981 0.005820 0.007962
0 0.002910 0.003981 0.005820 0.007962
0 0.002910 0.003981 0.005820 0.007962
0 0.002910 0.003981 0.005820 0.007962
0 0.002910 0.003981 0.005820 0.007962
0 0.002910 0.003981 0.005820 0.007962
0 0.002910 0.003981 0.005820 0.007962
0 0.002910 0.003981 0.005820 0.007962
0 0.002910 0.003981 0.005820 0.007962
0 0.002910 0.003981 0.005820 0.007962
0 0.002910 0.003981 0.005820 0.007962
0 0.002910 0.003981 0.005820 0.007962
0 0.002910 0.003981 0.005820 0.007962