0 0.005500 0.008881 0.011000 0.017762
0 0.005500 0.008881 0.011000 0.017762
0 0.005500 0.008881 0.011000 0.017762
0 0.005500 0.008881 0.011000 0.017762
0 0.005500 0.008881 0.011000 0.017762
0 0.005500 0.008881 0.011000 0.017762
0 0.006000 0.008881 0.012000 0.017762
0 0.005500 0.008881 0.011000 0.017762
0 0.005500 0.008881 0.011000 0.017762
0 0.005500 0.008881 0.011000 0.017762
0 0.005500 0.008881 0.011000 0.017762
0 0.005500 0.008881 0.011000 0.017762
0 0.006000 0.008881 0.012000 0.017762
0 0.005500 0.008881 0.011000 0.017762
0 0.005500 0.008881 0.011000 0.017762
0 0.005500 0.008881 0.011000 0.017762
0 0.006000 0.008881 0.012000 0.017762
0 0.005500 0.008881 0.011000 0.017762
0 0.005500 0.008881 0.011000 0.017762
0 0.005500 0.008881 0.011000 0.017762
0 0.005500 0.008881 0.011000 0.017762
0 0.005500 0.008881 0.011000 0.017762
0 0.006000 0.008881 0.012000 0.017762
0 0.005500 0.008881 0.011000 0.017762
0 0.005500 0.008881 0.011000 0.017762
0 0.005500 0.008881 0.011000 0.017762
0 0.005500 0.008881 0.011000 0.017762
0 0.006000 0.008881 0.012000 0.017762
0 0.005500 0.008881 0.011000 0.017762
0 0.005500 0.008881 0.011000 0.017762
0 0.006000 0.008881 0.012000 0.017762
0 0.005500 0.008881 0.011000 0.017762
0 0.005500 0.008881 0.011000 0.017762
0 0.005500 0.008881 0.011000 0.017762
0 0.006000 0.008881 0.012000 0.017762
0 0.005500 0.008881 0.011000 0.017762
0 0.005500 0.008881 0.011000 0.017762
0 0.005500 0.008881 0.011000 0.017762
0 0.005500 0.008881 0.011000 0.017762
0 0.005500 0.008881 0.011000 0.017762
0 0.005500 0.008881 0.011000 0.017762
0 0.005500 0.008881 0.011000 0.017762
0 0.005500 0.008881 0.011000 0.017762
0 0.005500 0.008881 0.011000 0.017762
0 0.006000 0.008881 0.012000 0.017762
0 0.005500 0.008881 0.011000 0.017762
0 0.005500 0.008881 0.011000 0.017762
0 0.005500 0.008881 0.011000 0.017762
0 0.005500 0.008881 0.011000 0.017762
0 0.006000 0.008881 0.012000 0.017762
0 0.005500 0.008881 0.011000 0.017762
0 0.005500 0.008881 0.011000 0.017762
0 0.006000 0.008881 0.012000 0.017762
0 0.005500 0.008881 0.011000 0.017762