0 0.006875 0.010000 0.013750 0.020000
0 0.006875 0.010000 0.013750 0.020000
0 0.006875 0.010000 0.013750 0.020000
0 0.006875 0.010000 0.013750 0.020000
0 0.006875 0.010000 0.013750 0.020000
0 0.006875 0.010000 0.013750 0.020000
0 0.006875 0.010000 0.013750 0.020000
0 0.006875 0.010000 0.013750 0.020000
0 0.006875 0.010000 0.013750 0.020000
0 0.006875 0.010000 0.013750 0.020000
0 0.006875 0.010000 0.013750 0.020000
0 0.006875 0.010000 0.013750 0.020000
0 0.006875 0.010000 0.013750 0.020000
0 0.006875 0.010000 0.013750 0.020000
0 0.006875 0.010000 0.013750 0.020000
0 0.006875 0.010000 0.013750 0.020000
0 0.006875 0.010000 0.013750 0.020000
0 0.006875 0.010000 0.013750 0.020000
0 0.006875 0.010000 0.013750 0.020000
0 0.006875 0.010000 0.013750 0.020000
0 0.006875 0.010000 0.013750 0.020000
0 0.006875 0.010000 0.013750 0.020000
0 0.006875 0.010000 0.013750 0.020000
0 0.006875 0.010000 0.013750 0.020000
0 0.006875 0.010000 0.013750 0.020000
0 0.006875 0.010000 0.013750 0.020000
0 0.006875 0.010000 0.013750 0.020000
0 0.006875 0.010000 0.013750 0.020000
0 0.006875 0.010000 0.013750 0.020000
0 0.006875 0.010000 0.013750 0.020000
0 0.006875 0.010000 0.013750 0.020000
0 0.006875 0.010000 0.013750 0.020000
0 0.006875 0.010000 0.013750 0.020000
0 0.006875 0.010000 0.013750 0.020000
0 0.006875 0.010000 0.013750 0.020000
0 0.006875 0.010000 0.013750 0.020000
0 0.006875 0.010000 0.013750 0.020000
0 0.006875 0.010000 0.013750 0.020000
0 0.006875 0.010000 0.013750 0.020000
0 0.006875 0.010000 0.013750 0.020000
0 0.006875 0.010000 0.013750 0.020000
0 0.006875 0.010000 0.013750 0.020000
0 0.006875 0.010000 0.013750 0.020000
0 0.006875 0.010000 0.013750 0.020000
0 0.006875 0.010000 0.013750 0.020000
0 0.006875 0.010000 0.013750 0.020000
0 0.006875 0.010000 0.013750 0.020000
0 0.006875 0.010000 0.013750 0.020000
0 0.006875 0.010000 0.013750 0.020000