0 0.008871 0.014793 0.017742 0.029586
0 0.008871 0.014793 0.017742 0.029586
0 0.008871 0.014793 0.017742 0.029586
0 0.008871 0.014793 0.017742 0.029586
0 0.008871 0.014793 0.017742 0.029586
0 0.008871 0.014793 0.017742 0.029586
0 0.008871 0.014793 0.017742 0.029586
0 0.008871 0.014793 0.017742 0.029586
0 0.008871 0.014793 0.017742 0.029586
0 0.008871 0.014793 0.017742 0.029586
0 0.008871 0.014793 0.017742 0.029586
0 0.008871 0.014793 0.017742 0.029586
0 0.008871 0.014793 0.017742 0.029586
0 0.008871 0.014793 0.017742 0.029586
0 0.008871 0.014793 0.017742 0.029586
0 0.008871 0.014793 0.017742 0.029586
0 0.008871 0.014793 0.017742 0.029586
0 0.008871 0.014793 0.017742 0.029586
0 0.008871 0.014793 0.017742 0.029586
0 0.008871 0.014793 0.017742 0.029586
0 0.008871 0.014793 0.017742 0.029586
0 0.008871 0.014793 0.017742 0.029586
0 0.008871 0.014793 0.017742 0.029586
0 0.008871 0.014793 0.017742 0.029586
0 0.008871 0.014793 0.017742 0.029586