0 0.006997 0.011312 0.013995 0.022624
0 0.006997 0.011312 0.013995 0.022624
0 0.006997 0.011312 0.013995 0.022624
0 0.006997 0.011312 0.013995 0.022624
0 0.006997 0.011312 0.013995 0.022624
0 0.006997 0.011312 0.013995 0.022624
0 0.006997 0.011312 0.013995 0.022624
0 0.006997 0.011312 0.013995 0.022624
0 0.006997 0.011312 0.013995 0.022624
0 0.006997 0.011312 0.013995 0.022624
0 0.006997 0.011312 0.013995 0.022624
0 0.006997 0.011312 0.013995 0.022624
0 0.006997 0.011312 0.013995 0.022624
0 0.006997 0.011312 0.013995 0.022624
0 0.006997 0.011312 0.013995 0.022624
0 0.006997 0.011312 0.013995 0.022624
0 0.006997 0.011312 0.013995 0.022624
0 0.006997 0.011312 0.013995 0.022624
0 0.006997 0.011312 0.013995 0.022624
0 0.006997 0.011312 0.013995 0.022624
0 0.006997 0.011312 0.013995 0.022624
0 0.006997 0.011312 0.013995 0.022624
0 0.006997 0.011312 0.013995 0.022624
0 0.006997 0.011312 0.013995 0.022624
0 0.006997 0.011312 0.013995 0.022624
0 0.006997 0.011312 0.013995 0.022624
0 0.006997 0.011312 0.013995 0.022624
0 0.006997 0.011312 0.013995 0.022624
0 0.006997 0.011312 0.013995 0.022624
0 0.006997 0.011312 0.013995 0.022624
0 0.006997 0.011312 0.013995 0.022624
0 0.006997 0.011312 0.013995 0.022624
0 0.006997 0.011312 0.013995 0.022624
0 0.006997 0.011312 0.013995 0.022624
0 0.006997 0.011312 0.013995 0.022624
0 0.006997 0.011312 0.013995 0.022624
0 0.006997 0.011312 0.013995 0.022624