0 0.001719 0.002976 0.003438 0.005952
0 0.001719 0.002976 0.003438 0.005952
0 0.001719 0.002976 0.003438 0.005952
0 0.001719 0.002976 0.003438 0.005952
0 0.001719 0.002976 0.003438 0.005952
0 0.001719 0.002976 0.003438 0.005952
0 0.001719 0.002976 0.003438 0.005952
0 0.001719 0.002976 0.003438 0.005952
0 0.001719 0.002976 0.003438 0.005952
0 0.001719 0.002976 0.003438 0.005952
0 0.001719 0.002976 0.003438 0.005952
0 0.001719 0.002976 0.003438 0.005952
0 0.001719 0.002976 0.003438 0.005952
0 0.001719 0.002976 0.003438 0.005952
0 0.001719 0.002976 0.003438 0.005952
0 0.001719 0.002976 0.003438 0.005952
0 0.001719 0.002976 0.003438 0.005952
0 0.001719 0.002976 0.003438 0.005952
0 0.001719 0.002976 0.003438 0.005952
0 0.001719 0.002976 0.003438 0.005952
0 0.001719 0.002976 0.003438 0.005952
0 0.001719 0.002976 0.003438 0.005952
0 0.001719 0.002976 0.003438 0.005952
0 0.001719 0.002976 0.003438 0.005952
0 0.001719 0.002976 0.003438 0.005952
0 0.001719 0.002976 0.003438 0.005952
0 0.001719 0.002976 0.003438 0.005952
0 0.001719 0.002976 0.003438 0.005952
0 0.001719 0.002976 0.003438 0.005952
0 0.001719 0.002976 0.003438 0.005952
0 0.001719 0.002976 0.003438 0.005952
0 0.001719 0.002976 0.003438 0.005952
0 0.001719 0.002976 0.003438 0.005952
0 0.001719 0.002976 0.003438 0.005952
0 0.001719 0.002976 0.003438 0.005952
0 0.001719 0.002976 0.003438 0.005952
0 0.001719 0.002976 0.003438 0.005952
0 0.001719 0.002976 0.003438 0.005952