0 0.001696 0.002741 0.003393 0.005482
0 0.001696 0.003015 0.003393 0.006031
0 0.001696 0.002741 0.003393 0.005482
0 0.001696 0.002741 0.003393 0.005482
0 0.001696 0.002741 0.003393 0.005482
0 0.001696 0.002741 0.003393 0.005482
0 0.001696 0.002741 0.003393 0.005482
0 0.001696 0.003015 0.003393 0.006031
0 0.001696 0.002741 0.003393 0.005482
0 0.001696 0.002741 0.003393 0.005482
0 0.001696 0.002741 0.003393 0.005482
0 0.001696 0.002741 0.003393 0.005482
0 0.001696 0.003015 0.003393 0.006031
0 0.001696 0.002741 0.003393 0.005482
0 0.001696 0.002741 0.003393 0.005482
0 0.001851 0.002741 0.003701 0.005482
0 0.001851 0.002741 0.003701 0.005482
0 0.001696 0.003015 0.003393 0.006031
0 0.001696 0.002741 0.003393 0.005482
0 0.001696 0.002741 0.003393 0.005482
0 0.001851 0.002741 0.003701 0.005482
0 0.001696 0.003015 0.003393 0.006031
0 0.001851 0.002741 0.003701 0.005482
0 0.001696 0.002741 0.003393 0.005482
0 0.001696 0.002741 0.003393 0.005482
0 0.001696 0.002741 0.003393 0.005482
0 0.001696 0.002741 0.003393 0.005482
0 0.001696 0.002741 0.003393 0.005482
0 0.001696 0.003015 0.003393 0.006031
0 0.001696 0.003015 0.003393 0.006031
0 0.001696 0.003015 0.003393 0.006031
0 0.001696 0.002741 0.003393 0.005482
0 0.001696 0.002741 0.003393 0.005482
0 0.001696 0.002741 0.003393 0.005482
0 0.001696 0.002741 0.003393 0.005482
0 0.001696 0.002741 0.003393 0.005482
0 0.001696 0.002741 0.003393 0.005482
0 0.001851 0.002741 0.003701 0.005482
0 0.001696 0.002741 0.003393 0.005482
0 0.001696 0.002741 0.003393 0.005482
0 0.001696 0.003015 0.003393 0.006031
0 0.001696 0.002741 0.003393 0.005482
0 0.001696 0.002741 0.003393 0.005482
0 0.001696 0.002741 0.003393 0.005482
0 0.001696 0.003015 0.003393 0.006031
0 0.001696 0.003015 0.003393 0.006031
0 0.001696 0.002741 0.003393 0.005482
0 0.001696 0.002741 0.003393 0.005482
0 0.001696 0.002741 0.003393 0.005482
0 0.001696 0.002741 0.003393 0.005482
0 0.001696 0.003015 0.003393 0.006031
0 0.001696 0.003015 0.003393 0.006031
0 0.001696 0.003015 0.003393 0.006031
0 0.001851 0.003015 0.003701 0.006031
0 0.001696 0.002741 0.003393 0.005482
0 0.001696 0.002741 0.003393 0.005482
0 0.001696 0.003015 0.003393 0.006031
0 0.001696 0.002741 0.003393 0.005482
0 0.001696 0.002741 0.003393 0.005482
0 0.001696 0.002741 0.003393 0.005482
0 0.001696 0.002741 0.003393 0.005482
0 0.001696 0.003015 0.003393 0.006031
0 0.001696 0.002741 0.003393 0.005482
0 0.001696 0.002741 0.003393 0.005482
0 0.001696 0.002741 0.003393 0.005482
0 0.001851 0.002741 0.003701 0.005482
0 0.001696 0.002741 0.003393 0.005482
0 0.001696 0.002741 0.003393 0.005482
0 0.001696 0.002741 0.003393 0.005482
0 0.001696 0.002741 0.003393 0.005482
0 0.001696 0.003015 0.003393 0.006031
0 0.001851 0.002741 0.003701 0.005482
0 0.001696 0.002741 0.003393 0.005482
0 0.001696 0.003015 0.003393 0.006031
0 0.001696 0.002741 0.003393 0.005482
0 0.001696 0.002741 0.003393 0.005482
0 0.001696 0.003015 0.003393 0.006031
0 0.001696 0.002741 0.003393 0.005482
0 0.001696 0.002741 0.003393 0.005482
0 0.001696 0.003015 0.003393 0.006031
0 0.001696 0.002741 0.003393 0.005482
0 0.001696 0.002741 0.003393 0.005482
0 0.001696 0.002741 0.003393 0.005482
0 0.001696 0.002741 0.003393 0.005482
0 0.001696 0.002741 0.003393 0.005482
0 0.001696 0.002741 0.003393 0.005482
0 0.001696 0.002741 0.003393 0.005482
0 0.001696 0.002741 0.003393 0.005482
0 0.001851 0.002741 0.003701 0.005482
0 0.001696 0.003015 0.003393 0.006031
0 0.001696 0.002741 0.003393 0.005482
0 0.001696 0.003015 0.003393 0.006031
0 0.001696 0.003015 0.003393 0.006031
0 0.001696 0.002741 0.003393 0.005482
0 0.001696 0.003015 0.003393 0.006031
0 0.001851 0.003015 0.003701 0.006031
0 0.001696 0.002741 0.003393 0.005482
0 0.001696 0.003015 0.003393 0.006031
0 0.001696 0.002741 0.003393 0.005482
0 0.001696 0.002741 0.003393 0.005482
0 0.001696 0.002741 0.003393 0.005482
0 0.001696 0.002741 0.003393 0.005482
0 0.001696 0.002741 0.003393 0.005482
0 0.001696 0.002741 0.003393 0.005482
0 0.001696 0.002741 0.003393 0.005482
0 0.001696 0.003015 0.003393 0.006031
0 0.001696 0.002741 0.003393 0.005482
0 0.001696 0.003015 0.003393 0.006031
0 0.001851 0.002741 0.003701 0.005482
0 0.001696 0.002741 0.003393 0.005482
0 0.001696 0.003015 0.003393 0.006031
0 0.001696 0.002741 0.003393 0.005482
0 0.001696 0.002741 0.003393 0.005482
0 0.001851 0.002741 0.003701 0.005482
0 0.001696 0.002741 0.003393 0.005482
0 0.001696 0.002741 0.003393 0.005482
0 0.001696 0.002741 0.003393 0.005482
0 0.001851 0.002741 0.003701 0.005482
0 0.001696 0.002741 0.003393 0.005482
0 0.001696 0.003015 0.003393 0.006031
0 0.001696 0.003015 0.003393 0.006031
0 0.001696 0.003015 0.003393 0.006031
0 0.001696 0.002741 0.003393 0.005482
0 0.001696 0.002741 0.003393 0.005482