0 0.005500 0.009242 0.011000 0.018484
0 0.005500 0.010166 0.011000 0.020333
0 0.005500 0.010166 0.011000 0.020333
0 0.005500 0.010166 0.011000 0.020333
0 0.005500 0.010166 0.011000 0.020333
0 0.005500 0.009242 0.011000 0.018484
0 0.005500 0.009242 0.011000 0.018484
0 0.005500 0.010166 0.011000 0.020333
0 0.005500 0.009242 0.011000 0.018484
0 0.005500 0.009242 0.011000 0.018484
0 0.005500 0.010166 0.011000 0.020333
0 0.005500 0.010166 0.011000 0.020333
0 0.005500 0.009242 0.011000 0.018484
0 0.005500 0.010166 0.011000 0.020333
0 0.005500 0.010166 0.011000 0.020333
0 0.005500 0.010166 0.011000 0.020333
0 0.005500 0.009242 0.011000 0.018484
0 0.005500 0.009242 0.011000 0.018484
0 0.005500 0.010166 0.011000 0.020333