0 0.008462 0.012500 0.016923 0.025000
0 0.008462 0.012500 0.016923 0.025000
0 0.008462 0.012500 0.016923 0.025000
0 0.008462 0.012500 0.016923 0.025000
0 0.008462 0.012500 0.016923 0.025000
0 0.008462 0.012500 0.016923 0.025000
0 0.008462 0.012500 0.016923 0.025000
0 0.008462 0.012500 0.016923 0.025000
0 0.008462 0.012500 0.016923 0.025000
0 0.008462 0.012500 0.016923 0.025000
0 0.010000 0.012500 0.020000 0.025000
0 0.008462 0.012500 0.016923 0.025000
0 0.010000 0.012500 0.020000 0.025000
0 0.008462 0.012500 0.016923 0.025000