0 0.004825 0.006570 0.009649 0.013141
0 0.004825 0.006570 0.009649 0.013141
0 0.004825 0.006570 0.009649 0.013141
0 0.004825 0.006570 0.009649 0.013141
0 0.004825 0.006570 0.009649 0.013141
0 0.004825 0.006570 0.009649 0.013141
0 0.004825 0.006570 0.009649 0.013141
0 0.004825 0.006570 0.009649 0.013141
0 0.004825 0.006570 0.009649 0.013141
0 0.004825 0.006570 0.009649 0.013141
0 0.004825 0.006570 0.009649 0.013141
0 0.005263 0.006570 0.010526 0.013141
0 0.004825 0.006570 0.009649 0.013141
0 0.004825 0.006570 0.009649 0.013141
0 0.004825 0.006570 0.009649 0.013141
0 0.004825 0.006570 0.009649 0.013141
0 0.004825 0.006570 0.009649 0.013141
0 0.004825 0.006570 0.009649 0.013141
0 0.004825 0.006570 0.009649 0.013141
0 0.005263 0.006570 0.010526 0.013141
0 0.004825 0.006570 0.009649 0.013141
0 0.004825 0.006570 0.009649 0.013141
0 0.004825 0.006570 0.009649 0.013141
0 0.004825 0.006570 0.009649 0.013141
0 0.004825 0.006570 0.009649 0.013141
0 0.004825 0.006570 0.009649 0.013141
0 0.004825 0.006570 0.009649 0.013141
0 0.004825 0.006570 0.009649 0.013141
0 0.004825 0.006570 0.009649 0.013141
0 0.005263 0.006570 0.010526 0.013141
0 0.004825 0.006570 0.009649 0.013141
0 0.004825 0.006570 0.009649 0.013141
0 0.004825 0.006570 0.009649 0.013141
0 0.004825 0.006570 0.009649 0.013141
0 0.004825 0.006570 0.009649 0.013141
0 0.005263 0.006570 0.010526 0.013141
0 0.005263 0.006570 0.010526 0.013141
0 0.004825 0.006570 0.009649 0.013141
0 0.004825 0.006570 0.009649 0.013141
0 0.004825 0.006570 0.009649 0.013141
0 0.004825 0.006570 0.009649 0.013141
0 0.004825 0.006570 0.009649 0.013141
0 0.004825 0.006570 0.009649 0.013141
0 0.004825 0.006570 0.009649 0.013141
0 0.004825 0.006570 0.009649 0.013141
0 0.004825 0.006570 0.009649 0.013141
0 0.004825 0.006570 0.009649 0.013141
0 0.004825 0.006570 0.009649 0.013141
0 0.004825 0.006570 0.009649 0.013141
0 0.004825 0.006570 0.009649 0.013141
0 0.004825 0.006570 0.009649 0.013141
0 0.004825 0.006570 0.009649 0.013141
0 0.004825 0.006570 0.009649 0.013141
0 0.005263 0.006570 0.010526 0.013141
0 0.004825 0.006570 0.009649 0.013141
0 0.004825 0.006570 0.009649 0.013141
0 0.004825 0.006570 0.009649 0.013141
0 0.004825 0.006570 0.009649 0.013141
0 0.004825 0.006570 0.009649 0.013141
0 0.004825 0.006570 0.009649 0.013141
0 0.004825 0.006570 0.009649 0.013141
0 0.004825 0.006570 0.009649 0.013141
0 0.004825 0.006570 0.009649 0.013141
0 0.004825 0.006570 0.009649 0.013141
0 0.004825 0.006570 0.009649 0.013141
0 0.004825 0.006570 0.009649 0.013141
0 0.004825 0.006570 0.009649 0.013141
0 0.004825 0.006570 0.009649 0.013141
0 0.004825 0.006570 0.009649 0.013141
0 0.004825 0.006570 0.009649 0.013141
0 0.004825 0.006570 0.009649 0.013141
0 0.004825 0.006570 0.009649 0.013141
0 0.004825 0.006570 0.009649 0.013141
0 0.004825 0.006570 0.009649 0.013141
0 0.004825 0.006570 0.009649 0.013141
0 0.004825 0.006570 0.009649 0.013141
0 0.004825 0.006570 0.009649 0.013141
0 0.004825 0.006570 0.009649 0.013141
0 0.004825 0.006570 0.009649 0.013141
0 0.005263 0.006570 0.010526 0.013141
0 0.005263 0.006570 0.010526 0.013141
0 0.005263 0.006570 0.010526 0.013141
0 0.004825 0.006570 0.009649 0.013141
0 0.004825 0.006570 0.009649 0.013141
0 0.004825 0.006570 0.009649 0.013141
0 0.004825 0.006570 0.009649 0.013141
0 0.004825 0.006570 0.009649 0.013141
0 0.004825 0.006570 0.009649 0.013141
0 0.005263 0.006570 0.010526 0.013141
0 0.005263 0.006570 0.010526 0.013141
0 0.005263 0.006570 0.010526 0.013141
0 0.004825 0.006570 0.009649 0.013141
0 0.005263 0.006570 0.010526 0.013141
0 0.004825 0.006570 0.009649 0.013141
0 0.004825 0.006570 0.009649 0.013141
0 0.004825 0.006570 0.009649 0.013141
0 0.004825 0.006570 0.009649 0.013141
0 0.004825 0.006570 0.009649 0.013141
0 0.005263 0.006570 0.010526 0.013141