0 0.002641 0.002934 0.005282 0.005869
0 0.002421 0.002934 0.004842 0.005869
0 0.002641 0.002934 0.005282 0.005869
0 0.002421 0.002934 0.004842 0.005869
0 0.002421 0.002934 0.004842 0.005869
0 0.002421 0.002934 0.004842 0.005869
0 0.002641 0.002934 0.005282 0.005869
0 0.002421 0.002934 0.004842 0.005869
0 0.002421 0.002934 0.004842 0.005869
0 0.002421 0.002934 0.004842 0.005869
0 0.002421 0.002934 0.004842 0.005869
0 0.002421 0.002934 0.004842 0.005869
0 0.002641 0.002934 0.005282 0.005869
0 0.002421 0.002934 0.004842 0.005869
0 0.002421 0.002934 0.004842 0.005869
0 0.002641 0.002934 0.005282 0.005869
0 0.002421 0.002934 0.004842 0.005869
0 0.002421 0.002934 0.004842 0.005869
0 0.002421 0.002934 0.004842 0.005869
0 0.002421 0.002934 0.004842 0.005869
0 0.002641 0.002934 0.005282 0.005869
0 0.002421 0.002934 0.004842 0.005869
0 0.002421 0.002934 0.004842 0.005869
0 0.002421 0.002934 0.004842 0.005869
0 0.002421 0.002934 0.004842 0.005869
0 0.002421 0.002934 0.004842 0.005869
0 0.002421 0.002934 0.004842 0.005869
0 0.002421 0.002934 0.004842 0.005869
0 0.002421 0.002934 0.004842 0.005869
0 0.002421 0.002934 0.004842 0.005869
0 0.002421 0.002934 0.004842 0.005869
0 0.002421 0.002934 0.004842 0.005869
0 0.002421 0.002934 0.004842 0.005869
0 0.002421 0.002934 0.004842 0.005869
0 0.002641 0.002934 0.005282 0.005869
0 0.002641 0.002934 0.005282 0.005869
0 0.002421 0.002934 0.004842 0.005869
0 0.002641 0.002934 0.005282 0.005869
0 0.002421 0.002934 0.004842 0.005869
0 0.002421 0.002934 0.004842 0.005869
0 0.002641 0.002934 0.005282 0.005869
0 0.002421 0.002934 0.004842 0.005869
0 0.002641 0.002934 0.005282 0.005869
0 0.002421 0.002934 0.004842 0.005869
0 0.002421 0.002934 0.004842 0.005869
0 0.002641 0.002934 0.005282 0.005869
0 0.002421 0.002934 0.004842 0.005869
0 0.002421 0.002934 0.004842 0.005869
0 0.002421 0.002934 0.004842 0.005869
0 0.002421 0.002934 0.004842 0.005869
0 0.002641 0.002934 0.005282 0.005869
0 0.002641 0.002934 0.005282 0.005869
0 0.002421 0.002934 0.004842 0.005869
0 0.002421 0.002934 0.004842 0.005869
0 0.002421 0.002934 0.004842 0.005869
0 0.002421 0.002934 0.004842 0.005869
0 0.002421 0.002934 0.004842 0.005869
0 0.002641 0.002934 0.005282 0.005869
0 0.002421 0.002934 0.004842 0.005869
0 0.002421 0.002934 0.004842 0.005869
0 0.002641 0.002934 0.005282 0.005869
0 0.002421 0.002934 0.004842 0.005869