0 0.005729 0.007837 0.011458 0.015674
0 0.006250 0.007837 0.012500 0.015674
0 0.005729 0.007837 0.011458 0.015674
0 0.005729 0.007837 0.011458 0.015674
0 0.005729 0.007837 0.011458 0.015674
0 0.005729 0.007837 0.011458 0.015674
0 0.005729 0.007837 0.011458 0.015674
0 0.005729 0.007837 0.011458 0.015674
0 0.005729 0.007837 0.011458 0.015674
0 0.005729 0.007837 0.011458 0.015674
0 0.005729 0.007837 0.011458 0.015674
0 0.005729 0.007837 0.011458 0.015674
0 0.005729 0.007837 0.011458 0.015674
0 0.005729 0.007837 0.011458 0.015674
0 0.006250 0.007837 0.012500 0.015674
0 0.006250 0.007837 0.012500 0.015674
0 0.005729 0.007837 0.011458 0.015674
0 0.005729 0.007837 0.011458 0.015674
0 0.005729 0.007837 0.011458 0.015674
0 0.005729 0.007837 0.011458 0.015674
0 0.005729 0.007837 0.011458 0.015674
0 0.005729 0.007837 0.011458 0.015674
0 0.005729 0.007837 0.011458 0.015674
0 0.005729 0.007837 0.011458 0.015674
0 0.005729 0.007837 0.011458 0.015674
0 0.006250 0.007837 0.012500 0.015674
0 0.005729 0.007837 0.011458 0.015674
0 0.005729 0.007837 0.011458 0.015674
0 0.005729 0.007837 0.011458 0.015674
0 0.005729 0.007837 0.011458 0.015674
0 0.005729 0.007837 0.011458 0.015674
0 0.005729 0.007837 0.011458 0.015674
0 0.005729 0.007837 0.011458 0.015674
0 0.005729 0.007837 0.011458 0.015674
0 0.005729 0.007837 0.011458 0.015674
0 0.005729 0.007837 0.011458 0.015674
0 0.005729 0.007837 0.011458 0.015674
0 0.005729 0.007837 0.011458 0.015674
0 0.005729 0.007837 0.011458 0.015674
0 0.005729 0.007837 0.011458 0.015674
0 0.005729 0.007837 0.011458 0.015674
0 0.005729 0.007837 0.011458 0.015674
0 0.005729 0.007837 0.011458 0.015674
0 0.005729 0.007837 0.011458 0.015674
0 0.005729 0.007837 0.011458 0.015674
0 0.005729 0.007837 0.011458 0.015674
0 0.006250 0.007837 0.012500 0.015674
0 0.005729 0.007837 0.011458 0.015674
0 0.005729 0.007837 0.011458 0.015674
0 0.005729 0.007837 0.011458 0.015674
0 0.005729 0.007837 0.011458 0.015674
0 0.006250 0.007837 0.012500 0.015674
0 0.005729 0.007837 0.011458 0.015674
0 0.005729 0.007837 0.011458 0.015674
0 0.005729 0.007837 0.011458 0.015674
0 0.005729 0.007837 0.011458 0.015674
0 0.005729 0.007837 0.011458 0.015674
0 0.005729 0.007837 0.011458 0.015674
0 0.005729 0.007837 0.011458 0.015674
0 0.005729 0.007837 0.011458 0.015674
0 0.005729 0.007837 0.011458 0.015674
0 0.005729 0.007837 0.011458 0.015674
0 0.005729 0.007837 0.011458 0.015674