0 0.004231 0.005753 0.008462 0.011506
0 0.004231 0.005753 0.008462 0.011506
0 0.004231 0.005753 0.008462 0.011506
0 0.004231 0.005753 0.008462 0.011506
0 0.004231 0.005753 0.008462 0.011506
0 0.004231 0.005753 0.008462 0.011506
0 0.004231 0.005753 0.008462 0.011506
0 0.004231 0.005753 0.008462 0.011506
0 0.004231 0.005753 0.008462 0.011506
0 0.004231 0.005753 0.008462 0.011506
0 0.004231 0.005753 0.008462 0.011506
0 0.004231 0.005753 0.008462 0.011506
0 0.004231 0.005753 0.008462 0.011506
0 0.004231 0.005753 0.008462 0.011506
0 0.004231 0.005753 0.008462 0.011506
0 0.004231 0.005753 0.008462 0.011506
0 0.004231 0.005753 0.008462 0.011506
0 0.004231 0.005753 0.008462 0.011506
0 0.004231 0.005753 0.008462 0.011506