0 0.008675 0.013064 0.017350 0.026128
0 0.008675 0.011876 0.017350 0.023753
0 0.008675 0.011876 0.017350 0.023753
0 0.008675 0.011876 0.017350 0.023753
0 0.008675 0.013064 0.017350 0.026128
0 0.008675 0.011876 0.017350 0.023753
0 0.008675 0.011876 0.017350 0.023753
0 0.008675 0.013064 0.017350 0.026128
0 0.008675 0.013064 0.017350 0.026128
0 0.008675 0.013064 0.017350 0.026128
0 0.008675 0.013064 0.017350 0.026128
0 0.008675 0.011876 0.017350 0.023753
0 0.008675 0.013064 0.017350 0.026128
0 0.008675 0.011876 0.017350 0.023753
0 0.008675 0.013064 0.017350 0.026128
0 0.008675 0.013064 0.017350 0.026128
0 0.008675 0.013064 0.017350 0.026128
0 0.008675 0.011876 0.017350 0.023753
0 0.008675 0.013064 0.017350 0.026128
0 0.008675 0.013064 0.017350 0.026128
0 0.008675 0.011876 0.017350 0.023753
0 0.008675 0.013064 0.017350 0.026128
0 0.008675 0.013064 0.017350 0.026128
0 0.008675 0.011876 0.017350 0.023753
0 0.008675 0.011876 0.017350 0.023753
0 0.008675 0.011876 0.017350 0.023753
0 0.008675 0.013064 0.017350 0.026128
0 0.008675 0.013064 0.017350 0.026128
0 0.008675 0.011876 0.017350 0.023753
0 0.008675 0.011876 0.017350 0.023753
0 0.008675 0.013064 0.017350 0.026128
0 0.008675 0.011876 0.017350 0.023753
0 0.008675 0.013064 0.017350 0.026128
0 0.008675 0.011876 0.017350 0.023753
0 0.008675 0.013064 0.017350 0.026128
0 0.008675 0.013064 0.017350 0.026128
0 0.008675 0.013064 0.017350 0.026128
0 0.009464 0.011876 0.018927 0.023753
0 0.008675 0.013064 0.017350 0.026128
0 0.008675 0.013064 0.017350 0.026128
0 0.008675 0.013064 0.017350 0.026128
0 0.008675 0.013064 0.017350 0.026128
0 0.008675 0.011876 0.017350 0.023753
0 0.008675 0.011876 0.017350 0.023753
0 0.008675 0.011876 0.017350 0.023753
0 0.008675 0.013064 0.017350 0.026128
0 0.008675 0.013064 0.017350 0.026128
0 0.008675 0.011876 0.017350 0.023753
0 0.008675 0.011876 0.017350 0.023753
0 0.008675 0.013064 0.017350 0.026128
0 0.008675 0.013064 0.017350 0.026128
0 0.008675 0.013064 0.017350 0.026128
0 0.008675 0.013064 0.017350 0.026128
0 0.008675 0.013064 0.017350 0.026128
0 0.008675 0.011876 0.017350 0.023753
0 0.008675 0.013064 0.017350 0.026128
0 0.008675 0.013064 0.017350 0.026128
0 0.008675 0.011876 0.017350 0.023753
0 0.008675 0.013064 0.017350 0.026128
0 0.008675 0.013064 0.017350 0.026128
0 0.008675 0.013064 0.017350 0.026128
0 0.008675 0.013064 0.017350 0.026128
0 0.008675 0.013064 0.017350 0.026128
0 0.008675 0.013064 0.017350 0.026128
0 0.008675 0.011876 0.017350 0.023753
0 0.008675 0.013064 0.017350 0.026128
0 0.008675 0.013064 0.017350 0.026128
0 0.008675 0.013064 0.017350 0.026128
0 0.008675 0.013064 0.017350 0.026128
0 0.008675 0.013064 0.017350 0.026128
0 0.008675 0.013064 0.017350 0.026128
0 0.008675 0.013064 0.017350 0.026128
0 0.008675 0.013064 0.017350 0.026128
0 0.008675 0.013064 0.017350 0.026128
0 0.008675 0.011876 0.017350 0.023753
0 0.008675 0.013064 0.017350 0.026128
0 0.008675 0.013064 0.017350 0.026128
0 0.008675 0.013064 0.017350 0.026128
0 0.008675 0.011876 0.017350 0.023753
0 0.008675 0.013064 0.017350 0.026128
0 0.008675 0.013064 0.017350 0.026128
0 0.008675 0.013064 0.017350 0.026128
0 0.008675 0.013064 0.017350 0.026128
0 0.008675 0.011876 0.017350 0.023753
0 0.009464 0.011876 0.018927 0.023753
0 0.008675 0.013064 0.017350 0.026128
0 0.008675 0.013064 0.017350 0.026128
0 0.008675 0.011876 0.017350 0.023753
0 0.008675 0.013064 0.017350 0.026128
0 0.008675 0.011876 0.017350 0.023753
0 0.008675 0.011876 0.017350 0.023753
0 0.008675 0.013064 0.017350 0.026128
0 0.008675 0.013064 0.017350 0.026128
0 0.008675 0.011876 0.017350 0.023753
0 0.008675 0.011876 0.017350 0.023753
0 0.008675 0.013064 0.017350 0.026128
0 0.008675 0.011876 0.017350 0.023753
0 0.008675 0.013064 0.017350 0.026128
0 0.008675 0.013064 0.017350 0.026128
0 0.008675 0.013064 0.017350 0.026128
0 0.008675 0.013064 0.017350 0.026128
0 0.008675 0.011876 0.017350 0.023753
0 0.008675 0.013064 0.017350 0.026128
0 0.008675 0.011876 0.017350 0.023753
0 0.008675 0.011876 0.017350 0.023753
0 0.008675 0.013064 0.017350 0.026128
0 0.008675 0.013064 0.017350 0.026128
0 0.008675 0.013064 0.017350 0.026128
0 0.008675 0.013064 0.017350 0.026128
0 0.008675 0.011876 0.017350 0.023753
0 0.008675 0.013064 0.017350 0.026128
0 0.008675 0.013064 0.017350 0.026128
0 0.008675 0.011876 0.017350 0.023753
0 0.008675 0.011876 0.017350 0.023753
0 0.008675 0.013064 0.017350 0.026128
0 0.008675 0.013064 0.017350 0.026128
0 0.008675 0.013064 0.017350 0.026128
0 0.008675 0.011876 0.017350 0.023753
0 0.008675 0.013064 0.017350 0.026128
0 0.008675 0.013064 0.017350 0.026128
0 0.008675 0.013064 0.017350 0.026128
0 0.008675 0.013064 0.017350 0.026128
0 0.008675 0.013064 0.017350 0.026128