0 0.001343 0.002315 0.002686 0.004630
0 0.001343 0.002546 0.002686 0.005093
0 0.001343 0.002315 0.002686 0.004630
0 0.001343 0.002546 0.002686 0.005093
0 0.001343 0.002546 0.002686 0.005093
0 0.001465 0.002315 0.002930 0.004630
0 0.001465 0.002546 0.002930 0.005093
0 0.001343 0.002315 0.002686 0.004630
0 0.001343 0.002315 0.002686 0.004630
0 0.001343 0.002546 0.002686 0.005093
0 0.001343 0.002315 0.002686 0.004630
0 0.001343 0.002546 0.002686 0.005093
0 0.001343 0.002546 0.002686 0.005093
0 0.001343 0.002546 0.002686 0.005093
0 0.001343 0.002546 0.002686 0.005093
0 0.001465 0.002546 0.002930 0.005093
0 0.001343 0.002546 0.002686 0.005093
0 0.001343 0.002546 0.002686 0.005093
0 0.001343 0.002315 0.002686 0.004630
0 0.001343 0.002546 0.002686 0.005093
0 0.001343 0.002546 0.002686 0.005093
0 0.001343 0.002546 0.002686 0.005093
0 0.001343 0.002315 0.002686 0.004630
0 0.001343 0.002546 0.002686 0.005093
0 0.001343 0.002315 0.002686 0.004630
0 0.001465 0.002315 0.002930 0.004630
0 0.001343 0.002546 0.002686 0.005093
0 0.001343 0.002315 0.002686 0.004630
0 0.001343 0.002546 0.002686 0.005093
0 0.001343 0.002315 0.002686 0.004630
0 0.001343 0.002315 0.002686 0.004630
0 0.001343 0.002546 0.002686 0.005093
0 0.001343 0.002546 0.002686 0.005093
0 0.001343 0.002546 0.002686 0.005093
0 0.001343 0.002315 0.002686 0.004630
0 0.001343 0.002315 0.002686 0.004630
0 0.001343 0.002546 0.002686 0.005093
0 0.001343 0.002546 0.002686 0.005093
0 0.001343 0.002315 0.002686 0.004630
0 0.001343 0.002546 0.002686 0.005093
0 0.001343 0.002315 0.002686 0.004630
0 0.001343 0.002546 0.002686 0.005093
0 0.001343 0.002315 0.002686 0.004630
0 0.001343 0.002315 0.002686 0.004630
0 0.001465 0.002546 0.002930 0.005093
0 0.001343 0.002546 0.002686 0.005093
0 0.001343 0.002315 0.002686 0.004630
0 0.001343 0.002546 0.002686 0.005093
0 0.001343 0.002315 0.002686 0.004630
0 0.001343 0.002315 0.002686 0.004630
0 0.001343 0.002546 0.002686 0.005093
0 0.001343 0.002315 0.002686 0.004630
0 0.001343 0.002546 0.002686 0.005093
0 0.001343 0.002546 0.002686 0.005093
0 0.001343 0.002546 0.002686 0.005093
0 0.001343 0.002315 0.002686 0.004630
0 0.001343 0.002546 0.002686 0.005093
0 0.001343 0.002546 0.002686 0.005093
0 0.001343 0.002315 0.002686 0.004630
0 0.001343 0.002315 0.002686 0.004630
0 0.001343 0.002546 0.002686 0.005093
0 0.001343 0.002546 0.002686 0.005093
0 0.001343 0.002546 0.002686 0.005093
0 0.001343 0.002546 0.002686 0.005093
0 0.001343 0.002546 0.002686 0.005093
0 0.001343 0.002546 0.002686 0.005093
0 0.001343 0.002546 0.002686 0.005093
0 0.001343 0.002315 0.002686 0.004630
0 0.001343 0.002546 0.002686 0.005093
0 0.001343 0.002546 0.002686 0.005093
0 0.001343 0.002315 0.002686 0.004630
0 0.001465 0.002315 0.002930 0.004630
0 0.001343 0.002546 0.002686 0.005093
0 0.001343 0.002546 0.002686 0.005093
0 0.001343 0.002546 0.002686 0.005093
0 0.001343 0.002546 0.002686 0.005093
0 0.001343 0.002546 0.002686 0.005093
0 0.001343 0.002546 0.002686 0.005093
0 0.001343 0.002315 0.002686 0.004630
0 0.001343 0.002546 0.002686 0.005093
0 0.001343 0.002546 0.002686 0.005093
0 0.001343 0.002546 0.002686 0.005093
0 0.001343 0.002546 0.002686 0.005093
0 0.001343 0.002315 0.002686 0.004630
0 0.001343 0.002546 0.002686 0.005093
0 0.001343 0.002315 0.002686 0.004630
0 0.001343 0.002546 0.002686 0.005093
0 0.001343 0.002546 0.002686 0.005093
0 0.001343 0.002315 0.002686 0.004630
0 0.001465 0.002315 0.002930 0.004630
0 0.001343 0.002546 0.002686 0.005093
0 0.001343 0.002546 0.002686 0.005093
0 0.001343 0.002546 0.002686 0.005093
0 0.001343 0.002546 0.002686 0.005093
0 0.001343 0.002315 0.002686 0.004630
0 0.001343 0.002315 0.002686 0.004630
0 0.001343 0.002546 0.002686 0.005093
0 0.001343 0.002315 0.002686 0.004630
0 0.001343 0.002546 0.002686 0.005093
0 0.001343 0.002546 0.002686 0.005093
0 0.001343 0.002315 0.002686 0.004630
0 0.001343 0.002315 0.002686 0.004630
0 0.001343 0.002315 0.002686 0.004630
0 0.001343 0.002546 0.002686 0.005093
0 0.001465 0.002315 0.002930 0.004630
0 0.001343 0.002546 0.002686 0.005093
0 0.001343 0.002546 0.002686 0.005093
0 0.001343 0.002315 0.002686 0.004630
0 0.001343 0.002546 0.002686 0.005093
0 0.001343 0.002546 0.002686 0.005093
0 0.001343 0.002546 0.002686 0.005093
0 0.001343 0.002315 0.002686 0.004630
0 0.001343 0.002315 0.002686 0.004630
0 0.001343 0.002315 0.002686 0.004630
0 0.001465 0.002315 0.002930 0.004630
0 0.001343 0.002546 0.002686 0.005093
0 0.001343 0.002315 0.002686 0.004630
0 0.001343 0.002315 0.002686 0.004630
0 0.001343 0.002546 0.002686 0.005093
0 0.001465 0.002315 0.002930 0.004630
0 0.001343 0.002315 0.002686 0.004630
0 0.001343 0.002315 0.002686 0.004630
0 0.001343 0.002315 0.002686 0.004630
0 0.001343 0.002546 0.002686 0.005093
0 0.001343 0.002315 0.002686 0.004630
0 0.001343 0.002546 0.002686 0.005093
0 0.001343 0.002546 0.002686 0.005093
0 0.001343 0.002546 0.002686 0.005093
0 0.001343 0.002546 0.002686 0.005093
0 0.001343 0.002546 0.002686 0.005093
0 0.001343 0.002315 0.002686 0.004630
0 0.001343 0.002315 0.002686 0.004630
0 0.001343 0.002315 0.002686 0.004630
0 0.001465 0.002315 0.002930 0.004630
0 0.001343 0.002546 0.002686 0.005093
0 0.001343 0.002315 0.002686 0.004630
0 0.001465 0.002315 0.002930 0.004630
0 0.001343 0.002546 0.002686 0.005093
0 0.001343 0.002546 0.002686 0.005093
0 0.001343 0.002315 0.002686 0.004630
0 0.001343 0.002546 0.002686 0.005093
0 0.001343 0.002315 0.002686 0.004630
0 0.001343 0.002546 0.002686 0.005093
0 0.001343 0.002315 0.002686 0.004630
0 0.001343 0.002315 0.002686 0.004630
0 0.001343 0.002546 0.002686 0.005093
0 0.001343 0.002546 0.002686 0.005093
0 0.001343 0.002315 0.002686 0.004630