0 0.011957 0.016892 0.023913 0.033784
0 0.013043 0.016892 0.026087 0.033784
0 0.011957 0.016892 0.023913 0.033784
0 0.011957 0.018581 0.023913 0.037162
0 0.011957 0.016892 0.023913 0.033784
0 0.011957 0.016892 0.023913 0.033784
0 0.011957 0.016892 0.023913 0.033784
0 0.011957 0.016892 0.023913 0.033784
0 0.011957 0.016892 0.023913 0.033784
0 0.011957 0.016892 0.023913 0.033784
0 0.011957 0.018581 0.023913 0.037162
0 0.011957 0.016892 0.023913 0.033784
0 0.011957 0.016892 0.023913 0.033784
0 0.011957 0.016892 0.023913 0.033784
0 0.011957 0.016892 0.023913 0.033784
0 0.011957 0.016892 0.023913 0.033784
0 0.011957 0.016892 0.023913 0.033784
0 0.011957 0.018581 0.023913 0.037162
0 0.011957 0.016892 0.023913 0.033784
0 0.011957 0.016892 0.023913 0.033784
0 0.011957 0.018581 0.023913 0.037162
0 0.011957 0.016892 0.023913 0.033784
0 0.011957 0.016892 0.023913 0.033784
0 0.011957 0.016892 0.023913 0.033784
0 0.011957 0.016892 0.023913 0.033784
0 0.013043 0.016892 0.026087 0.033784
0 0.011957 0.016892 0.023913 0.033784
0 0.011957 0.016892 0.023913 0.033784
0 0.011957 0.016892 0.023913 0.033784
0 0.011957 0.018581 0.023913 0.037162
0 0.011957 0.016892 0.023913 0.033784
0 0.011957 0.016892 0.023913 0.033784
0 0.011957 0.016892 0.023913 0.033784
0 0.011957 0.016892 0.023913 0.033784
0 0.011957 0.018581 0.023913 0.037162
0 0.011957 0.016892 0.023913 0.033784