0 0.002792 0.003901 0.005584 0.007801
0 0.003046 0.003546 0.006091 0.007092
0 0.002792 0.003901 0.005584 0.007801
0 0.002792 0.003901 0.005584 0.007801
0 0.002792 0.003901 0.005584 0.007801
0 0.003046 0.003546 0.006091 0.007092
0 0.002792 0.003546 0.005584 0.007092
0 0.002792 0.003901 0.005584 0.007801
0 0.002792 0.003546 0.005584 0.007092
0 0.002792 0.003901 0.005584 0.007801
0 0.002792 0.003546 0.005584 0.007092
0 0.002792 0.003901 0.005584 0.007801
0 0.003046 0.003546 0.006091 0.007092
0 0.002792 0.003901 0.005584 0.007801
0 0.002792 0.003901 0.005584 0.007801
0 0.002792 0.003546 0.005584 0.007092
0 0.002792 0.003546 0.005584 0.007092
0 0.002792 0.003901 0.005584 0.007801
0 0.002792 0.003901 0.005584 0.007801
0 0.002792 0.003901 0.005584 0.007801
0 0.002792 0.003901 0.005584 0.007801
0 0.002792 0.003901 0.005584 0.007801
0 0.002792 0.003901 0.005584 0.007801
0 0.002792 0.003901 0.005584 0.007801
0 0.002792 0.003901 0.005584 0.007801
0 0.002792 0.003901 0.005584 0.007801
0 0.002792 0.003901 0.005584 0.007801
0 0.002792 0.003546 0.005584 0.007092
0 0.002792 0.003901 0.005584 0.007801
0 0.002792 0.003901 0.005584 0.007801
0 0.002792 0.003901 0.005584 0.007801
0 0.002792 0.003901 0.005584 0.007801
0 0.002792 0.003901 0.005584 0.007801
0 0.002792 0.003901 0.005584 0.007801
0 0.002792 0.003901 0.005584 0.007801
0 0.002792 0.003901 0.005584 0.007801
0 0.002792 0.003901 0.005584 0.007801
0 0.002792 0.003546 0.005584 0.007092
0 0.002792 0.003901 0.005584 0.007801
0 0.003046 0.003546 0.006091 0.007092
0 0.002792 0.003901 0.005584 0.007801
0 0.002792 0.003901 0.005584 0.007801
0 0.002792 0.003901 0.005584 0.007801
0 0.002792 0.003546 0.005584 0.007092
0 0.002792 0.003901 0.005584 0.007801
0 0.002792 0.003901 0.005584 0.007801
0 0.002792 0.003546 0.005584 0.007092
0 0.002792 0.003901 0.005584 0.007801
0 0.002792 0.003901 0.005584 0.007801
0 0.002792 0.003901 0.005584 0.007801
0 0.002792 0.003901 0.005584 0.007801
0 0.002792 0.003901 0.005584 0.007801
0 0.002792 0.003901 0.005584 0.007801
0 0.002792 0.003901 0.005584 0.007801
0 0.002792 0.003901 0.005584 0.007801
0 0.002792 0.003901 0.005584 0.007801
0 0.002792 0.003901 0.005584 0.007801
0 0.002792 0.003901 0.005584 0.007801
0 0.002792 0.003901 0.005584 0.007801
0 0.002792 0.003901 0.005584 0.007801
0 0.002792 0.003901 0.005584 0.007801
0 0.002792 0.003901 0.005584 0.007801
0 0.002792 0.003546 0.005584 0.007092
0 0.002792 0.003901 0.005584 0.007801
0 0.002792 0.003901 0.005584 0.007801
0 0.002792 0.003546 0.005584 0.007092
0 0.002792 0.003901 0.005584 0.007801
0 0.002792 0.003901 0.005584 0.007801
0 0.002792 0.003901 0.005584 0.007801
0 0.002792 0.003901 0.005584 0.007801
0 0.002792 0.003901 0.005584 0.007801
0 0.002792 0.003901 0.005584 0.007801
0 0.002792 0.003546 0.005584 0.007092
0 0.002792 0.003901 0.005584 0.007801
0 0.002792 0.003901 0.005584 0.007801
0 0.002792 0.003901 0.005584 0.007801
0 0.002792 0.003546 0.005584 0.007092
0 0.002792 0.003546 0.005584 0.007092
0 0.002792 0.003901 0.005584 0.007801
0 0.002792 0.003546 0.005584 0.007092
0 0.002792 0.003901 0.005584 0.007801
0 0.002792 0.003901 0.005584 0.007801
0 0.002792 0.003901 0.005584 0.007801
0 0.002792 0.003546 0.005584 0.007092
0 0.002792 0.003901 0.005584 0.007801
0 0.002792 0.003901 0.005584 0.007801
0 0.003046 0.003901 0.006091 0.007801
0 0.002792 0.003901 0.005584 0.007801
0 0.002792 0.003901 0.005584 0.007801
0 0.002792 0.003901 0.005584 0.007801
0 0.002792 0.003901 0.005584 0.007801
0 0.002792 0.003901 0.005584 0.007801
0 0.002792 0.003546 0.005584 0.007092
0 0.002792 0.003546 0.005584 0.007092
0 0.002792 0.003901 0.005584 0.007801
0 0.002792 0.003901 0.005584 0.007801
0 0.002792 0.003546 0.005584 0.007092
0 0.002792 0.003546 0.005584 0.007092
0 0.002792 0.003546 0.005584 0.007092
0 0.002792 0.003901 0.005584 0.007801
0 0.002792 0.003901 0.005584 0.007801
0 0.002792 0.003901 0.005584 0.007801
0 0.002792 0.003901 0.005584 0.007801
0 0.002792 0.003546 0.005584 0.007092
0 0.002792 0.003901 0.005584 0.007801
0 0.002792 0.003901 0.005584 0.007801
0 0.002792 0.003901 0.005584 0.007801
0 0.002792 0.003546 0.005584 0.007092
0 0.002792 0.003901 0.005584 0.007801
0 0.002792 0.003901 0.005584 0.007801
0 0.002792 0.003901 0.005584 0.007801
0 0.002792 0.003901 0.005584 0.007801
0 0.002792 0.003546 0.005584 0.007092
0 0.003046 0.003546 0.006091 0.007092
0 0.002792 0.003901 0.005584 0.007801
0 0.002792 0.003901 0.005584 0.007801
0 0.002792 0.003546 0.005584 0.007092
0 0.003046 0.003546 0.006091 0.007092
0 0.002792 0.003901 0.005584 0.007801
0 0.002792 0.003901 0.005584 0.007801
0 0.002792 0.003901 0.005584 0.007801
0 0.002792 0.003546 0.005584 0.007092
0 0.002792 0.003901 0.005584 0.007801
0 0.002792 0.003901 0.005584 0.007801
0 0.002792 0.003901 0.005584 0.007801
0 0.002792 0.003901 0.005584 0.007801
0 0.002792 0.003901 0.005584 0.007801
0 0.002792 0.003901 0.005584 0.007801
0 0.002792 0.003901 0.005584 0.007801
0 0.002792 0.003901 0.005584 0.007801
0 0.002792 0.003901 0.005584 0.007801
0 0.002792 0.003546 0.005584 0.007092
0 0.002792 0.003901 0.005584 0.007801
0 0.002792 0.003901 0.005584 0.007801
0 0.002792 0.003901 0.005584 0.007801
0 0.002792 0.003901 0.005584 0.007801
0 0.002792 0.003546 0.005584 0.007092
0 0.002792 0.003901 0.005584 0.007801
0 0.002792 0.003901 0.005584 0.007801
0 0.002792 0.003901 0.005584 0.007801
0 0.002792 0.003546 0.005584 0.007092
0 0.002792 0.003901 0.005584 0.007801
0 0.002792 0.003901 0.005584 0.007801
0 0.002792 0.003901 0.005584 0.007801
0 0.002792 0.003901 0.005584 0.007801
0 0.002792 0.003901 0.005584 0.007801
0 0.002792 0.003901 0.005584 0.007801
0 0.002792 0.003901 0.005584 0.007801
0 0.002792 0.003901 0.005584 0.007801
0 0.002792 0.003546 0.005584 0.007092
0 0.002792 0.003901 0.005584 0.007801
0 0.002792 0.003901 0.005584 0.007801
0 0.002792 0.003901 0.005584 0.007801
0 0.002792 0.003901 0.005584 0.007801
0 0.002792 0.003901 0.005584 0.007801
0 0.002792 0.003546 0.005584 0.007092
0 0.003046 0.003546 0.006091 0.007092
0 0.002792 0.003901 0.005584 0.007801
0 0.003046 0.003546 0.006091 0.007092
0 0.002792 0.003546 0.005584 0.007092
0 0.002792 0.003546 0.005584 0.007092
0 0.002792 0.003901 0.005584 0.007801
0 0.003046 0.003546 0.006091 0.007092
0 0.002792 0.003901 0.005584 0.007801
0 0.002792 0.003901 0.005584 0.007801
0 0.002792 0.003546 0.005584 0.007092
0 0.002792 0.003901 0.005584 0.007801
0 0.002792 0.003901 0.005584 0.007801
0 0.002792 0.003546 0.005584 0.007092
0 0.002792 0.003546 0.005584 0.007092
0 0.002792 0.003901 0.005584 0.007801
0 0.002792 0.003901 0.005584 0.007801
0 0.002792 0.003901 0.005584 0.007801
0 0.002792 0.003901 0.005584 0.007801
0 0.002792 0.003901 0.005584 0.007801
0 0.002792 0.003901 0.005584 0.007801
0 0.002792 0.003901 0.005584 0.007801
0 0.002792 0.003901 0.005584 0.007801