0 0.008501 0.013614 0.017002 0.027228
0 0.008501 0.013614 0.017002 0.027228
0 0.008501 0.013614 0.017002 0.027228
0 0.008501 0.013614 0.017002 0.027228
0 0.008501 0.013614 0.017002 0.027228
0 0.008501 0.013614 0.017002 0.027228
0 0.008501 0.013614 0.017002 0.027228
0 0.008501 0.012376 0.017002 0.024752
0 0.008501 0.013614 0.017002 0.027228
0 0.008501 0.013614 0.017002 0.027228
0 0.008501 0.013614 0.017002 0.027228
0 0.008501 0.013614 0.017002 0.027228
0 0.008501 0.013614 0.017002 0.027228
0 0.008501 0.013614 0.017002 0.027228
0 0.008501 0.013614 0.017002 0.027228
0 0.008501 0.013614 0.017002 0.027228
0 0.008501 0.013614 0.017002 0.027228
0 0.008501 0.013614 0.017002 0.027228
0 0.008501 0.012376 0.017002 0.024752
0 0.008501 0.013614 0.017002 0.027228
0 0.008501 0.013614 0.017002 0.027228
0 0.008501 0.013614 0.017002 0.027228
0 0.008501 0.013614 0.017002 0.027228
0 0.008501 0.012376 0.017002 0.024752
0 0.008501 0.013614 0.017002 0.027228
0 0.008501 0.013614 0.017002 0.027228
0 0.008501 0.012376 0.017002 0.024752
0 0.008501 0.012376 0.017002 0.024752
0 0.008501 0.013614 0.017002 0.027228
0 0.008501 0.012376 0.017002 0.024752
0 0.008501 0.012376 0.017002 0.024752
0 0.008501 0.013614 0.017002 0.027228
0 0.008501 0.013614 0.017002 0.027228
0 0.008501 0.013614 0.017002 0.027228
0 0.008501 0.012376 0.017002 0.024752
0 0.008501 0.012376 0.017002 0.024752
0 0.008501 0.013614 0.017002 0.027228
0 0.008501 0.013614 0.017002 0.027228
0 0.008501 0.013614 0.017002 0.027228
0 0.008501 0.013614 0.017002 0.027228
0 0.008501 0.013614 0.017002 0.027228
0 0.008501 0.013614 0.017002 0.027228
0 0.008501 0.013614 0.017002 0.027228
0 0.008501 0.013614 0.017002 0.027228
0 0.008501 0.013614 0.017002 0.027228
0 0.008501 0.013614 0.017002 0.027228
0 0.008501 0.013614 0.017002 0.027228
0 0.008501 0.013614 0.017002 0.027228
0 0.008501 0.012376 0.017002 0.024752
0 0.008501 0.012376 0.017002 0.024752
0 0.008501 0.013614 0.017002 0.027228
0 0.008501 0.013614 0.017002 0.027228
0 0.008501 0.013614 0.017002 0.027228
0 0.008501 0.013614 0.017002 0.027228
0 0.008501 0.013614 0.017002 0.027228
0 0.008501 0.013614 0.017002 0.027228
0 0.008501 0.012376 0.017002 0.024752
0 0.008501 0.013614 0.017002 0.027228
0 0.008501 0.012376 0.017002 0.024752
0 0.008501 0.013614 0.017002 0.027228
0 0.009274 0.012376 0.018547 0.024752
0 0.008501 0.012376 0.017002 0.024752
0 0.008501 0.013614 0.017002 0.027228
0 0.008501 0.013614 0.017002 0.027228
0 0.008501 0.013614 0.017002 0.027228
0 0.008501 0.012376 0.017002 0.024752
0 0.008501 0.013614 0.017002 0.027228
0 0.008501 0.013614 0.017002 0.027228
0 0.008501 0.013614 0.017002 0.027228
0 0.008501 0.013614 0.017002 0.027228
0 0.008501 0.013614 0.017002 0.027228
0 0.008501 0.013614 0.017002 0.027228
0 0.008501 0.012376 0.017002 0.024752
0 0.008501 0.013614 0.017002 0.027228
0 0.008501 0.013614 0.017002 0.027228
0 0.008501 0.013614 0.017002 0.027228
0 0.008501 0.013614 0.017002 0.027228
0 0.008501 0.012376 0.017002 0.024752
0 0.008501 0.012376 0.017002 0.024752
0 0.008501 0.013614 0.017002 0.027228
0 0.008501 0.013614 0.017002 0.027228
0 0.008501 0.013614 0.017002 0.027228
0 0.008501 0.013614 0.017002 0.027228
0 0.008501 0.013614 0.017002 0.027228
0 0.008501 0.013614 0.017002 0.027228
0 0.008501 0.013614 0.017002 0.027228
0 0.008501 0.012376 0.017002 0.024752
0 0.008501 0.013614 0.017002 0.027228
0 0.008501 0.013614 0.017002 0.027228
0 0.009274 0.012376 0.018547 0.024752
0 0.008501 0.013614 0.017002 0.027228
0 0.008501 0.013614 0.017002 0.027228
0 0.008501 0.013614 0.017002 0.027228
0 0.008501 0.013614 0.017002 0.027228
0 0.008501 0.012376 0.017002 0.024752
0 0.008501 0.013614 0.017002 0.027228
0 0.008501 0.013614 0.017002 0.027228
0 0.008501 0.013614 0.017002 0.027228
0 0.008501 0.012376 0.017002 0.024752
0 0.008501 0.012376 0.017002 0.024752
0 0.008501 0.012376 0.017002 0.024752
0 0.008501 0.013614 0.017002 0.027228
0 0.008501 0.013614 0.017002 0.027228
0 0.008501 0.013614 0.017002 0.027228
0 0.008501 0.013614 0.017002 0.027228
0 0.008501 0.013614 0.017002 0.027228
0 0.008501 0.013614 0.017002 0.027228
0 0.008501 0.012376 0.017002 0.024752
0 0.008501 0.013614 0.017002 0.027228
0 0.008501 0.013614 0.017002 0.027228
0 0.008501 0.013614 0.017002 0.027228
0 0.008501 0.013614 0.017002 0.027228
0 0.008501 0.013614 0.017002 0.027228
0 0.008501 0.013614 0.017002 0.027228
0 0.008501 0.013614 0.017002 0.027228