0 0.001158 0.001485 0.002316 0.002970
0 0.001158 0.001485 0.002316 0.002970
0 0.001158 0.001485 0.002316 0.002970
0 0.001158 0.001485 0.002316 0.002970
0 0.001158 0.001485 0.002316 0.002970
0 0.001158 0.001485 0.002316 0.002970
0 0.001158 0.001485 0.002316 0.002970
0 0.001158 0.001485 0.002316 0.002970
0 0.001158 0.001485 0.002316 0.002970
0 0.001158 0.001485 0.002316 0.002970
0 0.001158 0.001485 0.002316 0.002970
0 0.001158 0.001485 0.002316 0.002970
0 0.001158 0.001485 0.002316 0.002970
0 0.001158 0.001485 0.002316 0.002970
0 0.001263 0.001485 0.002527 0.002970
0 0.001158 0.001485 0.002316 0.002970
0 0.001158 0.001485 0.002316 0.002970
0 0.001158 0.001485 0.002316 0.002970
0 0.001158 0.001485 0.002316 0.002970
0 0.001158 0.001485 0.002316 0.002970
0 0.001158 0.001485 0.002316 0.002970
0 0.001158 0.001485 0.002316 0.002970
0 0.001158 0.001485 0.002316 0.002970
0 0.001158 0.001485 0.002316 0.002970
0 0.001158 0.001485 0.002316 0.002970
0 0.001158 0.001485 0.002316 0.002970
0 0.001158 0.001485 0.002316 0.002970
0 0.001158 0.001485 0.002316 0.002970
0 0.001158 0.001485 0.002316 0.002970
0 0.001158 0.001485 0.002316 0.002970
0 0.001158 0.001485 0.002316 0.002970
0 0.001158 0.001485 0.002316 0.002970
0 0.001158 0.001485 0.002316 0.002970
0 0.001158 0.001485 0.002316 0.002970
0 0.001158 0.001485 0.002316 0.002970
0 0.001158 0.001485 0.002316 0.002970
0 0.001263 0.001485 0.002527 0.002970
0 0.001158 0.001485 0.002316 0.002970
0 0.001158 0.001485 0.002316 0.002970
0 0.001158 0.001485 0.002316 0.002970
0 0.001158 0.001485 0.002316 0.002970
0 0.001158 0.001485 0.002316 0.002970
0 0.001158 0.001485 0.002316 0.002970
0 0.001158 0.001485 0.002316 0.002970
0 0.001158 0.001485 0.002316 0.002970
0 0.001158 0.001485 0.002316 0.002970
0 0.001158 0.001485 0.002316 0.002970
0 0.001158 0.001485 0.002316 0.002970
0 0.001158 0.001485 0.002316 0.002970
0 0.001158 0.001485 0.002316 0.002970
0 0.001158 0.001485 0.002316 0.002970
0 0.001158 0.001485 0.002316 0.002970