0 0.002200 0.003554 0.004400 0.007107
0 0.002200 0.003554 0.004400 0.007107
0 0.002200 0.003554 0.004400 0.007107
0 0.002200 0.003554 0.004400 0.007107
0 0.002200 0.003554 0.004400 0.007107
0 0.002200 0.003554 0.004400 0.007107
0 0.002200 0.003554 0.004400 0.007107
0 0.002200 0.003554 0.004400 0.007107
0 0.002200 0.003554 0.004400 0.007107
0 0.002200 0.003554 0.004400 0.007107
0 0.002200 0.003554 0.004400 0.007107
0 0.002200 0.003554 0.004400 0.007107
0 0.002200 0.003554 0.004400 0.007107
0 0.002200 0.003554 0.004400 0.007107
0 0.002200 0.003554 0.004400 0.007107
0 0.002200 0.003554 0.004400 0.007107
0 0.002200 0.003554 0.004400 0.007107
0 0.002200 0.003554 0.004400 0.007107