0 0.008185 0.011161 0.016369 0.022321
0 0.008185 0.011161 0.016369 0.022321
0 0.008185 0.011161 0.016369 0.022321
0 0.008185 0.011161 0.016369 0.022321
0 0.008185 0.011161 0.016369 0.022321
0 0.008185 0.011161 0.016369 0.022321
0 0.008185 0.011161 0.016369 0.022321
0 0.008185 0.011161 0.016369 0.022321
0 0.008185 0.011161 0.016369 0.022321
0 0.008185 0.011161 0.016369 0.022321
0 0.008185 0.011161 0.016369 0.022321
0 0.008185 0.011161 0.016369 0.022321
0 0.008185 0.011161 0.016369 0.022321
0 0.008185 0.011161 0.016369 0.022321
0 0.008185 0.011161 0.016369 0.022321
0 0.008185 0.011161 0.016369 0.022321
0 0.008185 0.011161 0.016369 0.022321
0 0.008185 0.011161 0.016369 0.022321
0 0.008185 0.011161 0.016369 0.022321
0 0.008185 0.011161 0.016369 0.022321
0 0.008185 0.011161 0.016369 0.022321
0 0.008185 0.011161 0.016369 0.022321
0 0.008185 0.011161 0.016369 0.022321
0 0.008185 0.011161 0.016369 0.022321
0 0.008185 0.011161 0.016369 0.022321
0 0.008185 0.011161 0.016369 0.022321
0 0.008185 0.011161 0.016369 0.022321
0 0.008185 0.011161 0.016369 0.022321
0 0.008185 0.011161 0.016369 0.022321
0 0.008185 0.011161 0.016369 0.022321
0 0.008185 0.011161 0.016369 0.022321
0 0.008185 0.011161 0.016369 0.022321
0 0.008185 0.011161 0.016369 0.022321