0 0.006132 0.008403 0.012263 0.016807
0 0.006132 0.008403 0.012263 0.016807
0 0.006132 0.008403 0.012263 0.016807
0 0.006132 0.008403 0.012263 0.016807
0 0.006132 0.008403 0.012263 0.016807
0 0.006132 0.008403 0.012263 0.016807
0 0.006132 0.008403 0.012263 0.016807
0 0.006132 0.008403 0.012263 0.016807
0 0.006132 0.008403 0.012263 0.016807
0 0.006132 0.008403 0.012263 0.016807
0 0.006132 0.008403 0.012263 0.016807
0 0.006132 0.008403 0.012263 0.016807
0 0.006132 0.008403 0.012263 0.016807
0 0.006132 0.008403 0.012263 0.016807
0 0.006132 0.008403 0.012263 0.016807
0 0.006689 0.008403 0.013378 0.016807
0 0.006132 0.008403 0.012263 0.016807
0 0.006132 0.008403 0.012263 0.016807
0 0.006132 0.008403 0.012263 0.016807
0 0.006132 0.008403 0.012263 0.016807
0 0.006132 0.008403 0.012263 0.016807
0 0.006132 0.008403 0.012263 0.016807
0 0.006132 0.008403 0.012263 0.016807
0 0.006132 0.008403 0.012263 0.016807
0 0.006132 0.008403 0.012263 0.016807
0 0.006132 0.008403 0.012263 0.016807
0 0.006132 0.008403 0.012263 0.016807
0 0.006132 0.008403 0.012263 0.016807
0 0.006132 0.008403 0.012263 0.016807
0 0.006132 0.008403 0.012263 0.016807
0 0.006132 0.008403 0.012263 0.016807
0 0.006132 0.008403 0.012263 0.016807
0 0.006132 0.008403 0.012263 0.016807
0 0.006132 0.008403 0.012263 0.016807
0 0.006132 0.008403 0.012263 0.016807
0 0.006132 0.008403 0.012263 0.016807
0 0.006132 0.008403 0.012263 0.016807
0 0.006132 0.008403 0.012263 0.016807
0 0.006132 0.008403 0.012263 0.016807
0 0.006132 0.008403 0.012263 0.016807
0 0.006132 0.008403 0.012263 0.016807
0 0.006132 0.008403 0.012263 0.016807
0 0.006132 0.008403 0.012263 0.016807
0 0.006132 0.008403 0.012263 0.016807
0 0.006689 0.008403 0.013378 0.016807
0 0.006132 0.008403 0.012263 0.016807
0 0.006132 0.008403 0.012263 0.016807
0 0.006132 0.008403 0.012263 0.016807
0 0.006132 0.008403 0.012263 0.016807
0 0.006132 0.008403 0.012263 0.016807
0 0.006132 0.008403 0.012263 0.016807
0 0.006132 0.008403 0.012263 0.016807