0 0.005635 0.010018 0.011270 0.020036
0 0.005635 0.009107 0.011270 0.018215
0 0.005635 0.009107 0.011270 0.018215
0 0.005635 0.009107 0.011270 0.018215
0 0.005635 0.010018 0.011270 0.020036
0 0.005635 0.010018 0.011270 0.020036
0 0.005635 0.010018 0.011270 0.020036
0 0.005635 0.010018 0.011270 0.020036
0 0.005635 0.010018 0.011270 0.020036
0 0.005635 0.010018 0.011270 0.020036
0 0.005635 0.009107 0.011270 0.018215
0 0.005635 0.010018 0.011270 0.020036
0 0.005635 0.010018 0.011270 0.020036
0 0.005635 0.010018 0.011270 0.020036
0 0.005635 0.010018 0.011270 0.020036
0 0.005635 0.010018 0.011270 0.020036
0 0.005635 0.010018 0.011270 0.020036
0 0.005635 0.009107 0.011270 0.018215
0 0.005635 0.010018 0.011270 0.020036
0 0.005635 0.009107 0.011270 0.018215
0 0.005635 0.010018 0.011270 0.020036
0 0.005635 0.009107 0.011270 0.018215
0 0.005635 0.010018 0.011270 0.020036
0 0.005635 0.010018 0.011270 0.020036
0 0.005635 0.010018 0.011270 0.020036
0 0.005635 0.010018 0.011270 0.020036
0 0.005635 0.010018 0.011270 0.020036
0 0.005635 0.009107 0.011270 0.018215
0 0.005635 0.010018 0.011270 0.020036
0 0.005635 0.010018 0.011270 0.020036
0 0.005635 0.010018 0.011270 0.020036
0 0.005635 0.010018 0.011270 0.020036
0 0.005635 0.010018 0.011270 0.020036
0 0.005635 0.010018 0.011270 0.020036
0 0.005635 0.009107 0.011270 0.018215
0 0.005635 0.010018 0.011270 0.020036
0 0.005635 0.010018 0.011270 0.020036
0 0.005635 0.010018 0.011270 0.020036
0 0.005635 0.010018 0.011270 0.020036
0 0.005635 0.009107 0.011270 0.018215
0 0.005635 0.009107 0.011270 0.018215
0 0.005635 0.010018 0.011270 0.020036
0 0.005635 0.009107 0.011270 0.018215
0 0.005635 0.010018 0.011270 0.020036
0 0.005635 0.010018 0.011270 0.020036
0 0.006660 0.009107 0.013320 0.018215
0 0.005635 0.009107 0.011270 0.018215
0 0.005635 0.009107 0.011270 0.018215
0 0.005635 0.010018 0.011270 0.020036
0 0.005635 0.010018 0.011270 0.020036
0 0.005635 0.010018 0.011270 0.020036
0 0.005635 0.010018 0.011270 0.020036
0 0.005635 0.010018 0.011270 0.020036
0 0.005635 0.010018 0.011270 0.020036
0 0.005635 0.009107 0.011270 0.018215
0 0.005635 0.009107 0.011270 0.018215
0 0.005635 0.010018 0.011270 0.020036
0 0.005635 0.009107 0.011270 0.018215
0 0.005635 0.010018 0.011270 0.020036
0 0.005635 0.010018 0.011270 0.020036
0 0.005635 0.010018 0.011270 0.020036
0 0.005635 0.010018 0.011270 0.020036
0 0.005635 0.009107 0.011270 0.018215
0 0.005635 0.009107 0.011270 0.018215
0 0.005635 0.009107 0.011270 0.018215
0 0.005635 0.010018 0.011270 0.020036
0 0.005635 0.010018 0.011270 0.020036
0 0.005635 0.010018 0.011270 0.020036
0 0.005635 0.010018 0.011270 0.020036
0 0.005635 0.010018 0.011270 0.020036
0 0.005635 0.009107 0.011270 0.018215
0 0.005635 0.009107 0.011270 0.018215
0 0.005635 0.010018 0.011270 0.020036
0 0.005635 0.009107 0.011270 0.018215
0 0.005635 0.010018 0.011270 0.020036
0 0.005635 0.009107 0.011270 0.018215
0 0.005635 0.009107 0.011270 0.018215
0 0.005635 0.009107 0.011270 0.018215
0 0.005635 0.009107 0.011270 0.018215
0 0.005635 0.010018 0.011270 0.020036
0 0.005635 0.010018 0.011270 0.020036
0 0.005635 0.009107 0.011270 0.018215
0 0.005635 0.010018 0.011270 0.020036
0 0.005635 0.010018 0.011270 0.020036
0 0.005635 0.010018 0.011270 0.020036
0 0.005635 0.010018 0.011270 0.020036
0 0.005635 0.010018 0.011270 0.020036
0 0.005635 0.009107 0.011270 0.018215
0 0.005635 0.010018 0.011270 0.020036
0 0.005635 0.010018 0.011270 0.020036
0 0.005635 0.009107 0.011270 0.018215
0 0.005635 0.009107 0.011270 0.018215
0 0.005635 0.009107 0.011270 0.018215
0 0.005635 0.010018 0.011270 0.020036
0 0.005635 0.010018 0.011270 0.020036
0 0.005635 0.010018 0.011270 0.020036
0 0.005635 0.010018 0.011270 0.020036
0 0.005635 0.010018 0.011270 0.020036
0 0.005635 0.009107 0.011270 0.018215
0 0.005635 0.010018 0.011270 0.020036
0 0.005635 0.010018 0.011270 0.020036
0 0.005635 0.009107 0.011270 0.018215
0 0.005635 0.010018 0.011270 0.020036
0 0.005635 0.009107 0.011270 0.018215
0 0.005635 0.010018 0.011270 0.020036
0 0.005635 0.010018 0.011270 0.020036
0 0.005635 0.010018 0.011270 0.020036
0 0.005635 0.010018 0.011270 0.020036
0 0.005635 0.010018 0.011270 0.020036
0 0.005635 0.010018 0.011270 0.020036
0 0.005635 0.009107 0.011270 0.018215
0 0.005635 0.010018 0.011270 0.020036
0 0.005635 0.010018 0.011270 0.020036
0 0.005635 0.010018 0.011270 0.020036
0 0.005635 0.010018 0.011270 0.020036
0 0.005635 0.010018 0.011270 0.020036
0 0.005635 0.010018 0.011270 0.020036
0 0.005635 0.009107 0.011270 0.018215
0 0.005635 0.010018 0.011270 0.020036