0 0.007857 0.010730 0.015714 0.021459
0 0.007857 0.010730 0.015714 0.021459
0 0.007857 0.010730 0.015714 0.021459
0 0.007857 0.010730 0.015714 0.021459
0 0.007857 0.010730 0.015714 0.021459
0 0.007857 0.010730 0.015714 0.021459
0 0.007857 0.010730 0.015714 0.021459
0 0.007857 0.010730 0.015714 0.021459
0 0.007857 0.010730 0.015714 0.021459
0 0.007857 0.010730 0.015714 0.021459
0 0.007857 0.010730 0.015714 0.021459
0 0.007857 0.010730 0.015714 0.021459
0 0.007857 0.010730 0.015714 0.021459
0 0.007857 0.010730 0.015714 0.021459
0 0.007857 0.010730 0.015714 0.021459
0 0.007857 0.010730 0.015714 0.021459
0 0.007857 0.010730 0.015714 0.021459
0 0.007857 0.010730 0.015714 0.021459
0 0.007857 0.010730 0.015714 0.021459
0 0.007857 0.010730 0.015714 0.021459
0 0.007857 0.010730 0.015714 0.021459
0 0.007857 0.010730 0.015714 0.021459
0 0.007857 0.010730 0.015714 0.021459
0 0.007857 0.010730 0.015714 0.021459
0 0.007857 0.010730 0.015714 0.021459
0 0.007857 0.010730 0.015714 0.021459
0 0.007857 0.010730 0.015714 0.021459
0 0.007857 0.010730 0.015714 0.021459
0 0.007857 0.010730 0.015714 0.021459
0 0.007857 0.010730 0.015714 0.021459
0 0.007857 0.010730 0.015714 0.021459
0 0.007857 0.010730 0.015714 0.021459
0 0.007857 0.010730 0.015714 0.021459
0 0.007857 0.010730 0.015714 0.021459
0 0.007857 0.010730 0.015714 0.021459
0 0.007857 0.010730 0.015714 0.021459
0 0.007857 0.010730 0.015714 0.021459
0 0.007857 0.010730 0.015714 0.021459
0 0.007857 0.010730 0.015714 0.021459
0 0.007857 0.010730 0.015714 0.021459
0 0.007857 0.010730 0.015714 0.021459
0 0.007857 0.010730 0.015714 0.021459
0 0.007857 0.010730 0.015714 0.021459
0 0.007857 0.010730 0.015714 0.021459
0 0.007857 0.010730 0.015714 0.021459
0 0.007857 0.010730 0.015714 0.021459
0 0.007857 0.010730 0.015714 0.021459
0 0.007857 0.010730 0.015714 0.021459
0 0.007857 0.010730 0.015714 0.021459
0 0.007857 0.010730 0.015714 0.021459