0 0.007333 0.010020 0.014667 0.020040
0 0.007333 0.010020 0.014667 0.020040
0 0.007333 0.010020 0.014667 0.020040
0 0.007333 0.010020 0.014667 0.020040
0 0.007333 0.010020 0.014667 0.020040
0 0.007333 0.010020 0.014667 0.020040
0 0.007333 0.010020 0.014667 0.020040
0 0.007333 0.010020 0.014667 0.020040
0 0.007333 0.010020 0.014667 0.020040
0 0.007333 0.011022 0.014667 0.022044
0 0.007333 0.010020 0.014667 0.020040
0 0.007333 0.011022 0.014667 0.022044
0 0.007333 0.011022 0.014667 0.022044
0 0.007333 0.011022 0.014667 0.022044
0 0.007333 0.010020 0.014667 0.020040
0 0.007333 0.011022 0.014667 0.022044
0 0.008000 0.011022 0.016000 0.022044
0 0.007333 0.010020 0.014667 0.020040
0 0.007333 0.010020 0.014667 0.020040
0 0.007333 0.011022 0.014667 0.022044
0 0.007333 0.010020 0.014667 0.020040
0 0.007333 0.011022 0.014667 0.022044
0 0.008000 0.011022 0.016000 0.022044
0 0.007333 0.011022 0.014667 0.022044
0 0.007333 0.011022 0.014667 0.022044
0 0.007333 0.010020 0.014667 0.020040
0 0.007333 0.010020 0.014667 0.020040
0 0.007333 0.011022 0.014667 0.022044
0 0.007333 0.010020 0.014667 0.020040
0 0.007333 0.010020 0.014667 0.020040
0 0.007333 0.010020 0.014667 0.020040
0 0.007333 0.011022 0.014667 0.022044
0 0.008000 0.011022 0.016000 0.022044
0 0.007333 0.011022 0.014667 0.022044
0 0.008000 0.011022 0.016000 0.022044
0 0.007333 0.011022 0.014667 0.022044
0 0.007333 0.011022 0.014667 0.022044
0 0.007333 0.010020 0.014667 0.020040
0 0.007333 0.011022 0.014667 0.022044
0 0.007333 0.010020 0.014667 0.020040
0 0.007333 0.010020 0.014667 0.020040
0 0.007333 0.010020 0.014667 0.020040
0 0.007333 0.011022 0.014667 0.022044
0 0.007333 0.010020 0.014667 0.020040
0 0.008000 0.011022 0.016000 0.022044