0 0.009167 0.012500 0.018333 0.025000
0 0.009167 0.013750 0.018333 0.027500
0 0.009167 0.012500 0.018333 0.025000
0 0.009167 0.013750 0.018333 0.027500
0 0.009167 0.012500 0.018333 0.025000
0 0.009167 0.013750 0.018333 0.027500
0 0.009167 0.013750 0.018333 0.027500
0 0.009167 0.012500 0.018333 0.025000
0 0.009167 0.012500 0.018333 0.025000
0 0.009167 0.013750 0.018333 0.027500
0 0.010833 0.013750 0.021667 0.027500
0 0.009167 0.012500 0.018333 0.025000
0 0.009167 0.013750 0.018333 0.027500
0 0.009167 0.012500 0.018333 0.025000
0 0.009167 0.013750 0.018333 0.027500
0 0.009167 0.013750 0.018333 0.027500
0 0.009167 0.012500 0.018333 0.025000
0 0.009167 0.012500 0.018333 0.025000
0 0.009167 0.013750 0.018333 0.027500
0 0.010833 0.013750 0.021667 0.027500
0 0.009167 0.012500 0.018333 0.025000
0 0.009167 0.012500 0.018333 0.025000
0 0.009167 0.013750 0.018333 0.027500
0 0.009167 0.013750 0.018333 0.027500
0 0.009167 0.012500 0.018333 0.025000
0 0.009167 0.012500 0.018333 0.025000
0 0.009167 0.013750 0.018333 0.027500
0 0.009167 0.012500 0.018333 0.025000
0 0.009167 0.013750 0.018333 0.027500
0 0.009167 0.012500 0.018333 0.025000
0 0.009167 0.012500 0.018333 0.025000
0 0.009167 0.013750 0.018333 0.027500
0 0.009167 0.013750 0.018333 0.027500