0 0.003929 0.006353 0.007857 0.012706
0 0.003929 0.006989 0.007857 0.013977
0 0.003929 0.006353 0.007857 0.012706
0 0.003929 0.006353 0.007857 0.012706
0 0.003929 0.006989 0.007857 0.013977
0 0.003929 0.006353 0.007857 0.012706
0 0.003929 0.006353 0.007857 0.012706
0 0.003929 0.006989 0.007857 0.013977
0 0.003929 0.006353 0.007857 0.012706
0 0.003929 0.006353 0.007857 0.012706
0 0.003929 0.006353 0.007857 0.012706
0 0.003929 0.006989 0.007857 0.013977
0 0.003929 0.006353 0.007857 0.012706
0 0.003929 0.006353 0.007857 0.012706
0 0.003929 0.006989 0.007857 0.013977
0 0.003929 0.006353 0.007857 0.012706
0 0.003929 0.006353 0.007857 0.012706
0 0.003929 0.006989 0.007857 0.013977
0 0.003929 0.006353 0.007857 0.012706
0 0.003929 0.006353 0.007857 0.012706
0 0.003929 0.006989 0.007857 0.013977
0 0.003929 0.006353 0.007857 0.012706
0 0.003929 0.006989 0.007857 0.013977
0 0.003929 0.006989 0.007857 0.013977
0 0.003929 0.006353 0.007857 0.012706
0 0.003929 0.006989 0.007857 0.013977
0 0.003929 0.006353 0.007857 0.012706
0 0.003929 0.006989 0.007857 0.013977
0 0.003929 0.006353 0.007857 0.012706
0 0.003929 0.006353 0.007857 0.012706
0 0.003929 0.006989 0.007857 0.013977
0 0.003929 0.006989 0.007857 0.013977
0 0.003929 0.006989 0.007857 0.013977
0 0.003929 0.006353 0.007857 0.012706