0 0.002686 0.004026 0.005371 0.008053
0 0.002686 0.004026 0.005371 0.008053
0 0.002686 0.004026 0.005371 0.008053
0 0.002686 0.004026 0.005371 0.008053
0 0.002686 0.004026 0.005371 0.008053
0 0.002686 0.004026 0.005371 0.008053
0 0.002686 0.004026 0.005371 0.008053
0 0.002686 0.004026 0.005371 0.008053
0 0.002686 0.003660 0.005371 0.007321
0 0.002686 0.003660 0.005371 0.007321
0 0.002686 0.004026 0.005371 0.008053
0 0.002686 0.004026 0.005371 0.008053
0 0.002686 0.004026 0.005371 0.008053
0 0.002686 0.004026 0.005371 0.008053
0 0.002686 0.004026 0.005371 0.008053
0 0.002686 0.003660 0.005371 0.007321
0 0.002686 0.004026 0.005371 0.008053
0 0.002686 0.003660 0.005371 0.007321
0 0.002686 0.004026 0.005371 0.008053
0 0.002686 0.003660 0.005371 0.007321
0 0.002686 0.003660 0.005371 0.007321
0 0.002686 0.004026 0.005371 0.008053
0 0.002686 0.004026 0.005371 0.008053
0 0.002686 0.004026 0.005371 0.008053
0 0.002686 0.004026 0.005371 0.008053
0 0.002686 0.004026 0.005371 0.008053
0 0.002686 0.004026 0.005371 0.008053
0 0.002686 0.004026 0.005371 0.008053
0 0.002686 0.004026 0.005371 0.008053
0 0.002686 0.003660 0.005371 0.007321
0 0.002686 0.004026 0.005371 0.008053
0 0.002686 0.004026 0.005371 0.008053
0 0.002686 0.003660 0.005371 0.007321
0 0.002686 0.003660 0.005371 0.007321
0 0.002686 0.004026 0.005371 0.008053
0 0.002686 0.003660 0.005371 0.007321
0 0.002686 0.003660 0.005371 0.007321
0 0.002686 0.004026 0.005371 0.008053
0 0.002686 0.004026 0.005371 0.008053
0 0.002686 0.003660 0.005371 0.007321
0 0.002686 0.003660 0.005371 0.007321
0 0.002686 0.004026 0.005371 0.008053
0 0.002686 0.004026 0.005371 0.008053
0 0.002686 0.004026 0.005371 0.008053
0 0.002686 0.004026 0.005371 0.008053
0 0.002686 0.004026 0.005371 0.008053
0 0.002686 0.004026 0.005371 0.008053
0 0.002686 0.004026 0.005371 0.008053
0 0.002686 0.004026 0.005371 0.008053
0 0.002686 0.004026 0.005371 0.008053
0 0.002686 0.004026 0.005371 0.008053
0 0.002686 0.004026 0.005371 0.008053
0 0.002686 0.004026 0.005371 0.008053