0 0.007333 0.010460 0.014667 0.020921
0 0.007333 0.010460 0.014667 0.020921
0 0.007333 0.010460 0.014667 0.020921
0 0.007333 0.010460 0.014667 0.020921
0 0.007333 0.010460 0.014667 0.020921
0 0.007333 0.010460 0.014667 0.020921
0 0.007333 0.010460 0.014667 0.020921
0 0.007333 0.010460 0.014667 0.020921
0 0.007333 0.010460 0.014667 0.020921
0 0.007333 0.010460 0.014667 0.020921
0 0.007333 0.010460 0.014667 0.020921
0 0.007333 0.010460 0.014667 0.020921
0 0.007333 0.010460 0.014667 0.020921
0 0.007333 0.010460 0.014667 0.020921
0 0.007333 0.010460 0.014667 0.020921
0 0.007333 0.010460 0.014667 0.020921
0 0.007333 0.010460 0.014667 0.020921
0 0.007333 0.010460 0.014667 0.020921
0 0.007333 0.010460 0.014667 0.020921
0 0.007333 0.010460 0.014667 0.020921
0 0.007333 0.010460 0.014667 0.020921
0 0.007333 0.010460 0.014667 0.020921
0 0.007333 0.010460 0.014667 0.020921
0 0.007333 0.010460 0.014667 0.020921
0 0.007333 0.010460 0.014667 0.020921
0 0.007333 0.010460 0.014667 0.020921
0 0.007333 0.010460 0.014667 0.020921
0 0.007333 0.010460 0.014667 0.020921
0 0.007333 0.010460 0.014667 0.020921
0 0.007333 0.010460 0.014667 0.020921
0 0.007333 0.010460 0.014667 0.020921
0 0.007333 0.010460 0.014667 0.020921
0 0.007333 0.010460 0.014667 0.020921
0 0.007333 0.010460 0.014667 0.020921
0 0.007333 0.010460 0.014667 0.020921
0 0.007333 0.010460 0.014667 0.020921
0 0.007333 0.010460 0.014667 0.020921
0 0.007333 0.010460 0.014667 0.020921
0 0.007333 0.010460 0.014667 0.020921
0 0.007333 0.010460 0.014667 0.020921
0 0.007333 0.010460 0.014667 0.020921
0 0.007333 0.010460 0.014667 0.020921
0 0.007333 0.010460 0.014667 0.020921
0 0.007333 0.010460 0.014667 0.020921
0 0.007333 0.010460 0.014667 0.020921