0 0.012222 0.016667 0.024444 0.033333
0 0.012222 0.016667 0.024444 0.033333
0 0.012222 0.016667 0.024444 0.033333
0 0.012222 0.018333 0.024444 0.036667
0 0.012222 0.016667 0.024444 0.033333
0 0.013333 0.016667 0.026667 0.033333
0 0.012222 0.016667 0.024444 0.033333
0 0.012222 0.016667 0.024444 0.033333
0 0.013333 0.016667 0.026667 0.033333
0 0.012222 0.016667 0.024444 0.033333
0 0.012222 0.016667 0.024444 0.033333
0 0.013333 0.016667 0.026667 0.033333
0 0.012222 0.016667 0.024444 0.033333
0 0.012222 0.016667 0.024444 0.033333
0 0.012222 0.016667 0.024444 0.033333
0 0.012222 0.016667 0.024444 0.033333
0 0.012222 0.016667 0.024444 0.033333
0 0.012222 0.016667 0.024444 0.033333
0 0.012222 0.016667 0.024444 0.033333
0 0.012222 0.016667 0.024444 0.033333
0 0.013333 0.016667 0.026667 0.033333
0 0.012222 0.016667 0.024444 0.033333
0 0.012222 0.016667 0.024444 0.033333
0 0.012222 0.016667 0.024444 0.033333
0 0.012222 0.016667 0.024444 0.033333
0 0.013333 0.016667 0.026667 0.033333
0 0.012222 0.016667 0.024444 0.033333
0 0.012222 0.016667 0.024444 0.033333
0 0.012222 0.016667 0.024444 0.033333
0 0.012222 0.016667 0.024444 0.033333
0 0.012222 0.016667 0.024444 0.033333
0 0.012222 0.016667 0.024444 0.033333
0 0.012222 0.016667 0.024444 0.033333
0 0.012222 0.016667 0.024444 0.033333
0 0.012222 0.016667 0.024444 0.033333
0 0.013333 0.016667 0.026667 0.033333
0 0.012222 0.016667 0.024444 0.033333
0 0.012222 0.016667 0.024444 0.033333
0 0.012222 0.016667 0.024444 0.033333
0 0.013333 0.016667 0.026667 0.033333
0 0.012222 0.016667 0.024444 0.033333
0 0.012222 0.016667 0.024444 0.033333
0 0.012222 0.016667 0.024444 0.033333
0 0.012222 0.016667 0.024444 0.033333
0 0.013333 0.016667 0.026667 0.033333
0 0.013333 0.016667 0.026667 0.033333
0 0.012222 0.016667 0.024444 0.033333
0 0.012222 0.016667 0.024444 0.033333
0 0.012222 0.016667 0.024444 0.033333
0 0.012222 0.016667 0.024444 0.033333
0 0.013333 0.016667 0.026667 0.033333
0 0.012222 0.016667 0.024444 0.033333
0 0.012222 0.016667 0.024444 0.033333
0 0.013333 0.016667 0.026667 0.033333
0 0.012222 0.016667 0.024444 0.033333
0 0.013333 0.016667 0.026667 0.033333
0 0.012222 0.016667 0.024444 0.033333
0 0.012222 0.016667 0.024444 0.033333
0 0.012222 0.016667 0.024444 0.033333
0 0.012222 0.016667 0.024444 0.033333
0 0.012222 0.018333 0.024444 0.036667
0 0.012222 0.016667 0.024444 0.033333
0 0.012222 0.016667 0.024444 0.033333
0 0.012222 0.016667 0.024444 0.033333
0 0.012222 0.016667 0.024444 0.033333
0 0.012222 0.016667 0.024444 0.033333
0 0.013333 0.016667 0.026667 0.033333
0 0.012222 0.016667 0.024444 0.033333