0 0.001343 0.001506 0.002686 0.003011
0 0.001343 0.001656 0.002686 0.003312
0 0.001343 0.001656 0.002686 0.003312
0 0.001343 0.001656 0.002686 0.003312
0 0.001343 0.001656 0.002686 0.003312
0 0.001343 0.001506 0.002686 0.003011
0 0.001343 0.001656 0.002686 0.003312
0 0.001343 0.001656 0.002686 0.003312
0 0.001343 0.001656 0.002686 0.003312
0 0.001343 0.001656 0.002686 0.003312
0 0.001343 0.001656 0.002686 0.003312
0 0.001343 0.001656 0.002686 0.003312
0 0.001343 0.001656 0.002686 0.003312
0 0.001343 0.001506 0.002686 0.003011
0 0.001343 0.001656 0.002686 0.003312
0 0.001343 0.001656 0.002686 0.003312
0 0.001343 0.001656 0.002686 0.003312
0 0.001343 0.001506 0.002686 0.003011
0 0.001343 0.001506 0.002686 0.003011
0 0.001343 0.001656 0.002686 0.003312
0 0.001343 0.001656 0.002686 0.003312
0 0.001343 0.001656 0.002686 0.003312
0 0.001343 0.001506 0.002686 0.003011
0 0.001343 0.001656 0.002686 0.003312
0 0.001343 0.001506 0.002686 0.003011
0 0.001343 0.001656 0.002686 0.003312
0 0.001343 0.001656 0.002686 0.003312
0 0.001343 0.001656 0.002686 0.003312
0 0.001343 0.001656 0.002686 0.003312
0 0.001343 0.001656 0.002686 0.003312
0 0.001343 0.001656 0.002686 0.003312
0 0.001343 0.001656 0.002686 0.003312
0 0.001343 0.001656 0.002686 0.003312
0 0.001343 0.001656 0.002686 0.003312
0 0.001343 0.001656 0.002686 0.003312
0 0.001343 0.001506 0.002686 0.003011
0 0.001343 0.001656 0.002686 0.003312
0 0.001343 0.001656 0.002686 0.003312
0 0.001343 0.001656 0.002686 0.003312
0 0.001343 0.001506 0.002686 0.003011
0 0.001343 0.001506 0.002686 0.003011
0 0.001343 0.001656 0.002686 0.003312
0 0.001343 0.001506 0.002686 0.003011
0 0.001343 0.001656 0.002686 0.003312
0 0.001343 0.001656 0.002686 0.003312
0 0.001343 0.001656 0.002686 0.003312
0 0.001343 0.001656 0.002686 0.003312
0 0.001343 0.001656 0.002686 0.003312
0 0.001343 0.001656 0.002686 0.003312
0 0.001343 0.001656 0.002686 0.003312
0 0.001343 0.001656 0.002686 0.003312
0 0.001343 0.001506 0.002686 0.003011
0 0.001343 0.001506 0.002686 0.003011
0 0.001343 0.001656 0.002686 0.003312
0 0.001343 0.001656 0.002686 0.003312
0 0.001465 0.001656 0.002930 0.003312
0 0.001343 0.001656 0.002686 0.003312
0 0.001343 0.001656 0.002686 0.003312
0 0.001343 0.001656 0.002686 0.003312
0 0.001343 0.001656 0.002686 0.003312
0 0.001343 0.001656 0.002686 0.003312
0 0.001343 0.001656 0.002686 0.003312
0 0.001343 0.001656 0.002686 0.003312
0 0.001343 0.001656 0.002686 0.003312
0 0.001343 0.001656 0.002686 0.003312
0 0.001343 0.001656 0.002686 0.003312
0 0.001343 0.001656 0.002686 0.003312
0 0.001465 0.001656 0.002930 0.003312
0 0.001343 0.001656 0.002686 0.003312
0 0.001343 0.001506 0.002686 0.003011
0 0.001343 0.001656 0.002686 0.003312
0 0.001343 0.001656 0.002686 0.003312
0 0.001343 0.001656 0.002686 0.003312
0 0.001465 0.001656 0.002930 0.003312
0 0.001343 0.001656 0.002686 0.003312
0 0.001343 0.001656 0.002686 0.003312
0 0.001343 0.001656 0.002686 0.003312
0 0.001343 0.001656 0.002686 0.003312
0 0.001343 0.001656 0.002686 0.003312
0 0.001343 0.001656 0.002686 0.003312
0 0.001343 0.001656 0.002686 0.003312
0 0.001343 0.001506 0.002686 0.003011
0 0.001343 0.001656 0.002686 0.003312
0 0.001343 0.001656 0.002686 0.003312
0 0.001343 0.001656 0.002686 0.003312
0 0.001343 0.001656 0.002686 0.003312
0 0.001343 0.001656 0.002686 0.003312
0 0.001343 0.001656 0.002686 0.003312
0 0.001343 0.001506 0.002686 0.003011
0 0.001343 0.001506 0.002686 0.003011
0 0.001343 0.001656 0.002686 0.003312
0 0.001343 0.001656 0.002686 0.003312
0 0.001343 0.001656 0.002686 0.003312
0 0.001343 0.001656 0.002686 0.003312
0 0.001343 0.001656 0.002686 0.003312
0 0.001465 0.001656 0.002930 0.003312
0 0.001343 0.001656 0.002686 0.003312
0 0.001343 0.001656 0.002686 0.003312
0 0.001343 0.001506 0.002686 0.003011
0 0.001343 0.001656 0.002686 0.003312
0 0.001343 0.001656 0.002686 0.003312
0 0.001343 0.001656 0.002686 0.003312
0 0.001343 0.001656 0.002686 0.003312
0 0.001343 0.001656 0.002686 0.003312
0 0.001343 0.001656 0.002686 0.003312
0 0.001343 0.001506 0.002686 0.003011
0 0.001343 0.001656 0.002686 0.003312
0 0.001343 0.001656 0.002686 0.003312
0 0.001343 0.001656 0.002686 0.003312
0 0.001343 0.001506 0.002686 0.003011
0 0.001343 0.001656 0.002686 0.003312
0 0.001343 0.001656 0.002686 0.003312
0 0.001343 0.001656 0.002686 0.003312
0 0.001343 0.001656 0.002686 0.003312
0 0.001343 0.001656 0.002686 0.003312
0 0.001343 0.001656 0.002686 0.003312
0 0.001343 0.001656 0.002686 0.003312
0 0.001343 0.001656 0.002686 0.003312
0 0.001343 0.001656 0.002686 0.003312
0 0.001343 0.001656 0.002686 0.003312
0 0.001343 0.001656 0.002686 0.003312
0 0.001343 0.001656 0.002686 0.003312
0 0.001343 0.001656 0.002686 0.003312
0 0.001465 0.001506 0.002930 0.003011
0 0.001465 0.001506 0.002930 0.003011
0 0.001343 0.001656 0.002686 0.003312
0 0.001343 0.001656 0.002686 0.003312
0 0.001343 0.001656 0.002686 0.003312
0 0.001343 0.001656 0.002686 0.003312
0 0.001343 0.001506 0.002686 0.003011
0 0.001343 0.001656 0.002686 0.003312
0 0.001465 0.001506 0.002930 0.003011
0 0.001343 0.001506 0.002686 0.003011
0 0.001343 0.001656 0.002686 0.003312
0 0.001343 0.001506 0.002686 0.003011
0 0.001343 0.001506 0.002686 0.003011
0 0.001343 0.001656 0.002686 0.003312
0 0.001343 0.001656 0.002686 0.003312
0 0.001343 0.001506 0.002686 0.003011
0 0.001343 0.001506 0.002686 0.003011
0 0.001343 0.001656 0.002686 0.003312
0 0.001343 0.001656 0.002686 0.003312
0 0.001343 0.001506 0.002686 0.003011
0 0.001343 0.001656 0.002686 0.003312
0 0.001343 0.001506 0.002686 0.003011
0 0.001343 0.001656 0.002686 0.003312
0 0.001343 0.001656 0.002686 0.003312
0 0.001343 0.001656 0.002686 0.003312
0 0.001465 0.001506 0.002930 0.003011
0 0.001343 0.001656 0.002686 0.003312
0 0.001343 0.001506 0.002686 0.003011
0 0.001343 0.001656 0.002686 0.003312
0 0.001343 0.001656 0.002686 0.003312
0 0.001343 0.001656 0.002686 0.003312
0 0.001343 0.001656 0.002686 0.003312
0 0.001343 0.001656 0.002686 0.003312
0 0.001343 0.001656 0.002686 0.003312
0 0.001465 0.001656 0.002930 0.003312
0 0.001343 0.001506 0.002686 0.003011
0 0.001343 0.001656 0.002686 0.003312
0 0.001465 0.001656 0.002930 0.003312
0 0.001343 0.001656 0.002686 0.003312
0 0.001343 0.001506 0.002686 0.003011
0 0.001343 0.001656 0.002686 0.003312
0 0.001343 0.001506 0.002686 0.003011
0 0.001343 0.001656 0.002686 0.003312
0 0.001343 0.001656 0.002686 0.003312
0 0.001343 0.001656 0.002686 0.003312
0 0.001343 0.001656 0.002686 0.003312
0 0.001343 0.001656 0.002686 0.003312