0 0.003701 0.009107 0.007402 0.018215
0 0.003701 0.009107 0.007402 0.018215
0 0.003701 0.009107 0.007402 0.018215
0 0.003701 0.009107 0.007402 0.018215
0 0.003701 0.009107 0.007402 0.018215
0 0.003701 0.009107 0.007402 0.018215
0 0.004038 0.009107 0.008075 0.018215
0 0.004038 0.009107 0.008075 0.018215
0 0.003701 0.009107 0.007402 0.018215
0 0.003701 0.009107 0.007402 0.018215
0 0.003701 0.009107 0.007402 0.018215
0 0.004038 0.009107 0.008075 0.018215
0 0.004038 0.009107 0.008075 0.018215
0 0.003701 0.009107 0.007402 0.018215
0 0.003701 0.009107 0.007402 0.018215
0 0.003701 0.009107 0.007402 0.018215
0 0.003701 0.009107 0.007402 0.018215
0 0.003701 0.009107 0.007402 0.018215
0 0.003701 0.009107 0.007402 0.018215
0 0.003701 0.009107 0.007402 0.018215
0 0.004038 0.009107 0.008075 0.018215
0 0.003701 0.009107 0.007402 0.018215
0 0.003701 0.009107 0.007402 0.018215
0 0.003701 0.009107 0.007402 0.018215
0 0.003701 0.009107 0.007402 0.018215
0 0.003701 0.009107 0.007402 0.018215
0 0.003701 0.009107 0.007402 0.018215
0 0.003701 0.009107 0.007402 0.018215
0 0.003701 0.009107 0.007402 0.018215
0 0.003701 0.009107 0.007402 0.018215
0 0.004038 0.009107 0.008075 0.018215
0 0.003701 0.009107 0.007402 0.018215
0 0.003701 0.009107 0.007402 0.018215
0 0.003701 0.009107 0.007402 0.018215
0 0.003701 0.009107 0.007402 0.018215
0 0.004038 0.009107 0.008075 0.018215
0 0.003701 0.009107 0.007402 0.018215
0 0.003701 0.009107 0.007402 0.018215
0 0.003701 0.009107 0.007402 0.018215
0 0.003701 0.009107 0.007402 0.018215
0 0.003701 0.009107 0.007402 0.018215