0 0.005340 0.007800 0.010680 0.015601
0 0.005340 0.007800 0.010680 0.015601
0 0.005340 0.007800 0.010680 0.015601
0 0.005340 0.007800 0.010680 0.015601
0 0.005825 0.007800 0.011650 0.015601
0 0.005340 0.007800 0.010680 0.015601
0 0.005340 0.007800 0.010680 0.015601
0 0.005340 0.007800 0.010680 0.015601
0 0.005340 0.007800 0.010680 0.015601
0 0.005340 0.007800 0.010680 0.015601
0 0.005340 0.007800 0.010680 0.015601
0 0.005340 0.007800 0.010680 0.015601
0 0.005340 0.007800 0.010680 0.015601
0 0.005340 0.007800 0.010680 0.015601
0 0.005340 0.007800 0.010680 0.015601
0 0.005340 0.007800 0.010680 0.015601
0 0.005340 0.007800 0.010680 0.015601
0 0.005340 0.007800 0.010680 0.015601
0 0.005340 0.007800 0.010680 0.015601
0 0.005340 0.007800 0.010680 0.015601
0 0.005340 0.007800 0.010680 0.015601
0 0.005825 0.007800 0.011650 0.015601
0 0.005340 0.007800 0.010680 0.015601
0 0.005340 0.007800 0.010680 0.015601
0 0.005340 0.007800 0.010680 0.015601
0 0.005340 0.007800 0.010680 0.015601
0 0.005340 0.007800 0.010680 0.015601
0 0.005340 0.007800 0.010680 0.015601
0 0.005340 0.007800 0.010680 0.015601
0 0.005340 0.007800 0.010680 0.015601
0 0.005340 0.007800 0.010680 0.015601
0 0.005340 0.007800 0.010680 0.015601
0 0.005340 0.007800 0.010680 0.015601
0 0.005340 0.007800 0.010680 0.015601
0 0.005340 0.007800 0.010680 0.015601
0 0.005340 0.007800 0.010680 0.015601