0 0.008871 0.005388 0.017742 0.010776
0 0.008871 0.005388 0.017742 0.010776
0 0.008871 0.005388 0.017742 0.010776
0 0.008871 0.005388 0.017742 0.010776
0 0.008871 0.005388 0.017742 0.010776
0 0.008871 0.005388 0.017742 0.010776
0 0.008871 0.005388 0.017742 0.010776
0 0.008871 0.005388 0.017742 0.010776
0 0.008871 0.005388 0.017742 0.010776
0 0.008871 0.005388 0.017742 0.010776
0 0.008871 0.005388 0.017742 0.010776
0 0.008871 0.005388 0.017742 0.010776
0 0.008871 0.005388 0.017742 0.010776
0 0.008871 0.005388 0.017742 0.010776
0 0.008871 0.005388 0.017742 0.010776
0 0.008871 0.005388 0.017742 0.010776
0 0.008871 0.005388 0.017742 0.010776
0 0.008871 0.005388 0.017742 0.010776