0 0.011000 0.014667 0.022000 0.029333
0 0.011000 0.013333 0.022000 0.026667
0 0.011000 0.014667 0.022000 0.029333
0 0.011000 0.014667 0.022000 0.029333
0 0.011000 0.013333 0.022000 0.026667
0 0.011000 0.013333 0.022000 0.026667
0 0.011000 0.014667 0.022000 0.029333
0 0.011000 0.014667 0.022000 0.029333
0 0.011000 0.014667 0.022000 0.029333
0 0.011000 0.013333 0.022000 0.026667
0 0.011000 0.013333 0.022000 0.026667
0 0.011000 0.013333 0.022000 0.026667
0 0.011000 0.014667 0.022000 0.029333
0 0.011000 0.013333 0.022000 0.026667
0 0.011000 0.013333 0.022000 0.026667
0 0.011000 0.014667 0.022000 0.029333
0 0.011000 0.013333 0.022000 0.026667
0 0.011000 0.013333 0.022000 0.026667
0 0.011000 0.013333 0.022000 0.026667
0 0.011000 0.013333 0.022000 0.026667
0 0.011000 0.014667 0.022000 0.029333
0 0.011000 0.013333 0.022000 0.026667
0 0.011000 0.014667 0.022000 0.029333
0 0.011000 0.014667 0.022000 0.029333
0 0.011000 0.014667 0.022000 0.029333
0 0.011000 0.014667 0.022000 0.029333
0 0.011000 0.014667 0.022000 0.029333
0 0.011000 0.013333 0.022000 0.026667
0 0.011000 0.013333 0.022000 0.026667
0 0.011000 0.014667 0.022000 0.029333
0 0.011000 0.013333 0.022000 0.026667
0 0.011000 0.014667 0.022000 0.029333
0 0.011000 0.014667 0.022000 0.029333
0 0.011000 0.013333 0.022000 0.026667
0 0.011000 0.013333 0.022000 0.026667
0 0.011000 0.013333 0.022000 0.026667
0 0.011000 0.013333 0.022000 0.026667
0 0.011000 0.013333 0.022000 0.026667
0 0.011000 0.014667 0.022000 0.029333
0 0.011000 0.013333 0.022000 0.026667
0 0.011000 0.014667 0.022000 0.029333
0 0.011000 0.013333 0.022000 0.026667
0 0.011000 0.013333 0.022000 0.026667
0 0.011000 0.014667 0.022000 0.029333
0 0.011000 0.014667 0.022000 0.029333
0 0.011000 0.014667 0.022000 0.029333
0 0.011000 0.013333 0.022000 0.026667
0 0.011000 0.014667 0.022000 0.029333
0 0.011000 0.014667 0.022000 0.029333
0 0.011000 0.014667 0.022000 0.029333
0 0.011000 0.014667 0.022000 0.029333
0 0.011000 0.013333 0.022000 0.026667
0 0.011000 0.014667 0.022000 0.029333
0 0.011000 0.014667 0.022000 0.029333
0 0.011000 0.013333 0.022000 0.026667
0 0.011000 0.013333 0.022000 0.026667
0 0.011000 0.014667 0.022000 0.029333
0 0.011000 0.014667 0.022000 0.029333
0 0.011000 0.013333 0.022000 0.026667
0 0.011000 0.014667 0.022000 0.029333
0 0.011000 0.013333 0.022000 0.026667
0 0.011000 0.014667 0.022000 0.029333
0 0.011000 0.013333 0.022000 0.026667
0 0.011000 0.013333 0.022000 0.026667
0 0.011000 0.013333 0.022000 0.026667
0 0.011000 0.013333 0.022000 0.026667
0 0.011000 0.013333 0.022000 0.026667
0 0.011000 0.014667 0.022000 0.029333
0 0.011000 0.013333 0.022000 0.026667
0 0.011000 0.014667 0.022000 0.029333
0 0.011000 0.014667 0.022000 0.029333
0 0.011000 0.014667 0.022000 0.029333
0 0.011000 0.014667 0.022000 0.029333
0 0.011000 0.014667 0.022000 0.029333
0 0.011000 0.013333 0.022000 0.026667
0 0.011000 0.013333 0.022000 0.026667
0 0.011000 0.013333 0.022000 0.026667