0 0.006841 0.010242 0.013682 0.020484
0 0.006841 0.009311 0.013682 0.018622
0 0.006841 0.010242 0.013682 0.020484
0 0.006841 0.010242 0.013682 0.020484
0 0.006841 0.009311 0.013682 0.018622
0 0.006841 0.009311 0.013682 0.018622
0 0.006841 0.009311 0.013682 0.018622
0 0.006841 0.010242 0.013682 0.020484
0 0.006841 0.010242 0.013682 0.020484
0 0.006841 0.010242 0.013682 0.020484
0 0.006841 0.009311 0.013682 0.018622
0 0.006841 0.010242 0.013682 0.020484
0 0.006841 0.010242 0.013682 0.020484
0 0.006841 0.010242 0.013682 0.020484
0 0.006841 0.009311 0.013682 0.018622