0 0.004231 0.005774 0.008462 0.011547
0 0.004231 0.005774 0.008462 0.011547
0 0.004231 0.005774 0.008462 0.011547
0 0.004231 0.005774 0.008462 0.011547
0 0.004231 0.005774 0.008462 0.011547
0 0.004231 0.005774 0.008462 0.011547
0 0.004231 0.005774 0.008462 0.011547
0 0.004231 0.005774 0.008462 0.011547
0 0.004231 0.005774 0.008462 0.011547
0 0.004231 0.005774 0.008462 0.011547
0 0.004231 0.005774 0.008462 0.011547
0 0.004231 0.005774 0.008462 0.011547
0 0.004231 0.005774 0.008462 0.011547
0 0.004231 0.005774 0.008462 0.011547
0 0.004231 0.005774 0.008462 0.011547
0 0.004231 0.005774 0.008462 0.011547
0 0.004231 0.005774 0.008462 0.011547
0 0.004231 0.005774 0.008462 0.011547
0 0.004231 0.005774 0.008462 0.011547
0 0.004231 0.005774 0.008462 0.011547
0 0.004231 0.005774 0.008462 0.011547
0 0.004231 0.005774 0.008462 0.011547
0 0.004231 0.005774 0.008462 0.011547
0 0.004231 0.005774 0.008462 0.011547
0 0.004231 0.005774 0.008462 0.011547
0 0.004231 0.005774 0.008462 0.011547
0 0.004231 0.005774 0.008462 0.011547
0 0.004231 0.005774 0.008462 0.011547
0 0.004231 0.005774 0.008462 0.011547
0 0.004231 0.005774 0.008462 0.011547
0 0.004231 0.005774 0.008462 0.011547
0 0.004231 0.005774 0.008462 0.011547
0 0.004231 0.005774 0.008462 0.011547
0 0.004231 0.005774 0.008462 0.011547
0 0.004231 0.005774 0.008462 0.011547
0 0.004231 0.005774 0.008462 0.011547
0 0.004231 0.005774 0.008462 0.011547
0 0.004231 0.005774 0.008462 0.011547