0 0.000955 0.001302 0.001910 0.002604
0 0.000955 0.001302 0.001910 0.002604
0 0.000955 0.001302 0.001910 0.002604
0 0.000955 0.001302 0.001910 0.002604
0 0.000955 0.001302 0.001910 0.002604
0 0.000955 0.001302 0.001910 0.002604
0 0.000955 0.001302 0.001910 0.002604
0 0.000955 0.001302 0.001910 0.002604
0 0.000955 0.001302 0.001910 0.002604
0 0.000955 0.001302 0.001910 0.002604
0 0.000955 0.001302 0.001910 0.002604
0 0.000955 0.001302 0.001910 0.002604
0 0.000955 0.001302 0.001910 0.002604
0 0.000955 0.001302 0.001910 0.002604
0 0.000955 0.001302 0.001910 0.002604
0 0.000955 0.001302 0.001910 0.002604
0 0.000955 0.001302 0.001910 0.002604
0 0.000955 0.001302 0.001910 0.002604
0 0.000955 0.001302 0.001910 0.002604
0 0.000955 0.001302 0.001910 0.002604
0 0.000955 0.001302 0.001910 0.002604
0 0.000955 0.001302 0.001910 0.002604
0 0.000955 0.001302 0.001910 0.002604
0 0.000955 0.001302 0.001910 0.002604
0 0.000955 0.001302 0.001910 0.002604
0 0.000955 0.001302 0.001910 0.002604
0 0.000955 0.001302 0.001910 0.002604
0 0.000955 0.001302 0.001910 0.002604
0 0.000955 0.001302 0.001910 0.002604
0 0.000955 0.001302 0.001910 0.002604
0 0.001128 0.001302 0.002257 0.002604
0 0.000955 0.001302 0.001910 0.002604
0 0.000955 0.001302 0.001910 0.002604
0 0.000955 0.001302 0.001910 0.002604
0 0.000955 0.001302 0.001910 0.002604
0 0.000955 0.001302 0.001910 0.002604
0 0.000955 0.001302 0.001910 0.002604
0 0.000955 0.001302 0.001910 0.002604
0 0.000955 0.001302 0.001910 0.002604
0 0.000955 0.001302 0.001910 0.002604
0 0.000955 0.001302 0.001910 0.002604
0 0.000955 0.001302 0.001910 0.002604
0 0.000955 0.001302 0.001910 0.002604
0 0.000955 0.001302 0.001910 0.002604
0 0.000955 0.001302 0.001910 0.002604
0 0.000955 0.001302 0.001910 0.002604
0 0.000955 0.001302 0.001910 0.002604
0 0.000955 0.001302 0.001910 0.002604
0 0.000955 0.001302 0.001910 0.002604
0 0.000955 0.001302 0.001910 0.002604
0 0.000955 0.001302 0.001910 0.002604
0 0.000955 0.001302 0.001910 0.002604
0 0.000955 0.001302 0.001910 0.002604
0 0.000955 0.001302 0.001910 0.002604
0 0.000955 0.001302 0.001910 0.002604
0 0.000955 0.001302 0.001910 0.002604
0 0.000955 0.001302 0.001910 0.002604
0 0.000955 0.001302 0.001910 0.002604
0 0.000955 0.001302 0.001910 0.002604
0 0.000955 0.001302 0.001910 0.002604
0 0.000955 0.001302 0.001910 0.002604
0 0.000955 0.001302 0.001910 0.002604
0 0.000955 0.001302 0.001910 0.002604
0 0.000955 0.001302 0.001910 0.002604
0 0.000955 0.001302 0.001910 0.002604