0 0.009091 0.013648 0.018182 0.027295
0 0.009091 0.013648 0.018182 0.027295
0 0.009091 0.013648 0.018182 0.027295
0 0.009091 0.013648 0.018182 0.027295
0 0.009091 0.013648 0.018182 0.027295
0 0.009091 0.013648 0.018182 0.027295
0 0.009091 0.013648 0.018182 0.027295
0 0.009091 0.013648 0.018182 0.027295
0 0.009091 0.013648 0.018182 0.027295
0 0.009091 0.013648 0.018182 0.027295
0 0.009091 0.013648 0.018182 0.027295
0 0.009091 0.013648 0.018182 0.027295
0 0.009091 0.013648 0.018182 0.027295
0 0.009091 0.013648 0.018182 0.027295
0 0.009091 0.013648 0.018182 0.027295
0 0.009091 0.013648 0.018182 0.027295
0 0.009917 0.013648 0.019835 0.027295
0 0.009091 0.013648 0.018182 0.027295
0 0.009091 0.013648 0.018182 0.027295
0 0.009091 0.013648 0.018182 0.027295
0 0.009091 0.013648 0.018182 0.027295
0 0.009091 0.013648 0.018182 0.027295
0 0.009091 0.013648 0.018182 0.027295
0 0.009917 0.013648 0.019835 0.027295
0 0.009917 0.013648 0.019835 0.027295
0 0.009091 0.013648 0.018182 0.027295
0 0.009091 0.013648 0.018182 0.027295
0 0.009091 0.013648 0.018182 0.027295
0 0.009091 0.013648 0.018182 0.027295
0 0.009091 0.013648 0.018182 0.027295
0 0.009091 0.013648 0.018182 0.027295
0 0.009091 0.013648 0.018182 0.027295
0 0.009091 0.013648 0.018182 0.027295
0 0.009091 0.013648 0.018182 0.027295
0 0.009091 0.013648 0.018182 0.027295
0 0.009091 0.013648 0.018182 0.027295
0 0.009091 0.013648 0.018182 0.027295
0 0.009091 0.013648 0.018182 0.027295
0 0.009091 0.013648 0.018182 0.027295
0 0.009091 0.013648 0.018182 0.027295
0 0.009091 0.013648 0.018182 0.027295
0 0.009091 0.013648 0.018182 0.027295
0 0.009091 0.013648 0.018182 0.027295
0 0.009091 0.013648 0.018182 0.027295
0 0.009091 0.013648 0.018182 0.027295
0 0.009091 0.013648 0.018182 0.027295
0 0.009091 0.013648 0.018182 0.027295
0 0.009091 0.013648 0.018182 0.027295
0 0.009917 0.013648 0.019835 0.027295
0 0.009091 0.013648 0.018182 0.027295
0 0.009091 0.013648 0.018182 0.027295
0 0.009091 0.013648 0.018182 0.027295
0 0.009091 0.013648 0.018182 0.027295
0 0.009091 0.013648 0.018182 0.027295
0 0.009091 0.013648 0.018182 0.027295
0 0.009091 0.013648 0.018182 0.027295
0 0.009917 0.013648 0.019835 0.027295
0 0.009917 0.013648 0.019835 0.027295
0 0.009091 0.013648 0.018182 0.027295
0 0.009091 0.013648 0.018182 0.027295
0 0.009091 0.013648 0.018182 0.027295
0 0.009091 0.013648 0.018182 0.027295
0 0.009091 0.013648 0.018182 0.027295
0 0.009091 0.013648 0.018182 0.027295
0 0.009091 0.013648 0.018182 0.027295
0 0.009091 0.013648 0.018182 0.027295
0 0.009091 0.013648 0.018182 0.027295
0 0.009091 0.013648 0.018182 0.027295
0 0.009091 0.013648 0.018182 0.027295
0 0.009091 0.013648 0.018182 0.027295
0 0.009091 0.013648 0.018182 0.027295
0 0.009091 0.013648 0.018182 0.027295
0 0.009091 0.013648 0.018182 0.027295
0 0.009091 0.013648 0.018182 0.027295
0 0.009091 0.013648 0.018182 0.027295