0 0.006875 0.009634 0.013750 0.019268
0 0.006875 0.010597 0.013750 0.021195
0 0.006875 0.010597 0.013750 0.021195
0 0.006875 0.009634 0.013750 0.019268
0 0.006875 0.009634 0.013750 0.019268
0 0.006875 0.010597 0.013750 0.021195
0 0.006875 0.010597 0.013750 0.021195
0 0.006875 0.009634 0.013750 0.019268
0 0.006875 0.009634 0.013750 0.019268
0 0.006875 0.010597 0.013750 0.021195
0 0.006875 0.009634 0.013750 0.019268
0 0.006875 0.010597 0.013750 0.021195
0 0.006875 0.010597 0.013750 0.021195
0 0.006875 0.010597 0.013750 0.021195