0 0.008088 0.012911 0.016176 0.025822
0 0.008088 0.012911 0.016176 0.025822
0 0.008088 0.011737 0.016176 0.023474
0 0.008088 0.011737 0.016176 0.023474
0 0.008088 0.011737 0.016176 0.023474
0 0.008088 0.011737 0.016176 0.023474
0 0.008088 0.012911 0.016176 0.025822
0 0.008088 0.012911 0.016176 0.025822
0 0.008088 0.011737 0.016176 0.023474
0 0.008088 0.012911 0.016176 0.025822
0 0.008088 0.011737 0.016176 0.023474
0 0.008088 0.012911 0.016176 0.025822
0 0.008088 0.011737 0.016176 0.023474
0 0.008088 0.012911 0.016176 0.025822
0 0.008088 0.011737 0.016176 0.023474
0 0.008088 0.011737 0.016176 0.023474
0 0.008088 0.011737 0.016176 0.023474
0 0.008088 0.011737 0.016176 0.023474
0 0.008088 0.011737 0.016176 0.023474
0 0.008088 0.011737 0.016176 0.023474
0 0.008088 0.011737 0.016176 0.023474
0 0.008088 0.011737 0.016176 0.023474
0 0.008088 0.012911 0.016176 0.025822
0 0.008088 0.011737 0.016176 0.023474
0 0.008088 0.011737 0.016176 0.023474
0 0.008088 0.011737 0.016176 0.023474
0 0.008088 0.011737 0.016176 0.023474
0 0.008088 0.012911 0.016176 0.025822
0 0.008088 0.011737 0.016176 0.023474
0 0.008088 0.012911 0.016176 0.025822
0 0.008088 0.011737 0.016176 0.023474
0 0.008088 0.011737 0.016176 0.023474
0 0.008088 0.011737 0.016176 0.023474
0 0.008088 0.011737 0.016176 0.023474
0 0.008088 0.012911 0.016176 0.025822
0 0.008088 0.011737 0.016176 0.023474
0 0.008088 0.011737 0.016176 0.023474
0 0.008088 0.011737 0.016176 0.023474
0 0.008088 0.012911 0.016176 0.025822
0 0.008088 0.011737 0.016176 0.023474
0 0.008088 0.012911 0.016176 0.025822
0 0.008088 0.011737 0.016176 0.023474
0 0.008088 0.011737 0.016176 0.023474
0 0.008088 0.012911 0.016176 0.025822
0 0.008088 0.011737 0.016176 0.023474
0 0.008088 0.011737 0.016176 0.023474
0 0.008088 0.011737 0.016176 0.023474
0 0.008088 0.011737 0.016176 0.023474
0 0.008088 0.011737 0.016176 0.023474
0 0.008088 0.011737 0.016176 0.023474
0 0.008088 0.012911 0.016176 0.025822
0 0.008088 0.011737 0.016176 0.023474
0 0.008088 0.011737 0.016176 0.023474
0 0.008088 0.011737 0.016176 0.023474
0 0.008088 0.011737 0.016176 0.023474
0 0.008088 0.011737 0.016176 0.023474
0 0.008088 0.012911 0.016176 0.025822
0 0.008088 0.012911 0.016176 0.025822
0 0.008088 0.011737 0.016176 0.023474
0 0.008088 0.012911 0.016176 0.025822
0 0.008088 0.011737 0.016176 0.023474
0 0.008088 0.011737 0.016176 0.023474
0 0.008088 0.012911 0.016176 0.025822
0 0.008088 0.011737 0.016176 0.023474
0 0.008088 0.012911 0.016176 0.025822
0 0.008088 0.012911 0.016176 0.025822
0 0.008088 0.011737 0.016176 0.023474
0 0.008088 0.011737 0.016176 0.023474
0 0.008088 0.011737 0.016176 0.023474
0 0.008088 0.011737 0.016176 0.023474
0 0.008088 0.011737 0.016176 0.023474
0 0.008088 0.012911 0.016176 0.025822
0 0.008088 0.011737 0.016176 0.023474
0 0.008088 0.012911 0.016176 0.025822
0 0.008088 0.012911 0.016176 0.025822
0 0.008088 0.011737 0.016176 0.023474
0 0.008088 0.011737 0.016176 0.023474
0 0.008088 0.012911 0.016176 0.025822