0 0.005500 0.007418 0.011000 0.014837
0 0.005500 0.007418 0.011000 0.014837
0 0.005500 0.007418 0.011000 0.014837
0 0.005500 0.007418 0.011000 0.014837
0 0.005500 0.007418 0.011000 0.014837
0 0.005500 0.007418 0.011000 0.014837
0 0.005500 0.007418 0.011000 0.014837
0 0.005500 0.007418 0.011000 0.014837
0 0.005500 0.007418 0.011000 0.014837
0 0.005500 0.007418 0.011000 0.014837
0 0.005500 0.007418 0.011000 0.014837
0 0.005500 0.007418 0.011000 0.014837
0 0.005500 0.007418 0.011000 0.014837
0 0.005500 0.007418 0.011000 0.014837
0 0.005500 0.007418 0.011000 0.014837
0 0.005500 0.007418 0.011000 0.014837
0 0.005500 0.007418 0.011000 0.014837
0 0.005500 0.007418 0.011000 0.014837
0 0.005500 0.007418 0.011000 0.014837
0 0.005500 0.007418 0.011000 0.014837
0 0.005500 0.007418 0.011000 0.014837
0 0.005500 0.007418 0.011000 0.014837
0 0.005500 0.007418 0.011000 0.014837
0 0.005500 0.007418 0.011000 0.014837
0 0.005500 0.007418 0.011000 0.014837
0 0.005500 0.007418 0.011000 0.014837
0 0.005500 0.007418 0.011000 0.014837
0 0.005500 0.007418 0.011000 0.014837
0 0.005500 0.007418 0.011000 0.014837
0 0.005500 0.007418 0.011000 0.014837
0 0.005500 0.007418 0.011000 0.014837
0 0.005500 0.007418 0.011000 0.014837
0 0.005500 0.007418 0.011000 0.014837
0 0.005500 0.007418 0.011000 0.014837
0 0.005500 0.007418 0.011000 0.014837