0 0.012500 0.016923 0.025000 0.033846
0 0.011458 0.015385 0.022917 0.030769
0 0.011458 0.015385 0.022917 0.030769
0 0.012500 0.016923 0.025000 0.033846
0 0.012500 0.015385 0.025000 0.030769
0 0.012500 0.015385 0.025000 0.030769
0 0.011458 0.016923 0.022917 0.033846
0 0.011458 0.016923 0.022917 0.033846
0 0.011458 0.016923 0.022917 0.033846
0 0.011458 0.015385 0.022917 0.030769
0 0.012500 0.016923 0.025000 0.033846
0 0.012500 0.016923 0.025000 0.033846
0 0.011458 0.016923 0.022917 0.033846
0 0.011458 0.015385 0.022917 0.030769
0 0.012500 0.016923 0.025000 0.033846
0 0.011458 0.016923 0.022917 0.033846
0 0.012500 0.016923 0.025000 0.033846
0 0.012500 0.015385 0.025000 0.030769
0 0.011458 0.015385 0.022917 0.030769
0 0.011458 0.015385 0.022917 0.030769
0 0.011458 0.015385 0.022917 0.030769
0 0.011458 0.015385 0.022917 0.030769
0 0.011458 0.015385 0.022917 0.030769
0 0.011458 0.015385 0.022917 0.030769
0 0.011458 0.015385 0.022917 0.030769
0 0.011458 0.016923 0.022917 0.033846
0 0.012500 0.016923 0.025000 0.033846
0 0.011458 0.015385 0.022917 0.030769
0 0.011458 0.015385 0.022917 0.030769
0 0.011458 0.015385 0.022917 0.030769
0 0.012500 0.015385 0.025000 0.030769
0 0.012500 0.016923 0.025000 0.033846
0 0.011458 0.015385 0.022917 0.030769
0 0.012500 0.016923 0.025000 0.033846
0 0.011458 0.016923 0.022917 0.033846
0 0.012500 0.016923 0.025000 0.033846
0 0.012500 0.016923 0.025000 0.033846
0 0.011458 0.016923 0.022917 0.033846
0 0.012500 0.015385 0.025000 0.030769
0 0.012500 0.016923 0.025000 0.033846
0 0.012500 0.016923 0.025000 0.033846