0 0.003929 0.007143 0.007857 0.014286
0 0.004286 0.007143 0.008571 0.014286
0 0.004286 0.007143 0.008571 0.014286
0 0.003929 0.007143 0.007857 0.014286
0 0.003929 0.007143 0.007857 0.014286
0 0.003929 0.007143 0.007857 0.014286
0 0.003929 0.007143 0.007857 0.014286
0 0.003929 0.007143 0.007857 0.014286
0 0.003929 0.007143 0.007857 0.014286
0 0.004286 0.007143 0.008571 0.014286
0 0.003929 0.007143 0.007857 0.014286
0 0.003929 0.007143 0.007857 0.014286
0 0.003929 0.007143 0.007857 0.014286
0 0.003929 0.007143 0.007857 0.014286
0 0.003929 0.007143 0.007857 0.014286
0 0.003929 0.007143 0.007857 0.014286
0 0.003929 0.007143 0.007857 0.014286
0 0.003929 0.007143 0.007857 0.014286
0 0.003929 0.007143 0.007857 0.014286
0 0.003929 0.007143 0.007857 0.014286
0 0.003929 0.007143 0.007857 0.014286