0 0.005093 0.007003 0.010185 0.014006
0 0.005093 0.007003 0.010185 0.014006
0 0.005093 0.007003 0.010185 0.014006
0 0.005093 0.007003 0.010185 0.014006
0 0.005093 0.007003 0.010185 0.014006
0 0.005093 0.007003 0.010185 0.014006
0 0.005093 0.007003 0.010185 0.014006
0 0.005093 0.007003 0.010185 0.014006
0 0.005093 0.007003 0.010185 0.014006
0 0.005093 0.007003 0.010185 0.014006
0 0.005093 0.007003 0.010185 0.014006
0 0.005093 0.007003 0.010185 0.014006
0 0.005093 0.007003 0.010185 0.014006
0 0.005093 0.007003 0.010185 0.014006
0 0.005093 0.007003 0.010185 0.014006
0 0.005093 0.007003 0.010185 0.014006
0 0.005093 0.007003 0.010185 0.014006
0 0.005093 0.007703 0.010185 0.015406
0 0.005093 0.007003 0.010185 0.014006
0 0.005093 0.007003 0.010185 0.014006
0 0.005093 0.007003 0.010185 0.014006
0 0.005093 0.007003 0.010185 0.014006
0 0.005093 0.007703 0.010185 0.015406
0 0.005093 0.007003 0.010185 0.014006
0 0.005093 0.007703 0.010185 0.015406
0 0.005093 0.007003 0.010185 0.014006
0 0.005093 0.007003 0.010185 0.014006
0 0.005093 0.007003 0.010185 0.014006
0 0.005093 0.007003 0.010185 0.014006
0 0.005093 0.007003 0.010185 0.014006
0 0.005093 0.007003 0.010185 0.014006
0 0.005093 0.007003 0.010185 0.014006
0 0.005093 0.007003 0.010185 0.014006
0 0.005093 0.007003 0.010185 0.014006
0 0.005093 0.007003 0.010185 0.014006
0 0.005093 0.007003 0.010185 0.014006
0 0.005093 0.007003 0.010185 0.014006
0 0.005093 0.007003 0.010185 0.014006
0 0.005093 0.007003 0.010185 0.014006
0 0.005093 0.007703 0.010185 0.015406
0 0.005093 0.007003 0.010185 0.014006
0 0.005093 0.007703 0.010185 0.015406
0 0.005093 0.007003 0.010185 0.014006
0 0.005093 0.007703 0.010185 0.015406
0 0.005093 0.007003 0.010185 0.014006
0 0.005093 0.007003 0.010185 0.014006
0 0.005093 0.007003 0.010185 0.014006
0 0.005093 0.007703 0.010185 0.015406
0 0.005093 0.007003 0.010185 0.014006
0 0.005093 0.007003 0.010185 0.014006
0 0.005093 0.007003 0.010185 0.014006
0 0.005093 0.007003 0.010185 0.014006
0 0.005093 0.007003 0.010185 0.014006
0 0.005093 0.007003 0.010185 0.014006
0 0.005093 0.007003 0.010185 0.014006
0 0.005093 0.007003 0.010185 0.014006
0 0.005093 0.007003 0.010185 0.014006
0 0.005093 0.007003 0.010185 0.014006
0 0.005093 0.007003 0.010185 0.014006
0 0.005093 0.007003 0.010185 0.014006
0 0.005093 0.007003 0.010185 0.014006
0 0.005093 0.007703 0.010185 0.015406
0 0.005093 0.007703 0.010185 0.015406
0 0.005093 0.007003 0.010185 0.014006
0 0.005093 0.007003 0.010185 0.014006
0 0.005093 0.007003 0.010185 0.014006
0 0.005093 0.007003 0.010185 0.014006
0 0.005093 0.007003 0.010185 0.014006
0 0.005093 0.007003 0.010185 0.014006
0 0.005093 0.007003 0.010185 0.014006
0 0.005093 0.007703 0.010185 0.015406
0 0.005093 0.007003 0.010185 0.014006
0 0.005093 0.007003 0.010185 0.014006
0 0.005093 0.007703 0.010185 0.015406
0 0.005093 0.007003 0.010185 0.014006
0 0.005093 0.007003 0.010185 0.014006
0 0.005093 0.007003 0.010185 0.014006
0 0.005093 0.007703 0.010185 0.015406
0 0.005093 0.007003 0.010185 0.014006
0 0.005093 0.007003 0.010185 0.014006
0 0.005093 0.007703 0.010185 0.015406
0 0.005093 0.007003 0.010185 0.014006
0 0.005093 0.007003 0.010185 0.014006
0 0.005093 0.007003 0.010185 0.014006
0 0.005093 0.007003 0.010185 0.014006
0 0.005093 0.007003 0.010185 0.014006
0 0.005093 0.007003 0.010185 0.014006
0 0.005093 0.007003 0.010185 0.014006
0 0.005093 0.007003 0.010185 0.014006
0 0.005093 0.007703 0.010185 0.015406
0 0.005093 0.007003 0.010185 0.014006
0 0.005093 0.007003 0.010185 0.014006