0 0.003056 0.004409 0.006111 0.008818
0 0.003056 0.004409 0.006111 0.008818
0 0.003056 0.004409 0.006111 0.008818
0 0.003333 0.004409 0.006667 0.008818
0 0.003056 0.004409 0.006111 0.008818
0 0.003056 0.004409 0.006111 0.008818
0 0.003056 0.004409 0.006111 0.008818
0 0.003056 0.004409 0.006111 0.008818
0 0.003056 0.004409 0.006111 0.008818
0 0.003056 0.004409 0.006111 0.008818
0 0.003056 0.004409 0.006111 0.008818
0 0.003056 0.004409 0.006111 0.008818
0 0.003056 0.004409 0.006111 0.008818
0 0.003056 0.004409 0.006111 0.008818
0 0.003056 0.004409 0.006111 0.008818
0 0.003056 0.004409 0.006111 0.008818
0 0.003056 0.004409 0.006111 0.008818
0 0.003056 0.004409 0.006111 0.008818
0 0.003056 0.004409 0.006111 0.008818
0 0.003056 0.004409 0.006111 0.008818
0 0.003333 0.004409 0.006667 0.008818
0 0.003056 0.004409 0.006111 0.008818
0 0.003056 0.004409 0.006111 0.008818
0 0.003056 0.004409 0.006111 0.008818
0 0.003056 0.004409 0.006111 0.008818
0 0.003056 0.004409 0.006111 0.008818
0 0.003056 0.004409 0.006111 0.008818
0 0.003056 0.004409 0.006111 0.008818
0 0.003056 0.004409 0.006111 0.008818
0 0.003056 0.004409 0.006111 0.008818
0 0.003056 0.004409 0.006111 0.008818
0 0.003056 0.004409 0.006111 0.008818
0 0.003056 0.004409 0.006111 0.008818
0 0.003056 0.004409 0.006111 0.008818
0 0.003056 0.004409 0.006111 0.008818
0 0.003056 0.004409 0.006111 0.008818
0 0.003056 0.004409 0.006111 0.008818
0 0.003056 0.004409 0.006111 0.008818
0 0.003056 0.004409 0.006111 0.008818
0 0.003056 0.004409 0.006111 0.008818
0 0.003056 0.004409 0.006111 0.008818
0 0.003056 0.004409 0.006111 0.008818
0 0.003056 0.004409 0.006111 0.008818
0 0.003056 0.004409 0.006111 0.008818
0 0.003056 0.004409 0.006111 0.008818
0 0.003056 0.004409 0.006111 0.008818
0 0.003056 0.004409 0.006111 0.008818
0 0.003056 0.004409 0.006111 0.008818
0 0.003056 0.004409 0.006111 0.008818
0 0.003056 0.004409 0.006111 0.008818
0 0.003056 0.004409 0.006111 0.008818
0 0.003056 0.004409 0.006111 0.008818
0 0.003056 0.004409 0.006111 0.008818
0 0.003056 0.004409 0.006111 0.008818
0 0.003056 0.004409 0.006111 0.008818
0 0.003056 0.004409 0.006111 0.008818
0 0.003056 0.004409 0.006111 0.008818
0 0.003056 0.004409 0.006111 0.008818
0 0.003056 0.004409 0.006111 0.008818
0 0.003056 0.004409 0.006111 0.008818
0 0.003056 0.004409 0.006111 0.008818