0 0.005371 0.011111 0.010742 0.022222
0 0.005371 0.011111 0.010742 0.022222
0 0.005371 0.011111 0.010742 0.022222
0 0.005371 0.010101 0.010742 0.020202
0 0.005371 0.011111 0.010742 0.022222
0 0.005371 0.010101 0.010742 0.020202
0 0.005371 0.011111 0.010742 0.022222
0 0.005371 0.011111 0.010742 0.022222
0 0.005371 0.010101 0.010742 0.020202
0 0.005371 0.010101 0.010742 0.020202
0 0.005371 0.011111 0.010742 0.022222
0 0.005371 0.011111 0.010742 0.022222
0 0.005371 0.011111 0.010742 0.022222
0 0.005371 0.011111 0.010742 0.022222
0 0.005371 0.010101 0.010742 0.020202
0 0.005371 0.011111 0.010742 0.022222
0 0.005371 0.010101 0.010742 0.020202
0 0.005371 0.010101 0.010742 0.020202
0 0.005371 0.010101 0.010742 0.020202
0 0.005371 0.011111 0.010742 0.022222
0 0.005371 0.010101 0.010742 0.020202
0 0.005371 0.010101 0.010742 0.020202
0 0.005371 0.010101 0.010742 0.020202
0 0.005371 0.010101 0.010742 0.020202
0 0.005371 0.010101 0.010742 0.020202
0 0.005371 0.010101 0.010742 0.020202
0 0.005371 0.011111 0.010742 0.022222
0 0.005371 0.010101 0.010742 0.020202
0 0.005371 0.010101 0.010742 0.020202
0 0.005371 0.010101 0.010742 0.020202
0 0.005371 0.010101 0.010742 0.020202