0 0.005371 0.008333 0.010742 0.016667
0 0.005371 0.008333 0.010742 0.016667
0 0.005371 0.008333 0.010742 0.016667
0 0.005371 0.008333 0.010742 0.016667
0 0.005371 0.008333 0.010742 0.016667
0 0.005371 0.008333 0.010742 0.016667
0 0.005371 0.008333 0.010742 0.016667
0 0.005371 0.008333 0.010742 0.016667
0 0.005371 0.008333 0.010742 0.016667
0 0.005371 0.008333 0.010742 0.016667
0 0.005371 0.008333 0.010742 0.016667
0 0.005371 0.008333 0.010742 0.016667
0 0.005371 0.008333 0.010742 0.016667
0 0.005371 0.008333 0.010742 0.016667
0 0.005371 0.008333 0.010742 0.016667
0 0.005371 0.008333 0.010742 0.016667
0 0.005371 0.008333 0.010742 0.016667
0 0.005371 0.008333 0.010742 0.016667
0 0.005371 0.008333 0.010742 0.016667
0 0.005371 0.008333 0.010742 0.016667
0 0.005371 0.008333 0.010742 0.016667
0 0.005371 0.008333 0.010742 0.016667
0 0.005371 0.008333 0.010742 0.016667
0 0.005371 0.008333 0.010742 0.016667
0 0.005371 0.008333 0.010742 0.016667
0 0.005371 0.008333 0.010742 0.016667
0 0.005371 0.008333 0.010742 0.016667
0 0.005371 0.008333 0.010742 0.016667
0 0.005371 0.008333 0.010742 0.016667
0 0.005371 0.008333 0.010742 0.016667
0 0.005371 0.008333 0.010742 0.016667
0 0.005371 0.008333 0.010742 0.016667
0 0.005371 0.008333 0.010742 0.016667
0 0.005371 0.008333 0.010742 0.016667
0 0.005371 0.008333 0.010742 0.016667
0 0.005371 0.008333 0.010742 0.016667
0 0.005371 0.008333 0.010742 0.016667
0 0.005371 0.008333 0.010742 0.016667
0 0.005371 0.008333 0.010742 0.016667
0 0.005371 0.008333 0.010742 0.016667
0 0.005371 0.008333 0.010742 0.016667
0 0.005371 0.008333 0.010742 0.016667
0 0.005371 0.008333 0.010742 0.016667