0 0.009046 0.006143 0.018092 0.012285
0 0.009046 0.006143 0.018092 0.012285
0 0.010691 0.006143 0.021382 0.012285
0 0.009046 0.006143 0.018092 0.012285
0 0.009046 0.006757 0.018092 0.013514
0 0.009046 0.006143 0.018092 0.012285
0 0.009046 0.006757 0.018092 0.013514
0 0.009046 0.006143 0.018092 0.012285
0 0.009046 0.006143 0.018092 0.012285
0 0.009046 0.006757 0.018092 0.013514
0 0.009046 0.006143 0.018092 0.012285
0 0.009046 0.006143 0.018092 0.012285
0 0.009046 0.006143 0.018092 0.012285
0 0.009046 0.006757 0.018092 0.013514
0 0.009046 0.006143 0.018092 0.012285
0 0.009046 0.006143 0.018092 0.012285
0 0.009046 0.006143 0.018092 0.012285
0 0.009046 0.006143 0.018092 0.012285
0 0.009046 0.006143 0.018092 0.012285
0 0.009046 0.006143 0.018092 0.012285
0 0.009046 0.006143 0.018092 0.012285
0 0.009046 0.006143 0.018092 0.012285
0 0.009046 0.006143 0.018092 0.012285
0 0.009046 0.006143 0.018092 0.012285
0 0.009046 0.006143 0.018092 0.012285
0 0.009046 0.006143 0.018092 0.012285
0 0.009046 0.006143 0.018092 0.012285
0 0.009046 0.006143 0.018092 0.012285
0 0.009046 0.006757 0.018092 0.013514
0 0.009046 0.006143 0.018092 0.012285
0 0.009046 0.006143 0.018092 0.012285
0 0.009046 0.006143 0.018092 0.012285
0 0.009046 0.006143 0.018092 0.012285
0 0.009046 0.006757 0.018092 0.013514
0 0.009046 0.006143 0.018092 0.012285
0 0.009046 0.006143 0.018092 0.012285
0 0.009046 0.006143 0.018092 0.012285
0 0.009046 0.006143 0.018092 0.012285
0 0.009046 0.006143 0.018092 0.012285
0 0.009046 0.006757 0.018092 0.013514
0 0.009046 0.006143 0.018092 0.012285
0 0.009046 0.006143 0.018092 0.012285
0 0.009046 0.006143 0.018092 0.012285
0 0.009046 0.006143 0.018092 0.012285
0 0.009046 0.006757 0.018092 0.013514
0 0.009046 0.006143 0.018092 0.012285
0 0.009046 0.006143 0.018092 0.012285
0 0.009046 0.006143 0.018092 0.012285
0 0.009046 0.006143 0.018092 0.012285
0 0.009046 0.006143 0.018092 0.012285
0 0.009046 0.006143 0.018092 0.012285
0 0.009046 0.006757 0.018092 0.013514
0 0.009046 0.006143 0.018092 0.012285
0 0.009046 0.006143 0.018092 0.012285
0 0.009046 0.006143 0.018092 0.012285
0 0.009046 0.006143 0.018092 0.012285
0 0.009046 0.006143 0.018092 0.012285
0 0.009046 0.006143 0.018092 0.012285
0 0.009046 0.006143 0.018092 0.012285
0 0.009046 0.006143 0.018092 0.012285
0 0.009046 0.006143 0.018092 0.012285
0 0.009046 0.006143 0.018092 0.012285
0 0.009046 0.006757 0.018092 0.013514
0 0.009046 0.006143 0.018092 0.012285
0 0.009046 0.006143 0.018092 0.012285
0 0.009046 0.006143 0.018092 0.012285
0 0.009046 0.006757 0.018092 0.013514
0 0.009046 0.006143 0.018092 0.012285
0 0.009046 0.006757 0.018092 0.013514
0 0.009046 0.006143 0.018092 0.012285
0 0.009046 0.006143 0.018092 0.012285
0 0.009046 0.006143 0.018092 0.012285
0 0.009046 0.006143 0.018092 0.012285
0 0.009046 0.006143 0.018092 0.012285
0 0.009046 0.006143 0.018092 0.012285
0 0.009046 0.006143 0.018092 0.012285
0 0.009046 0.006757 0.018092 0.013514
0 0.009046 0.006143 0.018092 0.012285
0 0.009046 0.006757 0.018092 0.013514
0 0.009046 0.006143 0.018092 0.012285
0 0.009046 0.006143 0.018092 0.012285
0 0.009046 0.006143 0.018092 0.012285
0 0.009046 0.006143 0.018092 0.012285
0 0.009046 0.006143 0.018092 0.012285
0 0.009046 0.006143 0.018092 0.012285
0 0.009046 0.006143 0.018092 0.012285
0 0.009046 0.006143 0.018092 0.012285
0 0.009046 0.006143 0.018092 0.012285
0 0.009046 0.006143 0.018092 0.012285
0 0.009046 0.006143 0.018092 0.012285
0 0.009046 0.006143 0.018092 0.012285
0 0.009046 0.006143 0.018092 0.012285
0 0.009046 0.006143 0.018092 0.012285
0 0.009046 0.006143 0.018092 0.012285
0 0.009046 0.006757 0.018092 0.013514
0 0.009046 0.006143 0.018092 0.012285
0 0.009046 0.006143 0.018092 0.012285
0 0.009046 0.006143 0.018092 0.012285
0 0.009046 0.006143 0.018092 0.012285
0 0.009046 0.006143 0.018092 0.012285