0 0.007161 0.009766 0.014323 0.019531
0 0.007161 0.009766 0.014323 0.019531
0 0.007161 0.009766 0.014323 0.019531
0 0.007161 0.010742 0.014323 0.021484
0 0.007161 0.009766 0.014323 0.019531
0 0.007161 0.009766 0.014323 0.019531
0 0.007161 0.009766 0.014323 0.019531
0 0.007161 0.009766 0.014323 0.019531
0 0.007161 0.010742 0.014323 0.021484
0 0.007161 0.010742 0.014323 0.021484
0 0.007161 0.009766 0.014323 0.019531
0 0.007161 0.009766 0.014323 0.019531
0 0.007161 0.009766 0.014323 0.019531
0 0.007161 0.009766 0.014323 0.019531
0 0.007161 0.009766 0.014323 0.019531
0 0.007161 0.009766 0.014323 0.019531
0 0.007161 0.009766 0.014323 0.019531
0 0.007161 0.010742 0.014323 0.021484
0 0.007161 0.009766 0.014323 0.019531
0 0.007812 0.009766 0.015625 0.019531
0 0.007161 0.010742 0.014323 0.021484
0 0.007161 0.009766 0.014323 0.019531
0 0.007161 0.010742 0.014323 0.021484
0 0.007161 0.010742 0.014323 0.021484
0 0.007161 0.009766 0.014323 0.019531
0 0.007161 0.010742 0.014323 0.021484
0 0.007812 0.009766 0.015625 0.019531
0 0.007161 0.009766 0.014323 0.019531
0 0.007161 0.010742 0.014323 0.021484
0 0.007161 0.010742 0.014323 0.021484
0 0.007161 0.009766 0.014323 0.019531
0 0.007161 0.009766 0.014323 0.019531
0 0.007161 0.009766 0.014323 0.019531
0 0.007161 0.009766 0.014323 0.019531
0 0.007161 0.009766 0.014323 0.019531
0 0.007161 0.010742 0.014323 0.021484
0 0.007161 0.009766 0.014323 0.019531
0 0.007161 0.009766 0.014323 0.019531
0 0.007161 0.009766 0.014323 0.019531
0 0.007161 0.009766 0.014323 0.019531
0 0.007161 0.009766 0.014323 0.019531
0 0.007161 0.009766 0.014323 0.019531
0 0.007161 0.010742 0.014323 0.021484
0 0.007812 0.009766 0.015625 0.019531
0 0.007161 0.009766 0.014323 0.019531
0 0.007161 0.009766 0.014323 0.019531
0 0.007161 0.010742 0.014323 0.021484
0 0.007161 0.009766 0.014323 0.019531
0 0.007161 0.009766 0.014323 0.019531
0 0.007161 0.009766 0.014323 0.019531
0 0.007161 0.009766 0.014323 0.019531
0 0.007161 0.009766 0.014323 0.019531
0 0.007161 0.009766 0.014323 0.019531
0 0.007161 0.009766 0.014323 0.019531
0 0.007161 0.009766 0.014323 0.019531
0 0.007161 0.009766 0.014323 0.019531
0 0.007161 0.009766 0.014323 0.019531
0 0.007812 0.009766 0.015625 0.019531
0 0.007161 0.009766 0.014323 0.019531
0 0.007161 0.009766 0.014323 0.019531
0 0.007161 0.009766 0.014323 0.019531
0 0.007161 0.009766 0.014323 0.019531
0 0.007161 0.010742 0.014323 0.021484
0 0.007161 0.010742 0.014323 0.021484
0 0.007161 0.009766 0.014323 0.019531
0 0.007161 0.009766 0.014323 0.019531
0 0.007161 0.010742 0.014323 0.021484
0 0.007161 0.009766 0.014323 0.019531
0 0.007812 0.009766 0.015625 0.019531
0 0.007161 0.009766 0.014323 0.019531
0 0.007161 0.009766 0.014323 0.019531
0 0.007161 0.009766 0.014323 0.019531
0 0.007161 0.009766 0.014323 0.019531
0 0.007161 0.010742 0.014323 0.021484
0 0.007161 0.009766 0.014323 0.019531
0 0.007161 0.010742 0.014323 0.021484
0 0.007161 0.009766 0.014323 0.019531
0 0.007161 0.010742 0.014323 0.021484
0 0.007161 0.010742 0.014323 0.021484
0 0.007161 0.009766 0.014323 0.019531
0 0.007161 0.009766 0.014323 0.019531
0 0.007161 0.009766 0.014323 0.019531
0 0.007161 0.009766 0.014323 0.019531
0 0.007161 0.009766 0.014323 0.019531
0 0.007161 0.009766 0.014323 0.019531
0 0.007161 0.010742 0.014323 0.021484
0 0.007161 0.009766 0.014323 0.019531
0 0.007161 0.009766 0.014323 0.019531
0 0.007161 0.009766 0.014323 0.019531
0 0.007161 0.009766 0.014323 0.019531
0 0.007161 0.009766 0.014323 0.019531
0 0.007161 0.010742 0.014323 0.021484
0 0.007161 0.009766 0.014323 0.019531
0 0.007161 0.009766 0.014323 0.019531
0 0.007161 0.009766 0.014323 0.019531
0 0.007161 0.009766 0.014323 0.019531
0 0.007812 0.009766 0.015625 0.019531
0 0.007161 0.009766 0.014323 0.019531
0 0.007161 0.009766 0.014323 0.019531
0 0.007161 0.010742 0.014323 0.021484
0 0.007161 0.009766 0.014323 0.019531
0 0.007161 0.009766 0.014323 0.019531
0 0.007812 0.009766 0.015625 0.019531
0 0.007161 0.010742 0.014323 0.021484
0 0.007161 0.009766 0.014323 0.019531
0 0.007161 0.009766 0.014323 0.019531
0 0.007161 0.009766 0.014323 0.019531
0 0.007161 0.009766 0.014323 0.019531
0 0.007161 0.009766 0.014323 0.019531
0 0.007161 0.009766 0.014323 0.019531
0 0.007161 0.009766 0.014323 0.019531
0 0.007161 0.009766 0.014323 0.019531
0 0.007161 0.009766 0.014323 0.019531
0 0.007161 0.009766 0.014323 0.019531
0 0.007161 0.009766 0.014323 0.019531
0 0.007161 0.010742 0.014323 0.021484
0 0.007161 0.009766 0.014323 0.019531
0 0.007161 0.010742 0.014323 0.021484
0 0.007161 0.009766 0.014323 0.019531
0 0.007161 0.009766 0.014323 0.019531
0 0.007161 0.009766 0.014323 0.019531
0 0.007161 0.009766 0.014323 0.019531