0 0.002200 0.003906 0.004400 0.007812
0 0.002200 0.003906 0.004400 0.007812
0 0.002200 0.003906 0.004400 0.007812
0 0.002400 0.003551 0.004800 0.007102
0 0.002200 0.003906 0.004400 0.007812
0 0.002200 0.003906 0.004400 0.007812
0 0.002200 0.003906 0.004400 0.007812
0 0.002200 0.003906 0.004400 0.007812
0 0.002400 0.003551 0.004800 0.007102
0 0.002200 0.003906 0.004400 0.007812
0 0.002200 0.003906 0.004400 0.007812
0 0.002200 0.003551 0.004400 0.007102
0 0.002200 0.003906 0.004400 0.007812
0 0.002200 0.003906 0.004400 0.007812
0 0.002200 0.003906 0.004400 0.007812
0 0.002200 0.003906 0.004400 0.007812
0 0.002200 0.003906 0.004400 0.007812
0 0.002200 0.003906 0.004400 0.007812
0 0.002200 0.003906 0.004400 0.007812
0 0.002200 0.003906 0.004400 0.007812
0 0.002200 0.003906 0.004400 0.007812
0 0.002200 0.003906 0.004400 0.007812
0 0.002200 0.003906 0.004400 0.007812
0 0.002200 0.003906 0.004400 0.007812
0 0.002200 0.003906 0.004400 0.007812
0 0.002200 0.003906 0.004400 0.007812
0 0.002200 0.003906 0.004400 0.007812
0 0.002200 0.003906 0.004400 0.007812
0 0.002400 0.003906 0.004800 0.007812
0 0.002200 0.003906 0.004400 0.007812
0 0.002200 0.003906 0.004400 0.007812
0 0.002200 0.003906 0.004400 0.007812
0 0.002200 0.003906 0.004400 0.007812
0 0.002200 0.003906 0.004400 0.007812
0 0.002200 0.003906 0.004400 0.007812
0 0.002200 0.003906 0.004400 0.007812
0 0.002200 0.003906 0.004400 0.007812
0 0.002200 0.003906 0.004400 0.007812
0 0.002200 0.003906 0.004400 0.007812
0 0.002200 0.003906 0.004400 0.007812
0 0.002200 0.003906 0.004400 0.007812
0 0.002200 0.003906 0.004400 0.007812
0 0.002200 0.003906 0.004400 0.007812
0 0.002200 0.003906 0.004400 0.007812
0 0.002200 0.003906 0.004400 0.007812
0 0.002200 0.003551 0.004400 0.007102
0 0.002200 0.003906 0.004400 0.007812
0 0.002200 0.003906 0.004400 0.007812
0 0.002200 0.003906 0.004400 0.007812
0 0.002200 0.003906 0.004400 0.007812
0 0.002200 0.003906 0.004400 0.007812
0 0.002200 0.003906 0.004400 0.007812
0 0.002200 0.003906 0.004400 0.007812
0 0.002200 0.003906 0.004400 0.007812
0 0.002200 0.003906 0.004400 0.007812
0 0.002200 0.003906 0.004400 0.007812
0 0.002200 0.003906 0.004400 0.007812
0 0.002200 0.003906 0.004400 0.007812
0 0.002200 0.003906 0.004400 0.007812
0 0.002200 0.003906 0.004400 0.007812
0 0.002200 0.003906 0.004400 0.007812
0 0.002200 0.003551 0.004400 0.007102
0 0.002200 0.003906 0.004400 0.007812
0 0.002200 0.003906 0.004400 0.007812
0 0.002200 0.003906 0.004400 0.007812
0 0.002200 0.003906 0.004400 0.007812
0 0.002200 0.003906 0.004400 0.007812
0 0.002200 0.003906 0.004400 0.007812
0 0.002200 0.003906 0.004400 0.007812
0 0.002200 0.003906 0.004400 0.007812
0 0.002200 0.003906 0.004400 0.007812
0 0.002200 0.003551 0.004400 0.007102
0 0.002200 0.003906 0.004400 0.007812
0 0.002200 0.003906 0.004400 0.007812
0 0.002200 0.003906 0.004400 0.007812
0 0.002200 0.003906 0.004400 0.007812
0 0.002200 0.003906 0.004400 0.007812
0 0.002200 0.003551 0.004400 0.007102
0 0.002200 0.003906 0.004400 0.007812
0 0.002200 0.003906 0.004400 0.007812
0 0.002200 0.003906 0.004400 0.007812
0 0.002200 0.003906 0.004400 0.007812
0 0.002200 0.003906 0.004400 0.007812
0 0.002200 0.003906 0.004400 0.007812
0 0.002200 0.003906 0.004400 0.007812
0 0.002200 0.003906 0.004400 0.007812
0 0.002200 0.003906 0.004400 0.007812
0 0.002200 0.003906 0.004400 0.007812
0 0.002400 0.003551 0.004800 0.007102
0 0.002200 0.003906 0.004400 0.007812
0 0.002200 0.003906 0.004400 0.007812
0 0.002200 0.003906 0.004400 0.007812
0 0.002200 0.003906 0.004400 0.007812
0 0.002200 0.003906 0.004400 0.007812
0 0.002200 0.003906 0.004400 0.007812
0 0.002200 0.003906 0.004400 0.007812
0 0.002200 0.003906 0.004400 0.007812
0 0.002200 0.003906 0.004400 0.007812
0 0.002200 0.003906 0.004400 0.007812
0 0.002200 0.003906 0.004400 0.007812
0 0.002200 0.003906 0.004400 0.007812
0 0.002200 0.003906 0.004400 0.007812
0 0.002200 0.003906 0.004400 0.007812
0 0.002200 0.003906 0.004400 0.007812
0 0.002200 0.003906 0.004400 0.007812
0 0.002200 0.003906 0.004400 0.007812
0 0.002200 0.003906 0.004400 0.007812
0 0.002200 0.003906 0.004400 0.007812
0 0.002200 0.003551 0.004400 0.007102
0 0.002200 0.003906 0.004400 0.007812
0 0.002200 0.003906 0.004400 0.007812
0 0.002200 0.003906 0.004400 0.007812
0 0.002200 0.003906 0.004400 0.007812
0 0.002200 0.003906 0.004400 0.007812
0 0.002200 0.003906 0.004400 0.007812
0 0.002200 0.003906 0.004400 0.007812
0 0.002400 0.003906 0.004800 0.007812
0 0.002200 0.003906 0.004400 0.007812
0 0.002200 0.003906 0.004400 0.007812
0 0.002200 0.003906 0.004400 0.007812
0 0.002200 0.003906 0.004400 0.007812
0 0.002200 0.003906 0.004400 0.007812
0 0.002200 0.003906 0.004400 0.007812
0 0.002200 0.003906 0.004400 0.007812
0 0.002200 0.003906 0.004400 0.007812
0 0.002200 0.003906 0.004400 0.007812
0 0.002200 0.003906 0.004400 0.007812
0 0.002200 0.003906 0.004400 0.007812
0 0.002200 0.003906 0.004400 0.007812
0 0.002200 0.003906 0.004400 0.007812
0 0.002200 0.003906 0.004400 0.007812
0 0.002200 0.003906 0.004400 0.007812
0 0.002200 0.003906 0.004400 0.007812
0 0.002200 0.003906 0.004400 0.007812
0 0.002200 0.003906 0.004400 0.007812
0 0.002200 0.003906 0.004400 0.007812
0 0.002200 0.003906 0.004400 0.007812
0 0.002200 0.003906 0.004400 0.007812
0 0.002200 0.003906 0.004400 0.007812