0 0.002895 0.008696 0.005789 0.017391
0 0.002895 0.008696 0.005789 0.017391
0 0.002895 0.008696 0.005789 0.017391
0 0.002895 0.008696 0.005789 0.017391
0 0.002895 0.008696 0.005789 0.017391
0 0.002895 0.008696 0.005789 0.017391
0 0.002895 0.008696 0.005789 0.017391
0 0.002895 0.008696 0.005789 0.017391
0 0.002895 0.008696 0.005789 0.017391
0 0.002895 0.008696 0.005789 0.017391
0 0.002895 0.008696 0.005789 0.017391
0 0.002895 0.008696 0.005789 0.017391
0 0.002895 0.008696 0.005789 0.017391
0 0.002895 0.008696 0.005789 0.017391
0 0.002895 0.008696 0.005789 0.017391
0 0.002895 0.008696 0.005789 0.017391
0 0.002895 0.008696 0.005789 0.017391
0 0.002895 0.008696 0.005789 0.017391
0 0.002895 0.008696 0.005789 0.017391
0 0.002895 0.008696 0.005789 0.017391
0 0.002895 0.008696 0.005789 0.017391
0 0.002895 0.008696 0.005789 0.017391
0 0.002895 0.008696 0.005789 0.017391
0 0.002895 0.008696 0.005789 0.017391
0 0.002895 0.008696 0.005789 0.017391
0 0.002895 0.008696 0.005789 0.017391
0 0.002895 0.008696 0.005789 0.017391
0 0.002895 0.008696 0.005789 0.017391
0 0.002895 0.008696 0.005789 0.017391
0 0.002895 0.008696 0.005789 0.017391
0 0.002895 0.008696 0.005789 0.017391
0 0.002895 0.008696 0.005789 0.017391
0 0.002895 0.008696 0.005789 0.017391
0 0.002895 0.008696 0.005789 0.017391
0 0.002895 0.008696 0.005789 0.017391
0 0.002895 0.008696 0.005789 0.017391
0 0.002895 0.008696 0.005789 0.017391
0 0.002895 0.008696 0.005789 0.017391
0 0.002895 0.008696 0.005789 0.017391
0 0.002895 0.008696 0.005789 0.017391
0 0.002895 0.008696 0.005789 0.017391
0 0.002895 0.008696 0.005789 0.017391
0 0.002895 0.008696 0.005789 0.017391
0 0.002895 0.008696 0.005789 0.017391
0 0.002895 0.008696 0.005789 0.017391
0 0.002895 0.008696 0.005789 0.017391
0 0.002895 0.008696 0.005789 0.017391