0 0.004583 0.006892 0.009167 0.013784
0 0.004583 0.006892 0.009167 0.013784
0 0.004583 0.006266 0.009167 0.012531
0 0.004583 0.006892 0.009167 0.013784
0 0.004583 0.006892 0.009167 0.013784
0 0.004583 0.006266 0.009167 0.012531
0 0.004583 0.006892 0.009167 0.013784
0 0.005000 0.006266 0.010000 0.012531
0 0.004583 0.006266 0.009167 0.012531
0 0.004583 0.006266 0.009167 0.012531
0 0.005000 0.006266 0.010000 0.012531
0 0.004583 0.006266 0.009167 0.012531
0 0.004583 0.006266 0.009167 0.012531
0 0.004583 0.006266 0.009167 0.012531
0 0.004583 0.006266 0.009167 0.012531
0 0.004583 0.006266 0.009167 0.012531
0 0.004583 0.006266 0.009167 0.012531
0 0.005000 0.006266 0.010000 0.012531
0 0.004583 0.006266 0.009167 0.012531
0 0.004583 0.006266 0.009167 0.012531
0 0.004583 0.006892 0.009167 0.013784
0 0.004583 0.006266 0.009167 0.012531
0 0.005000 0.006266 0.010000 0.012531
0 0.004583 0.006892 0.009167 0.013784
0 0.004583 0.006892 0.009167 0.013784
0 0.004583 0.006892 0.009167 0.013784
0 0.005000 0.006266 0.010000 0.012531
0 0.004583 0.006266 0.009167 0.012531
0 0.005000 0.006266 0.010000 0.012531
0 0.004583 0.006892 0.009167 0.013784
0 0.004583 0.006892 0.009167 0.013784
0 0.004583 0.006892 0.009167 0.013784
0 0.004583 0.006892 0.009167 0.013784
0 0.004583 0.006266 0.009167 0.012531
0 0.004583 0.006266 0.009167 0.012531
0 0.004583 0.006892 0.009167 0.013784
0 0.004583 0.006266 0.009167 0.012531
0 0.004583 0.006892 0.009167 0.013784
0 0.004583 0.006892 0.009167 0.013784
0 0.004583 0.006266 0.009167 0.012531
0 0.004583 0.006892 0.009167 0.013784
0 0.004583 0.006892 0.009167 0.013784
0 0.004583 0.006266 0.009167 0.012531
0 0.004583 0.006266 0.009167 0.012531
0 0.004583 0.006266 0.009167 0.012531
0 0.005000 0.006266 0.010000 0.012531
0 0.005000 0.006266 0.010000 0.012531
0 0.004583 0.006266 0.009167 0.012531
0 0.004583 0.006266 0.009167 0.012531
0 0.005000 0.006892 0.010000 0.013784
0 0.004583 0.006266 0.009167 0.012531
0 0.004583 0.006892 0.009167 0.013784
0 0.004583 0.006266 0.009167 0.012531
0 0.004583 0.006892 0.009167 0.013784
0 0.004583 0.006892 0.009167 0.013784
0 0.004583 0.006266 0.009167 0.012531
0 0.004583 0.006892 0.009167 0.013784
0 0.004583 0.006892 0.009167 0.013784
0 0.004583 0.006892 0.009167 0.013784
0 0.004583 0.006266 0.009167 0.012531
0 0.004583 0.006266 0.009167 0.012531
0 0.004583 0.006892 0.009167 0.013784
0 0.005000 0.006266 0.010000 0.012531
0 0.004583 0.006892 0.009167 0.013784
0 0.004583 0.006892 0.009167 0.013784
0 0.004583 0.006266 0.009167 0.012531
0 0.004583 0.006266 0.009167 0.012531
0 0.004583 0.006266 0.009167 0.012531
0 0.004583 0.006266 0.009167 0.012531
0 0.004583 0.006266 0.009167 0.012531
0 0.004583 0.006892 0.009167 0.013784
0 0.004583 0.006266 0.009167 0.012531
0 0.004583 0.006892 0.009167 0.013784
0 0.004583 0.006266 0.009167 0.012531
0 0.004583 0.006892 0.009167 0.013784
0 0.004583 0.006892 0.009167 0.013784
0 0.005000 0.006266 0.010000 0.012531
0 0.004583 0.006266 0.009167 0.012531
0 0.004583 0.006892 0.009167 0.013784
0 0.004583 0.006266 0.009167 0.012531
0 0.004583 0.006266 0.009167 0.012531
0 0.004583 0.006266 0.009167 0.012531
0 0.004583 0.006892 0.009167 0.013784
0 0.004583 0.006892 0.009167 0.013784
0 0.005000 0.006266 0.010000 0.012531
0 0.004583 0.006892 0.009167 0.013784
0 0.004583 0.006266 0.009167 0.012531
0 0.004583 0.006266 0.009167 0.012531
0 0.004583 0.006266 0.009167 0.012531
0 0.004583 0.006892 0.009167 0.013784
0 0.004583 0.006266 0.009167 0.012531
0 0.004583 0.006892 0.009167 0.013784
0 0.004583 0.006266 0.009167 0.012531
0 0.004583 0.006266 0.009167 0.012531
0 0.004583 0.006266 0.009167 0.012531
0 0.004583 0.006892 0.009167 0.013784
0 0.004583 0.006892 0.009167 0.013784
0 0.004583 0.006266 0.009167 0.012531
0 0.004583 0.006266 0.009167 0.012531
0 0.004583 0.006892 0.009167 0.013784
0 0.004583 0.006892 0.009167 0.013784
0 0.004583 0.006266 0.009167 0.012531
0 0.004583 0.006266 0.009167 0.012531
0 0.004583 0.006892 0.009167 0.013784
0 0.004583 0.006892 0.009167 0.013784
0 0.004583 0.006892 0.009167 0.013784
0 0.004583 0.006266 0.009167 0.012531
0 0.004583 0.006892 0.009167 0.013784
0 0.004583 0.006892 0.009167 0.013784
0 0.004583 0.006266 0.009167 0.012531
0 0.005000 0.006892 0.010000 0.013784
0 0.004583 0.006892 0.009167 0.013784
0 0.004583 0.006266 0.009167 0.012531
0 0.004583 0.006892 0.009167 0.013784
0 0.005000 0.006266 0.010000 0.012531
0 0.005000 0.006892 0.010000 0.013784
0 0.004583 0.006892 0.009167 0.013784
0 0.004583 0.006892 0.009167 0.013784
0 0.004583 0.006266 0.009167 0.012531
0 0.004583 0.006266 0.009167 0.012531
0 0.004583 0.006892 0.009167 0.013784
0 0.004583 0.006266 0.009167 0.012531
0 0.004583 0.006266 0.009167 0.012531
0 0.004583 0.006892 0.009167 0.013784
0 0.004583 0.006892 0.009167 0.013784
0 0.004583 0.006892 0.009167 0.013784
0 0.004583 0.006892 0.009167 0.013784
0 0.004583 0.006892 0.009167 0.013784
0 0.004583 0.006892 0.009167 0.013784
0 0.004583 0.006266 0.009167 0.012531
0 0.004583 0.006266 0.009167 0.012531
0 0.004583 0.006892 0.009167 0.013784
0 0.004583 0.006892 0.009167 0.013784
0 0.004583 0.006892 0.009167 0.013784
0 0.004583 0.006266 0.009167 0.012531
0 0.004583 0.006266 0.009167 0.012531
0 0.004583 0.006266 0.009167 0.012531
0 0.004583 0.006266 0.009167 0.012531
0 0.004583 0.006892 0.009167 0.013784
0 0.004583 0.006892 0.009167 0.013784
0 0.004583 0.006266 0.009167 0.012531
0 0.004583 0.006892 0.009167 0.013784
0 0.004583 0.006892 0.009167 0.013784
0 0.004583 0.006266 0.009167 0.012531
0 0.004583 0.006266 0.009167 0.012531
0 0.004583 0.006266 0.009167 0.012531
0 0.004583 0.006892 0.009167 0.013784
0 0.004583 0.006892 0.009167 0.013784
0 0.004583 0.006266 0.009167 0.012531
0 0.004583 0.006892 0.009167 0.013784
0 0.004583 0.006266 0.009167 0.012531
0 0.004583 0.006892 0.009167 0.013784
0 0.005000 0.006266 0.010000 0.012531
0 0.004583 0.006892 0.009167 0.013784
0 0.004583 0.006892 0.009167 0.013784
0 0.004583 0.006266 0.009167 0.012531
0 0.004583 0.006266 0.009167 0.012531
0 0.004583 0.006266 0.009167 0.012531
0 0.004583 0.006892 0.009167 0.013784
0 0.004583 0.006266 0.009167 0.012531
0 0.004583 0.006892 0.009167 0.013784
0 0.005000 0.006892 0.010000 0.013784
0 0.004583 0.006892 0.009167 0.013784
0 0.004583 0.006892 0.009167 0.013784