0 0.005729 0.008423 0.011458 0.016845
0 0.005729 0.008423 0.011458 0.016845
0 0.005729 0.008423 0.011458 0.016845
0 0.005729 0.007657 0.011458 0.015314
0 0.005729 0.008423 0.011458 0.016845
0 0.005729 0.008423 0.011458 0.016845
0 0.005729 0.008423 0.011458 0.016845
0 0.005729 0.008423 0.011458 0.016845
0 0.005729 0.008423 0.011458 0.016845
0 0.005729 0.008423 0.011458 0.016845
0 0.005729 0.008423 0.011458 0.016845
0 0.005729 0.007657 0.011458 0.015314
0 0.005729 0.008423 0.011458 0.016845
0 0.005729 0.008423 0.011458 0.016845
0 0.005729 0.007657 0.011458 0.015314
0 0.005729 0.008423 0.011458 0.016845
0 0.005729 0.008423 0.011458 0.016845
0 0.005729 0.007657 0.011458 0.015314
0 0.005729 0.008423 0.011458 0.016845
0 0.005729 0.007657 0.011458 0.015314
0 0.005729 0.007657 0.011458 0.015314
0 0.005729 0.008423 0.011458 0.016845
0 0.005729 0.008423 0.011458 0.016845
0 0.005729 0.008423 0.011458 0.016845
0 0.005729 0.008423 0.011458 0.016845
0 0.005729 0.008423 0.011458 0.016845
0 0.005729 0.008423 0.011458 0.016845
0 0.005729 0.008423 0.011458 0.016845
0 0.005729 0.008423 0.011458 0.016845
0 0.005729 0.007657 0.011458 0.015314
0 0.005729 0.008423 0.011458 0.016845
0 0.005729 0.008423 0.011458 0.016845
0 0.005729 0.008423 0.011458 0.016845
0 0.005729 0.008423 0.011458 0.016845
0 0.005729 0.008423 0.011458 0.016845
0 0.005729 0.008423 0.011458 0.016845
0 0.005729 0.007657 0.011458 0.015314
0 0.005729 0.007657 0.011458 0.015314
0 0.005729 0.008423 0.011458 0.016845
0 0.005729 0.008423 0.011458 0.016845
0 0.005729 0.008423 0.011458 0.016845
0 0.005729 0.008423 0.011458 0.016845
0 0.005729 0.008423 0.011458 0.016845
0 0.005729 0.007657 0.011458 0.015314
0 0.005729 0.008423 0.011458 0.016845
0 0.005729 0.008423 0.011458 0.016845
0 0.005729 0.008423 0.011458 0.016845
0 0.005729 0.008423 0.011458 0.016845
0 0.005729 0.008423 0.011458 0.016845
0 0.005729 0.008423 0.011458 0.016845
0 0.005729 0.008423 0.011458 0.016845
0 0.005729 0.008423 0.011458 0.016845
0 0.005729 0.008423 0.011458 0.016845
0 0.005729 0.008423 0.011458 0.016845
0 0.005729 0.008423 0.011458 0.016845
0 0.005729 0.008423 0.011458 0.016845
0 0.005729 0.008423 0.011458 0.016845
0 0.005729 0.008423 0.011458 0.016845
0 0.005729 0.008423 0.011458 0.016845
0 0.005729 0.008423 0.011458 0.016845
0 0.005729 0.008423 0.011458 0.016845
0 0.005729 0.007657 0.011458 0.015314
0 0.005729 0.008423 0.011458 0.016845
0 0.005729 0.008423 0.011458 0.016845
0 0.005729 0.008423 0.011458 0.016845
0 0.005729 0.008423 0.011458 0.016845
0 0.005729 0.008423 0.011458 0.016845
0 0.005729 0.008423 0.011458 0.016845
0 0.005729 0.008423 0.011458 0.016845
0 0.005729 0.008423 0.011458 0.016845
0 0.005729 0.007657 0.011458 0.015314