0 0.005500 0.007541 0.011000 0.015083
0 0.005500 0.007541 0.011000 0.015083
0 0.005500 0.007541 0.011000 0.015083
0 0.005500 0.007541 0.011000 0.015083
0 0.005500 0.007541 0.011000 0.015083
0 0.005500 0.007541 0.011000 0.015083
0 0.005500 0.007541 0.011000 0.015083
0 0.005500 0.007541 0.011000 0.015083
0 0.005500 0.007541 0.011000 0.015083
0 0.005500 0.007541 0.011000 0.015083
0 0.005500 0.007541 0.011000 0.015083
0 0.005500 0.007541 0.011000 0.015083
0 0.005500 0.007541 0.011000 0.015083
0 0.005500 0.007541 0.011000 0.015083
0 0.005500 0.007541 0.011000 0.015083
0 0.005500 0.007541 0.011000 0.015083
0 0.005500 0.007541 0.011000 0.015083
0 0.005500 0.007541 0.011000 0.015083
0 0.005500 0.007541 0.011000 0.015083
0 0.005500 0.007541 0.011000 0.015083
0 0.005500 0.007541 0.011000 0.015083
0 0.005500 0.007541 0.011000 0.015083
0 0.005500 0.007541 0.011000 0.015083
0 0.005500 0.007541 0.011000 0.015083
0 0.005500 0.007541 0.011000 0.015083
0 0.005500 0.007541 0.011000 0.015083
0 0.005500 0.007541 0.011000 0.015083