0 0.004297 0.005729 0.008594 0.011458
0 0.004297 0.005208 0.008594 0.010417
0 0.004297 0.005208 0.008594 0.010417
0 0.004297 0.005208 0.008594 0.010417
0 0.004297 0.005729 0.008594 0.011458
0 0.004297 0.005208 0.008594 0.010417
0 0.004297 0.005729 0.008594 0.011458
0 0.004297 0.005729 0.008594 0.011458
0 0.004297 0.005729 0.008594 0.011458
0 0.004297 0.005208 0.008594 0.010417
0 0.004297 0.005729 0.008594 0.011458
0 0.004297 0.005208 0.008594 0.010417
0 0.004297 0.005208 0.008594 0.010417
0 0.004297 0.005208 0.008594 0.010417
0 0.004297 0.005208 0.008594 0.010417
0 0.004297 0.005208 0.008594 0.010417
0 0.005078 0.005208 0.010156 0.010417
0 0.004297 0.005208 0.008594 0.010417
0 0.005078 0.005208 0.010156 0.010417
0 0.004297 0.005208 0.008594 0.010417
0 0.004297 0.005208 0.008594 0.010417
0 0.004297 0.005729 0.008594 0.011458
0 0.004297 0.005208 0.008594 0.010417
0 0.004297 0.005729 0.008594 0.011458
0 0.004297 0.005208 0.008594 0.010417
0 0.004297 0.005729 0.008594 0.011458
0 0.004297 0.005208 0.008594 0.010417
0 0.004297 0.005729 0.008594 0.011458
0 0.004297 0.005208 0.008594 0.010417
0 0.004297 0.005208 0.008594 0.010417
0 0.004297 0.005208 0.008594 0.010417
0 0.004297 0.005208 0.008594 0.010417
0 0.004297 0.005208 0.008594 0.010417
0 0.004297 0.005208 0.008594 0.010417
0 0.004297 0.005208 0.008594 0.010417
0 0.004297 0.005208 0.008594 0.010417
0 0.004297 0.005729 0.008594 0.011458
0 0.004297 0.005208 0.008594 0.010417
0 0.004297 0.005208 0.008594 0.010417
0 0.004297 0.005208 0.008594 0.010417
0 0.004297 0.005208 0.008594 0.010417
0 0.004297 0.005208 0.008594 0.010417
0 0.004297 0.005208 0.008594 0.010417
0 0.004297 0.005208 0.008594 0.010417
0 0.004297 0.005208 0.008594 0.010417
0 0.004297 0.005208 0.008594 0.010417
0 0.004297 0.005208 0.008594 0.010417
0 0.004297 0.005208 0.008594 0.010417
0 0.004297 0.005729 0.008594 0.011458
0 0.004297 0.005208 0.008594 0.010417
0 0.004297 0.005729 0.008594 0.011458
0 0.004297 0.005729 0.008594 0.011458
0 0.004297 0.005208 0.008594 0.010417
0 0.004297 0.005208 0.008594 0.010417
0 0.004297 0.005208 0.008594 0.010417
0 0.004297 0.005729 0.008594 0.011458
0 0.004297 0.005208 0.008594 0.010417
0 0.004297 0.005208 0.008594 0.010417
0 0.004297 0.005729 0.008594 0.011458
0 0.004297 0.005729 0.008594 0.011458
0 0.004297 0.005208 0.008594 0.010417
0 0.004297 0.005208 0.008594 0.010417