0 0.005371 0.007310 0.010742 0.014620
0 0.005371 0.007310 0.010742 0.014620
0 0.005371 0.007310 0.010742 0.014620
0 0.005371 0.007310 0.010742 0.014620
0 0.005371 0.007310 0.010742 0.014620
0 0.005371 0.007310 0.010742 0.014620
0 0.005371 0.007310 0.010742 0.014620
0 0.005371 0.007310 0.010742 0.014620
0 0.005371 0.007310 0.010742 0.014620
0 0.005371 0.007310 0.010742 0.014620
0 0.005371 0.007310 0.010742 0.014620
0 0.005371 0.007310 0.010742 0.014620
0 0.005371 0.007310 0.010742 0.014620
0 0.005371 0.007310 0.010742 0.014620
0 0.005371 0.007310 0.010742 0.014620
0 0.005371 0.007310 0.010742 0.014620
0 0.005371 0.007310 0.010742 0.014620
0 0.005371 0.007310 0.010742 0.014620
0 0.005371 0.007310 0.010742 0.014620
0 0.005371 0.007310 0.010742 0.014620
0 0.005371 0.007310 0.010742 0.014620
0 0.005371 0.007310 0.010742 0.014620
0 0.005371 0.007310 0.010742 0.014620
0 0.005371 0.007310 0.010742 0.014620
0 0.005371 0.007310 0.010742 0.014620
0 0.005371 0.007310 0.010742 0.014620
0 0.005371 0.007310 0.010742 0.014620
0 0.005371 0.007310 0.010742 0.014620
0 0.005371 0.007310 0.010742 0.014620
0 0.005859 0.007310 0.011719 0.014620
0 0.005371 0.007310 0.010742 0.014620
0 0.005371 0.007310 0.010742 0.014620
0 0.005371 0.007310 0.010742 0.014620
0 0.005371 0.007310 0.010742 0.014620
0 0.005371 0.007310 0.010742 0.014620
0 0.005371 0.007310 0.010742 0.014620
0 0.005371 0.007310 0.010742 0.014620
0 0.005371 0.007310 0.010742 0.014620
0 0.005371 0.007310 0.010742 0.014620
0 0.005371 0.007310 0.010742 0.014620
0 0.005371 0.007310 0.010742 0.014620
0 0.005371 0.007310 0.010742 0.014620
0 0.005371 0.007310 0.010742 0.014620
0 0.005371 0.007310 0.010742 0.014620
0 0.005371 0.007310 0.010742 0.014620
0 0.005371 0.007310 0.010742 0.014620
0 0.005371 0.007310 0.010742 0.014620
0 0.005371 0.007310 0.010742 0.014620
0 0.005371 0.007310 0.010742 0.014620
0 0.005371 0.007310 0.010742 0.014620
0 0.005371 0.007310 0.010742 0.014620
0 0.005371 0.007310 0.010742 0.014620
0 0.005371 0.007310 0.010742 0.014620
0 0.005371 0.007310 0.010742 0.014620
0 0.005371 0.007310 0.010742 0.014620
0 0.005371 0.007310 0.010742 0.014620
0 0.005371 0.007310 0.010742 0.014620
0 0.005371 0.007310 0.010742 0.014620
0 0.005371 0.007310 0.010742 0.014620
0 0.005371 0.007310 0.010742 0.014620
0 0.005371 0.007310 0.010742 0.014620
0 0.005371 0.007310 0.010742 0.014620
0 0.005371 0.007310 0.010742 0.014620
0 0.005371 0.007310 0.010742 0.014620
0 0.005371 0.007310 0.010742 0.014620
0 0.005371 0.007310 0.010742 0.014620
0 0.005859 0.007310 0.011719 0.014620
0 0.005371 0.007310 0.010742 0.014620
0 0.005371 0.007310 0.010742 0.014620
0 0.005371 0.007310 0.010742 0.014620
0 0.005371 0.007310 0.010742 0.014620
0 0.005371 0.007310 0.010742 0.014620
0 0.005371 0.007310 0.010742 0.014620
0 0.005371 0.007310 0.010742 0.014620
0 0.005371 0.007310 0.010742 0.014620