0 0.007333 0.011933 0.014667 0.023866
0 0.007333 0.011933 0.014667 0.023866
0 0.007333 0.011933 0.014667 0.023866
0 0.007333 0.011933 0.014667 0.023866
0 0.008667 0.011933 0.017333 0.023866
0 0.007333 0.011933 0.014667 0.023866
0 0.007333 0.011933 0.014667 0.023866
0 0.007333 0.011933 0.014667 0.023866
0 0.007333 0.011933 0.014667 0.023866
0 0.007333 0.011933 0.014667 0.023866
0 0.007333 0.011933 0.014667 0.023866
0 0.007333 0.011933 0.014667 0.023866
0 0.007333 0.011933 0.014667 0.023866
0 0.007333 0.011933 0.014667 0.023866
0 0.007333 0.011933 0.014667 0.023866
0 0.007333 0.011933 0.014667 0.023866
0 0.008667 0.011933 0.017333 0.023866
0 0.007333 0.011933 0.014667 0.023866
0 0.007333 0.011933 0.014667 0.023866
0 0.007333 0.011933 0.014667 0.023866
0 0.007333 0.011933 0.014667 0.023866