0 0.002689 0.006793 0.005379 0.013587
0 0.002689 0.007473 0.005379 0.014946
0 0.002689 0.007473 0.005379 0.014946
0 0.002689 0.006793 0.005379 0.013587
0 0.002689 0.006793 0.005379 0.013587
0 0.002689 0.006793 0.005379 0.013587
0 0.002689 0.006793 0.005379 0.013587
0 0.002689 0.006793 0.005379 0.013587
0 0.002689 0.006793 0.005379 0.013587
0 0.002689 0.006793 0.005379 0.013587
0 0.002689 0.007473 0.005379 0.014946
0 0.002689 0.007473 0.005379 0.014946
0 0.002689 0.007473 0.005379 0.014946
0 0.002689 0.007473 0.005379 0.014946
0 0.002689 0.007473 0.005379 0.014946
0 0.002689 0.006793 0.005379 0.013587
0 0.002689 0.006793 0.005379 0.013587
0 0.002689 0.007473 0.005379 0.014946
0 0.002689 0.007473 0.005379 0.014946
0 0.002689 0.006793 0.005379 0.013587
0 0.002689 0.006793 0.005379 0.013587
0 0.002689 0.007473 0.005379 0.014946
0 0.002934 0.006793 0.005868 0.013587
0 0.002689 0.006793 0.005379 0.013587
0 0.002689 0.006793 0.005379 0.013587
0 0.002689 0.007473 0.005379 0.014946
0 0.002689 0.006793 0.005379 0.013587
0 0.002689 0.006793 0.005379 0.013587
0 0.002689 0.007473 0.005379 0.014946
0 0.002689 0.006793 0.005379 0.013587
0 0.002689 0.006793 0.005379 0.013587
0 0.002689 0.007473 0.005379 0.014946
0 0.002689 0.007473 0.005379 0.014946
0 0.002689 0.006793 0.005379 0.013587
0 0.002689 0.007473 0.005379 0.014946
0 0.002934 0.006793 0.005868 0.013587
0 0.002689 0.006793 0.005379 0.013587
0 0.002689 0.007473 0.005379 0.014946
0 0.002689 0.007473 0.005379 0.014946
0 0.002689 0.006793 0.005379 0.013587
0 0.002689 0.006793 0.005379 0.013587
0 0.002689 0.006793 0.005379 0.013587
0 0.002689 0.007473 0.005379 0.014946
0 0.002689 0.007473 0.005379 0.014946
0 0.002934 0.006793 0.005868 0.013587
0 0.002689 0.007473 0.005379 0.014946
0 0.002689 0.007473 0.005379 0.014946
0 0.002689 0.006793 0.005379 0.013587
0 0.002689 0.007473 0.005379 0.014946
0 0.002689 0.006793 0.005379 0.013587
0 0.002689 0.006793 0.005379 0.013587
0 0.002689 0.007473 0.005379 0.014946
0 0.002689 0.006793 0.005379 0.013587
0 0.002689 0.007473 0.005379 0.014946
0 0.002689 0.006793 0.005379 0.013587
0 0.002689 0.006793 0.005379 0.013587
0 0.002689 0.006793 0.005379 0.013587
0 0.002689 0.006793 0.005379 0.013587
0 0.002689 0.006793 0.005379 0.013587
0 0.002934 0.006793 0.005868 0.013587
0 0.002689 0.006793 0.005379 0.013587
0 0.002689 0.006793 0.005379 0.013587
0 0.002689 0.007473 0.005379 0.014946
0 0.002689 0.006793 0.005379 0.013587
0 0.002689 0.006793 0.005379 0.013587
0 0.002689 0.006793 0.005379 0.013587
0 0.002689 0.006793 0.005379 0.013587
0 0.002689 0.007473 0.005379 0.014946
0 0.002689 0.007473 0.005379 0.014946
0 0.002689 0.007473 0.005379 0.014946
0 0.002689 0.007473 0.005379 0.014946
0 0.002689 0.006793 0.005379 0.013587
0 0.002689 0.007473 0.005379 0.014946
0 0.002689 0.006793 0.005379 0.013587
0 0.002689 0.007473 0.005379 0.014946
0 0.002689 0.006793 0.005379 0.013587
0 0.002689 0.007473 0.005379 0.014946
0 0.002689 0.006793 0.005379 0.013587
0 0.002689 0.007473 0.005379 0.014946
0 0.002689 0.007473 0.005379 0.014946
0 0.002689 0.006793 0.005379 0.013587