0 0.001435 0.001969 0.002871 0.003937
0 0.001435 0.002165 0.002871 0.004331
0 0.001435 0.001969 0.002871 0.003937
0 0.001435 0.001969 0.002871 0.003937
0 0.001435 0.001969 0.002871 0.003937
0 0.001435 0.001969 0.002871 0.003937
0 0.001435 0.001969 0.002871 0.003937
0 0.001435 0.001969 0.002871 0.003937
0 0.001435 0.001969 0.002871 0.003937
0 0.001435 0.002165 0.002871 0.004331
0 0.001435 0.002165 0.002871 0.004331
0 0.001435 0.001969 0.002871 0.003937
0 0.001435 0.001969 0.002871 0.003937
0 0.001435 0.001969 0.002871 0.003937
0 0.001696 0.001969 0.003392 0.003937
0 0.001435 0.001969 0.002871 0.003937
0 0.001435 0.001969 0.002871 0.003937
0 0.001435 0.002165 0.002871 0.004331
0 0.001435 0.001969 0.002871 0.003937
0 0.001435 0.001969 0.002871 0.003937
0 0.001435 0.002165 0.002871 0.004331
0 0.001435 0.001969 0.002871 0.003937
0 0.001435 0.002165 0.002871 0.004331
0 0.001435 0.001969 0.002871 0.003937
0 0.001435 0.002165 0.002871 0.004331
0 0.001435 0.001969 0.002871 0.003937
0 0.001435 0.001969 0.002871 0.003937
0 0.001435 0.001969 0.002871 0.003937
0 0.001435 0.001969 0.002871 0.003937
0 0.001435 0.002165 0.002871 0.004331
0 0.001435 0.001969 0.002871 0.003937
0 0.001435 0.002165 0.002871 0.004331
0 0.001435 0.001969 0.002871 0.003937
0 0.001435 0.001969 0.002871 0.003937
0 0.001435 0.001969 0.002871 0.003937
0 0.001435 0.001969 0.002871 0.003937
0 0.001435 0.002165 0.002871 0.004331
0 0.001435 0.001969 0.002871 0.003937
0 0.001435 0.002165 0.002871 0.004331
0 0.001435 0.001969 0.002871 0.003937
0 0.001696 0.001969 0.003392 0.003937
0 0.001435 0.002165 0.002871 0.004331
0 0.001435 0.001969 0.002871 0.003937
0 0.001435 0.002165 0.002871 0.004331
0 0.001435 0.001969 0.002871 0.003937
0 0.001435 0.001969 0.002871 0.003937
0 0.001435 0.001969 0.002871 0.003937
0 0.001435 0.001969 0.002871 0.003937
0 0.001696 0.002165 0.003392 0.004331
0 0.001696 0.002165 0.003392 0.004331
0 0.001435 0.002165 0.002871 0.004331
0 0.001435 0.002165 0.002871 0.004331
0 0.001435 0.001969 0.002871 0.003937
0 0.001435 0.002165 0.002871 0.004331
0 0.001696 0.001969 0.003392 0.003937
0 0.001435 0.001969 0.002871 0.003937
0 0.001435 0.001969 0.002871 0.003937
0 0.001435 0.001969 0.002871 0.003937
0 0.001435 0.002165 0.002871 0.004331
0 0.001435 0.002165 0.002871 0.004331
0 0.001435 0.002165 0.002871 0.004331
0 0.001435 0.002165 0.002871 0.004331
0 0.001435 0.001969 0.002871 0.003937
0 0.001435 0.001969 0.002871 0.003937
0 0.001435 0.002165 0.002871 0.004331
0 0.001435 0.002165 0.002871 0.004331
0 0.001435 0.001969 0.002871 0.003937
0 0.001435 0.002165 0.002871 0.004331
0 0.001435 0.002165 0.002871 0.004331
0 0.001435 0.001969 0.002871 0.003937
0 0.001435 0.002165 0.002871 0.004331
0 0.001435 0.002165 0.002871 0.004331
0 0.001435 0.002165 0.002871 0.004331
0 0.001435 0.002165 0.002871 0.004331
0 0.001435 0.002165 0.002871 0.004331
0 0.001435 0.002165 0.002871 0.004331
0 0.001435 0.001969 0.002871 0.003937
0 0.001435 0.002165 0.002871 0.004331
0 0.001435 0.001969 0.002871 0.003937
0 0.001435 0.001969 0.002871 0.003937
0 0.001435 0.001969 0.002871 0.003937
0 0.001435 0.001969 0.002871 0.003937
0 0.001435 0.001969 0.002871 0.003937
0 0.001435 0.002165 0.002871 0.004331
0 0.001435 0.001969 0.002871 0.003937
0 0.001435 0.002165 0.002871 0.004331
0 0.001435 0.002165 0.002871 0.004331
0 0.001435 0.002165 0.002871 0.004331
0 0.001435 0.001969 0.002871 0.003937
0 0.001435 0.001969 0.002871 0.003937
0 0.001435 0.002165 0.002871 0.004331
0 0.001435 0.001969 0.002871 0.003937
0 0.001435 0.001969 0.002871 0.003937
0 0.001435 0.001969 0.002871 0.003937
0 0.001435 0.001969 0.002871 0.003937
0 0.001435 0.002165 0.002871 0.004331
0 0.001696 0.001969 0.003392 0.003937
0 0.001435 0.002165 0.002871 0.004331
0 0.001435 0.002165 0.002871 0.004331
0 0.001435 0.001969 0.002871 0.003937
0 0.001435 0.001969 0.002871 0.003937
0 0.001435 0.002165 0.002871 0.004331
0 0.001435 0.001969 0.002871 0.003937
0 0.001435 0.001969 0.002871 0.003937
0 0.001435 0.001969 0.002871 0.003937
0 0.001435 0.002165 0.002871 0.004331
0 0.001435 0.001969 0.002871 0.003937
0 0.001435 0.002165 0.002871 0.004331
0 0.001435 0.001969 0.002871 0.003937
0 0.001435 0.001969 0.002871 0.003937
0 0.001435 0.002165 0.002871 0.004331
0 0.001696 0.001969 0.003392 0.003937
0 0.001435 0.002165 0.002871 0.004331
0 0.001435 0.001969 0.002871 0.003937
0 0.001435 0.002165 0.002871 0.004331
0 0.001435 0.002165 0.002871 0.004331
0 0.001435 0.001969 0.002871 0.003937
0 0.001435 0.001969 0.002871 0.003937
0 0.001435 0.001969 0.002871 0.003937
0 0.001435 0.002165 0.002871 0.004331
0 0.001435 0.001969 0.002871 0.003937
0 0.001435 0.001969 0.002871 0.003937
0 0.001435 0.001969 0.002871 0.003937
0 0.001435 0.001969 0.002871 0.003937
0 0.001435 0.001969 0.002871 0.003937
0 0.001435 0.002165 0.002871 0.004331
0 0.001435 0.002165 0.002871 0.004331
0 0.001435 0.001969 0.002871 0.003937
0 0.001435 0.001969 0.002871 0.003937
0 0.001435 0.001969 0.002871 0.003937
0 0.001435 0.001969 0.002871 0.003937
0 0.001435 0.001969 0.002871 0.003937
0 0.001435 0.001969 0.002871 0.003937
0 0.001435 0.001969 0.002871 0.003937
0 0.001435 0.002165 0.002871 0.004331
0 0.001435 0.001969 0.002871 0.003937
0 0.001435 0.002165 0.002871 0.004331
0 0.001435 0.002165 0.002871 0.004331
0 0.001435 0.001969 0.002871 0.003937
0 0.001435 0.001969 0.002871 0.003937
0 0.001435 0.001969 0.002871 0.003937
0 0.001435 0.002165 0.002871 0.004331
0 0.001435 0.002165 0.002871 0.004331
0 0.001435 0.001969 0.002871 0.003937
0 0.001435 0.001969 0.002871 0.003937
0 0.001435 0.001969 0.002871 0.003937
0 0.001435 0.001969 0.002871 0.003937
0 0.001435 0.001969 0.002871 0.003937
0 0.001435 0.001969 0.002871 0.003937
0 0.001435 0.001969 0.002871 0.003937
0 0.001435 0.001969 0.002871 0.003937
0 0.001435 0.002165 0.002871 0.004331
0 0.001435 0.002165 0.002871 0.004331
0 0.001696 0.001969 0.003392 0.003937
0 0.001435 0.001969 0.002871 0.003937
0 0.001435 0.001969 0.002871 0.003937
0 0.001435 0.001969 0.002871 0.003937
0 0.001435 0.001969 0.002871 0.003937
0 0.001435 0.001969 0.002871 0.003937
0 0.001435 0.002165 0.002871 0.004331
0 0.001435 0.002165 0.002871 0.004331
0 0.001696 0.001969 0.003392 0.003937
0 0.001435 0.002165 0.002871 0.004331
0 0.001435 0.001969 0.002871 0.003937
0 0.001435 0.002165 0.002871 0.004331
0 0.001435 0.002165 0.002871 0.004331
0 0.001435 0.001969 0.002871 0.003937
0 0.001435 0.001969 0.002871 0.003937
0 0.001435 0.001969 0.002871 0.003937
0 0.001435 0.001969 0.002871 0.003937
0 0.001435 0.001969 0.002871 0.003937
0 0.001435 0.001969 0.002871 0.003937
0 0.001435 0.001969 0.002871 0.003937
0 0.001435 0.002165 0.002871 0.004331
0 0.001435 0.002165 0.002871 0.004331
0 0.001435 0.001969 0.002871 0.003937
0 0.001435 0.001969 0.002871 0.003937
0 0.001435 0.002165 0.002871 0.004331
0 0.001435 0.002165 0.002871 0.004331
0 0.001435 0.001969 0.002871 0.003937
0 0.001435 0.001969 0.002871 0.003937
0 0.001435 0.001969 0.002871 0.003937
0 0.001696 0.001969 0.003392 0.003937
0 0.001435 0.001969 0.002871 0.003937
0 0.001435 0.002165 0.002871 0.004331
0 0.001435 0.001969 0.002871 0.003937
0 0.001435 0.002165 0.002871 0.004331
0 0.001435 0.002165 0.002871 0.004331
0 0.001435 0.002165 0.002871 0.004331
0 0.001435 0.001969 0.002871 0.003937
0 0.001435 0.002165 0.002871 0.004331
0 0.001435 0.002165 0.002871 0.004331
0 0.001435 0.001969 0.002871 0.003937
0 0.001435 0.001969 0.002871 0.003937
0 0.001435 0.002165 0.002871 0.004331
0 0.001435 0.001969 0.002871 0.003937
0 0.001435 0.001969 0.002871 0.003937
0 0.001435 0.001969 0.002871 0.003937