0 0.008462 0.015625 0.016923 0.031250
0 0.008462 0.017188 0.016923 0.034375
0 0.008462 0.015625 0.016923 0.031250
0 0.008462 0.015625 0.016923 0.031250
0 0.008462 0.015625 0.016923 0.031250
0 0.008462 0.017188 0.016923 0.034375
0 0.008462 0.017188 0.016923 0.034375
0 0.008462 0.015625 0.016923 0.031250
0 0.008462 0.017188 0.016923 0.034375
0 0.008462 0.015625 0.016923 0.031250
0 0.008462 0.017188 0.016923 0.034375
0 0.008462 0.017188 0.016923 0.034375
0 0.008462 0.015625 0.016923 0.031250
0 0.008462 0.017188 0.016923 0.034375
0 0.008462 0.017188 0.016923 0.034375
0 0.008462 0.015625 0.016923 0.031250
0 0.008462 0.015625 0.016923 0.031250
0 0.008462 0.017188 0.016923 0.034375
0 0.008462 0.017188 0.016923 0.034375
0 0.008462 0.017188 0.016923 0.034375
0 0.008462 0.015625 0.016923 0.031250
0 0.008462 0.017188 0.016923 0.034375
0 0.008462 0.015625 0.016923 0.031250
0 0.008462 0.015625 0.016923 0.031250
0 0.008462 0.017188 0.016923 0.034375
0 0.008462 0.015625 0.016923 0.031250
0 0.008462 0.015625 0.016923 0.031250
0 0.008462 0.015625 0.016923 0.031250
0 0.008462 0.017188 0.016923 0.034375
0 0.008462 0.015625 0.016923 0.031250
0 0.008462 0.015625 0.016923 0.031250
0 0.008462 0.015625 0.016923 0.031250
0 0.008462 0.015625 0.016923 0.031250
0 0.008462 0.015625 0.016923 0.031250
0 0.008462 0.017188 0.016923 0.034375
0 0.008462 0.017188 0.016923 0.034375
0 0.008462 0.015625 0.016923 0.031250
0 0.008462 0.015625 0.016923 0.031250
0 0.008462 0.015625 0.016923 0.031250
0 0.008462 0.015625 0.016923 0.031250
0 0.008462 0.017188 0.016923 0.034375