0 0.002865 0.004630 0.005729 0.009259
0 0.002865 0.004630 0.005729 0.009259
0 0.002865 0.005093 0.005729 0.010185
0 0.002865 0.004630 0.005729 0.009259
0 0.002865 0.004630 0.005729 0.009259
0 0.003125 0.004630 0.006250 0.009259
0 0.002865 0.005093 0.005729 0.010185
0 0.002865 0.004630 0.005729 0.009259
0 0.002865 0.004630 0.005729 0.009259
0 0.002865 0.004630 0.005729 0.009259
0 0.002865 0.004630 0.005729 0.009259
0 0.002865 0.004630 0.005729 0.009259
0 0.002865 0.004630 0.005729 0.009259
0 0.002865 0.004630 0.005729 0.009259
0 0.002865 0.004630 0.005729 0.009259
0 0.002865 0.004630 0.005729 0.009259
0 0.003125 0.004630 0.006250 0.009259
0 0.002865 0.004630 0.005729 0.009259
0 0.002865 0.004630 0.005729 0.009259
0 0.002865 0.004630 0.005729 0.009259
0 0.002865 0.004630 0.005729 0.009259
0 0.002865 0.004630 0.005729 0.009259
0 0.002865 0.004630 0.005729 0.009259
0 0.002865 0.005093 0.005729 0.010185
0 0.002865 0.005093 0.005729 0.010185
0 0.002865 0.004630 0.005729 0.009259