0 0.009259 0.012626 0.018519 0.025253
0 0.009259 0.012626 0.018519 0.025253
0 0.009259 0.012626 0.018519 0.025253
0 0.009259 0.013889 0.018519 0.027778
0 0.009259 0.012626 0.018519 0.025253
0 0.009259 0.012626 0.018519 0.025253
0 0.009259 0.012626 0.018519 0.025253
0 0.009259 0.013889 0.018519 0.027778
0 0.009259 0.012626 0.018519 0.025253
0 0.009259 0.012626 0.018519 0.025253
0 0.009259 0.012626 0.018519 0.025253
0 0.009259 0.012626 0.018519 0.025253
0 0.009259 0.012626 0.018519 0.025253
0 0.009259 0.012626 0.018519 0.025253
0 0.009259 0.012626 0.018519 0.025253
0 0.009259 0.012626 0.018519 0.025253
0 0.009259 0.012626 0.018519 0.025253
0 0.009259 0.012626 0.018519 0.025253
0 0.009259 0.013889 0.018519 0.027778
0 0.009259 0.012626 0.018519 0.025253
0 0.009259 0.012626 0.018519 0.025253
0 0.009259 0.012626 0.018519 0.025253
0 0.009259 0.012626 0.018519 0.025253
0 0.009259 0.012626 0.018519 0.025253
0 0.009259 0.012626 0.018519 0.025253
0 0.009259 0.012626 0.018519 0.025253