0 0.001552 0.002329 0.003105 0.004657
0 0.001552 0.002329 0.003105 0.004657
0 0.001552 0.002117 0.003105 0.004234
0 0.001552 0.002329 0.003105 0.004657
0 0.001552 0.002117 0.003105 0.004234
0 0.001552 0.002329 0.003105 0.004657
0 0.001552 0.002117 0.003105 0.004234
0 0.001552 0.002329 0.003105 0.004657
0 0.001552 0.002329 0.003105 0.004657
0 0.001552 0.002117 0.003105 0.004234
0 0.001552 0.002117 0.003105 0.004234
0 0.001552 0.002329 0.003105 0.004657
0 0.001552 0.002117 0.003105 0.004234
0 0.001552 0.002329 0.003105 0.004657
0 0.001552 0.002117 0.003105 0.004234
0 0.001552 0.002329 0.003105 0.004657
0 0.001552 0.002117 0.003105 0.004234
0 0.001552 0.002117 0.003105 0.004234
0 0.001552 0.002117 0.003105 0.004234
0 0.001552 0.002329 0.003105 0.004657
0 0.001552 0.002329 0.003105 0.004657
0 0.001552 0.002117 0.003105 0.004234
0 0.001552 0.002329 0.003105 0.004657
0 0.001552 0.002329 0.003105 0.004657
0 0.001552 0.002117 0.003105 0.004234