0 0.013750 0.017483 0.027500 0.034965
0 0.013750 0.017483 0.027500 0.034965
0 0.013750 0.017483 0.027500 0.034965
0 0.013750 0.017483 0.027500 0.034965
0 0.013750 0.017483 0.027500 0.034965
0 0.013750 0.017483 0.027500 0.034965
0 0.013750 0.017483 0.027500 0.034965
0 0.013750 0.017483 0.027500 0.034965
0 0.013750 0.017483 0.027500 0.034965
0 0.013750 0.017483 0.027500 0.034965
0 0.013750 0.019231 0.027500 0.038462
0 0.015000 0.017483 0.030000 0.034965
0 0.015000 0.017483 0.030000 0.034965
0 0.013750 0.017483 0.027500 0.034965
0 0.013750 0.017483 0.027500 0.034965
0 0.015000 0.017483 0.030000 0.034965
0 0.013750 0.017483 0.027500 0.034965
0 0.013750 0.019231 0.027500 0.038462
0 0.013750 0.017483 0.027500 0.034965
0 0.013750 0.017483 0.027500 0.034965
0 0.013750 0.017483 0.027500 0.034965
0 0.013750 0.017483 0.027500 0.034965
0 0.013750 0.017483 0.027500 0.034965
0 0.013750 0.017483 0.027500 0.034965
0 0.013750 0.017483 0.027500 0.034965
0 0.013750 0.017483 0.027500 0.034965
0 0.013750 0.019231 0.027500 0.038462
0 0.013750 0.017483 0.027500 0.034965
0 0.013750 0.017483 0.027500 0.034965
0 0.013750 0.019231 0.027500 0.038462
0 0.013750 0.019231 0.027500 0.038462
0 0.013750 0.017483 0.027500 0.034965
0 0.015000 0.017483 0.030000 0.034965
0 0.013750 0.017483 0.027500 0.034965
0 0.013750 0.019231 0.027500 0.038462
0 0.013750 0.017483 0.027500 0.034965
0 0.015000 0.017483 0.030000 0.034965
0 0.013750 0.019231 0.027500 0.038462
0 0.013750 0.019231 0.027500 0.038462
0 0.015000 0.017483 0.030000 0.034965
0 0.013750 0.017483 0.027500 0.034965
0 0.015000 0.017483 0.030000 0.034965