0 0.005371 0.007375 0.010742 0.014749
0 0.006348 0.007375 0.012695 0.014749
0 0.005371 0.007375 0.010742 0.014749
0 0.005371 0.007375 0.010742 0.014749
0 0.005371 0.007375 0.010742 0.014749
0 0.005371 0.007375 0.010742 0.014749
0 0.005371 0.007375 0.010742 0.014749
0 0.005371 0.007375 0.010742 0.014749
0 0.005371 0.007375 0.010742 0.014749
0 0.005371 0.007375 0.010742 0.014749
0 0.005371 0.007375 0.010742 0.014749
0 0.005371 0.007375 0.010742 0.014749
0 0.005371 0.007375 0.010742 0.014749
0 0.005371 0.007375 0.010742 0.014749
0 0.005371 0.007375 0.010742 0.014749
0 0.005371 0.007375 0.010742 0.014749
0 0.005371 0.007375 0.010742 0.014749
0 0.005371 0.007375 0.010742 0.014749
0 0.005371 0.007375 0.010742 0.014749
0 0.005371 0.007375 0.010742 0.014749
0 0.005371 0.007375 0.010742 0.014749
0 0.005371 0.007375 0.010742 0.014749
0 0.005371 0.007375 0.010742 0.014749