0 0.001488 0.001782 0.002977 0.003564
0 0.001624 0.001782 0.003248 0.003564
0 0.001488 0.001782 0.002977 0.003564
0 0.001488 0.001782 0.002977 0.003564
0 0.001488 0.001782 0.002977 0.003564
0 0.001488 0.001782 0.002977 0.003564
0 0.001624 0.001782 0.003248 0.003564
0 0.001488 0.001782 0.002977 0.003564
0 0.001488 0.001782 0.002977 0.003564
0 0.001488 0.001782 0.002977 0.003564
0 0.001488 0.001782 0.002977 0.003564
0 0.001488 0.001782 0.002977 0.003564
0 0.001488 0.001782 0.002977 0.003564
0 0.001488 0.001782 0.002977 0.003564