0 0.005729 0.010000 0.011458 0.020000
0 0.005729 0.010000 0.011458 0.020000
0 0.005729 0.010000 0.011458 0.020000
0 0.005729 0.010000 0.011458 0.020000
0 0.005729 0.010000 0.011458 0.020000
0 0.005729 0.010000 0.011458 0.020000
0 0.005729 0.010000 0.011458 0.020000
0 0.005729 0.010000 0.011458 0.020000
0 0.005729 0.010000 0.011458 0.020000
0 0.005729 0.010000 0.011458 0.020000
0 0.005729 0.010000 0.011458 0.020000
0 0.005729 0.010000 0.011458 0.020000
0 0.005729 0.010000 0.011458 0.020000
0 0.005729 0.010000 0.011458 0.020000
0 0.005729 0.010000 0.011458 0.020000
0 0.005729 0.010000 0.011458 0.020000
0 0.005729 0.010000 0.011458 0.020000
0 0.005729 0.010000 0.011458 0.020000
0 0.005729 0.010000 0.011458 0.020000
0 0.005729 0.010000 0.011458 0.020000
0 0.005729 0.010000 0.011458 0.020000