0 0.008580 0.006667 0.017161 0.013333
0 0.008580 0.006667 0.017161 0.013333
0 0.008580 0.006667 0.017161 0.013333
0 0.008580 0.006667 0.017161 0.013333
0 0.008580 0.006667 0.017161 0.013333
0 0.008580 0.006667 0.017161 0.013333
0 0.008580 0.006667 0.017161 0.013333
0 0.008580 0.006667 0.017161 0.013333
0 0.008580 0.006667 0.017161 0.013333
0 0.008580 0.006667 0.017161 0.013333
0 0.008580 0.006667 0.017161 0.013333
0 0.008580 0.006667 0.017161 0.013333
0 0.008580 0.006667 0.017161 0.013333
0 0.008580 0.006667 0.017161 0.013333
0 0.008580 0.006667 0.017161 0.013333
0 0.008580 0.006667 0.017161 0.013333
0 0.008580 0.006667 0.017161 0.013333
0 0.008580 0.006667 0.017161 0.013333
0 0.008580 0.006667 0.017161 0.013333
0 0.008580 0.006667 0.017161 0.013333
0 0.008580 0.006667 0.017161 0.013333
0 0.008580 0.006667 0.017161 0.013333
0 0.008580 0.006667 0.017161 0.013333
0 0.008580 0.006667 0.017161 0.013333
0 0.008580 0.006667 0.017161 0.013333
0 0.008580 0.006667 0.017161 0.013333
0 0.008580 0.006667 0.017161 0.013333
0 0.008580 0.006667 0.017161 0.013333
0 0.008580 0.006667 0.017161 0.013333
0 0.008580 0.006667 0.017161 0.013333
0 0.008580 0.006667 0.017161 0.013333
0 0.008580 0.006667 0.017161 0.013333
0 0.008580 0.006667 0.017161 0.013333
0 0.008580 0.006667 0.017161 0.013333
0 0.008580 0.006667 0.017161 0.013333
0 0.008580 0.006667 0.017161 0.013333
0 0.008580 0.006667 0.017161 0.013333
0 0.008580 0.006667 0.017161 0.013333
0 0.008580 0.006667 0.017161 0.013333
0 0.008580 0.006667 0.017161 0.013333