0 0.018333 0.027778 0.036667 0.055556
0 0.018333 0.027778 0.036667 0.055556
0 0.018333 0.027778 0.036667 0.055556
0 0.018333 0.027778 0.036667 0.055556
0 0.018333 0.027778 0.036667 0.055556
0 0.018333 0.027778 0.036667 0.055556
0 0.018333 0.027778 0.036667 0.055556
0 0.018333 0.027778 0.036667 0.055556
0 0.018333 0.027778 0.036667 0.055556
0 0.018333 0.027778 0.036667 0.055556
0 0.018333 0.027778 0.036667 0.055556
0 0.018333 0.030556 0.036667 0.061111
0 0.018333 0.027778 0.036667 0.055556
0 0.018333 0.027778 0.036667 0.055556
0 0.018333 0.027778 0.036667 0.055556
0 0.018333 0.027778 0.036667 0.055556
0 0.018333 0.027778 0.036667 0.055556
0 0.018333 0.027778 0.036667 0.055556
0 0.018333 0.027778 0.036667 0.055556
0 0.018333 0.027778 0.036667 0.055556
0 0.018333 0.027778 0.036667 0.055556
0 0.018333 0.027778 0.036667 0.055556