0 0.011957 0.014451 0.023913 0.028902
0 0.011957 0.015896 0.023913 0.031792
0 0.011957 0.015896 0.023913 0.031792
0 0.011957 0.014451 0.023913 0.028902
0 0.011957 0.014451 0.023913 0.028902
0 0.011957 0.015896 0.023913 0.031792
0 0.011957 0.015896 0.023913 0.031792
0 0.011957 0.015896 0.023913 0.031792
0 0.011957 0.015896 0.023913 0.031792
0 0.011957 0.015896 0.023913 0.031792
0 0.011957 0.015896 0.023913 0.031792
0 0.011957 0.014451 0.023913 0.028902
0 0.011957 0.015896 0.023913 0.031792
0 0.011957 0.014451 0.023913 0.028902
0 0.011957 0.014451 0.023913 0.028902
0 0.011957 0.014451 0.023913 0.028902
0 0.011957 0.015896 0.023913 0.031792
0 0.011957 0.014451 0.023913 0.028902
0 0.011957 0.015896 0.023913 0.031792
0 0.011957 0.015896 0.023913 0.031792
0 0.011957 0.015896 0.023913 0.031792
0 0.011957 0.015896 0.023913 0.031792
0 0.011957 0.015896 0.023913 0.031792
0 0.011957 0.014451 0.023913 0.028902
0 0.011957 0.015896 0.023913 0.031792
0 0.011957 0.014451 0.023913 0.028902
0 0.011957 0.014451 0.023913 0.028902
0 0.011957 0.015896 0.023913 0.031792
0 0.011957 0.015896 0.023913 0.031792
0 0.011957 0.015896 0.023913 0.031792
0 0.011957 0.015896 0.023913 0.031792
0 0.011957 0.014451 0.023913 0.028902
0 0.011957 0.014451 0.023913 0.028902
0 0.011957 0.014451 0.023913 0.028902
0 0.011957 0.015896 0.023913 0.031792
0 0.011957 0.015896 0.023913 0.031792
0 0.011957 0.015896 0.023913 0.031792
0 0.011957 0.015896 0.023913 0.031792
0 0.011957 0.014451 0.023913 0.028902
0 0.011957 0.015896 0.023913 0.031792
0 0.011957 0.014451 0.023913 0.028902
0 0.011957 0.014451 0.023913 0.028902
0 0.011957 0.015896 0.023913 0.031792
0 0.011957 0.014451 0.023913 0.028902
0 0.011957 0.015896 0.023913 0.031792
0 0.011957 0.015896 0.023913 0.031792
0 0.011957 0.015896 0.023913 0.031792
0 0.011957 0.015896 0.023913 0.031792
0 0.011957 0.015896 0.023913 0.031792
0 0.011957 0.015896 0.023913 0.031792
0 0.011957 0.014451 0.023913 0.028902
0 0.011957 0.015896 0.023913 0.031792
0 0.011957 0.015896 0.023913 0.031792
0 0.011957 0.015896 0.023913 0.031792
0 0.011957 0.014451 0.023913 0.028902
0 0.011957 0.015896 0.023913 0.031792
0 0.011957 0.014451 0.023913 0.028902
0 0.011957 0.015896 0.023913 0.031792
0 0.011957 0.014451 0.023913 0.028902
0 0.011957 0.015896 0.023913 0.031792
0 0.011957 0.015896 0.023913 0.031792
0 0.011957 0.014451 0.023913 0.028902
0 0.011957 0.015896 0.023913 0.031792
0 0.011957 0.015896 0.023913 0.031792
0 0.011957 0.014451 0.023913 0.028902
0 0.011957 0.015896 0.023913 0.031792
0 0.011957 0.015896 0.023913 0.031792
0 0.011957 0.014451 0.023913 0.028902
0 0.011957 0.015896 0.023913 0.031792
0 0.011957 0.015896 0.023913 0.031792
0 0.011957 0.014451 0.023913 0.028902
0 0.011957 0.015896 0.023913 0.031792
0 0.011957 0.015896 0.023913 0.031792
0 0.011957 0.014451 0.023913 0.028902
0 0.011957 0.015896 0.023913 0.031792
0 0.011957 0.014451 0.023913 0.028902
0 0.011957 0.015896 0.023913 0.031792
0 0.011957 0.015896 0.023913 0.031792
0 0.011957 0.014451 0.023913 0.028902
0 0.011957 0.015896 0.023913 0.031792
0 0.011957 0.015896 0.023913 0.031792
0 0.011957 0.014451 0.023913 0.028902
0 0.011957 0.015896 0.023913 0.031792
0 0.011957 0.015896 0.023913 0.031792
0 0.011957 0.015896 0.023913 0.031792
0 0.011957 0.014451 0.023913 0.028902
0 0.011957 0.015896 0.023913 0.031792
0 0.011957 0.015896 0.023913 0.031792
0 0.011957 0.015896 0.023913 0.031792
0 0.011957 0.015896 0.023913 0.031792
0 0.011957 0.014451 0.023913 0.028902
0 0.011957 0.014451 0.023913 0.028902
0 0.011957 0.015896 0.023913 0.031792
0 0.011957 0.015896 0.023913 0.031792
0 0.011957 0.015896 0.023913 0.031792
0 0.011957 0.015896 0.023913 0.031792
0 0.011957 0.015896 0.023913 0.031792
0 0.011957 0.014451 0.023913 0.028902