0 0.006944 0.010267 0.013889 0.020534
0 0.006366 0.010267 0.012731 0.020534
0 0.006366 0.010267 0.012731 0.020534
0 0.006944 0.011294 0.013889 0.022587
0 0.006366 0.010267 0.012731 0.020534
0 0.006944 0.010267 0.013889 0.020534
0 0.006366 0.010267 0.012731 0.020534
0 0.006944 0.011294 0.013889 0.022587
0 0.006366 0.010267 0.012731 0.020534
0 0.006366 0.010267 0.012731 0.020534
0 0.006366 0.011294 0.012731 0.022587
0 0.006944 0.010267 0.013889 0.020534
0 0.006366 0.011294 0.012731 0.022587
0 0.006366 0.010267 0.012731 0.020534
0 0.006366 0.010267 0.012731 0.020534
0 0.006366 0.010267 0.012731 0.020534
0 0.006366 0.010267 0.012731 0.020534
0 0.006366 0.011294 0.012731 0.022587
0 0.006366 0.011294 0.012731 0.022587
0 0.006366 0.011294 0.012731 0.022587
0 0.006366 0.011294 0.012731 0.022587
0 0.006366 0.010267 0.012731 0.020534
0 0.006366 0.010267 0.012731 0.020534
0 0.006944 0.010267 0.013889 0.020534
0 0.006366 0.010267 0.012731 0.020534
0 0.006366 0.011294 0.012731 0.022587
0 0.006366 0.010267 0.012731 0.020534
0 0.006366 0.011294 0.012731 0.022587
0 0.006366 0.011294 0.012731 0.022587
0 0.006366 0.011294 0.012731 0.022587
0 0.006366 0.011294 0.012731 0.022587