0 0.008871 0.012673 0.017742 0.025346
0 0.008871 0.012673 0.017742 0.025346
0 0.008871 0.012673 0.017742 0.025346
0 0.008871 0.012673 0.017742 0.025346
0 0.008871 0.012673 0.017742 0.025346
0 0.008871 0.012673 0.017742 0.025346
0 0.008871 0.012673 0.017742 0.025346
0 0.008871 0.012673 0.017742 0.025346
0 0.008871 0.012673 0.017742 0.025346
0 0.008871 0.012673 0.017742 0.025346
0 0.008871 0.012673 0.017742 0.025346
0 0.008871 0.012673 0.017742 0.025346
0 0.008871 0.012673 0.017742 0.025346
0 0.008871 0.012673 0.017742 0.025346
0 0.008871 0.012673 0.017742 0.025346
0 0.008871 0.012673 0.017742 0.025346
0 0.008871 0.012673 0.017742 0.025346
0 0.008871 0.012673 0.017742 0.025346
0 0.008871 0.012673 0.017742 0.025346
0 0.008871 0.012673 0.017742 0.025346
0 0.008871 0.012673 0.017742 0.025346
0 0.008871 0.012673 0.017742 0.025346
0 0.008871 0.012673 0.017742 0.025346
0 0.008871 0.012673 0.017742 0.025346
0 0.008871 0.012673 0.017742 0.025346
0 0.008871 0.012673 0.017742 0.025346
0 0.008871 0.012673 0.017742 0.025346