0 0.004687 0.005862 0.009375 0.011723
0 0.004297 0.005862 0.008594 0.011723
0 0.004687 0.005862 0.009375 0.011723
0 0.004687 0.005862 0.009375 0.011723
0 0.004297 0.005862 0.008594 0.011723
0 0.004297 0.005862 0.008594 0.011723
0 0.004297 0.005862 0.008594 0.011723
0 0.004687 0.005862 0.009375 0.011723
0 0.004297 0.005862 0.008594 0.011723
0 0.004297 0.005862 0.008594 0.011723
0 0.004297 0.005862 0.008594 0.011723
0 0.004297 0.005862 0.008594 0.011723
0 0.004297 0.005862 0.008594 0.011723
0 0.004297 0.005862 0.008594 0.011723
0 0.004297 0.005862 0.008594 0.011723
0 0.004297 0.005862 0.008594 0.011723
0 0.004297 0.005862 0.008594 0.011723
0 0.004297 0.005862 0.008594 0.011723
0 0.004297 0.005862 0.008594 0.011723
0 0.004297 0.005862 0.008594 0.011723
0 0.004297 0.005862 0.008594 0.011723
0 0.004297 0.005862 0.008594 0.011723
0 0.004297 0.005862 0.008594 0.011723
0 0.004297 0.005862 0.008594 0.011723
0 0.004687 0.005862 0.009375 0.011723
0 0.004297 0.005862 0.008594 0.011723
0 0.004297 0.005862 0.008594 0.011723
0 0.004687 0.005862 0.009375 0.011723
0 0.004297 0.005862 0.008594 0.011723
0 0.004297 0.005862 0.008594 0.011723
0 0.004297 0.005862 0.008594 0.011723
0 0.004687 0.005862 0.009375 0.011723
0 0.004297 0.005862 0.008594 0.011723
0 0.004687 0.005862 0.009375 0.011723
0 0.004297 0.005862 0.008594 0.011723
0 0.004297 0.005862 0.008594 0.011723
0 0.004297 0.005862 0.008594 0.011723
0 0.004297 0.005862 0.008594 0.011723
0 0.004297 0.005862 0.008594 0.011723
0 0.004297 0.005862 0.008594 0.011723
0 0.004297 0.005862 0.008594 0.011723
0 0.004297 0.005862 0.008594 0.011723
0 0.004687 0.005862 0.009375 0.011723
0 0.004297 0.005862 0.008594 0.011723
0 0.004297 0.005862 0.008594 0.011723
0 0.004297 0.005862 0.008594 0.011723
0 0.004687 0.005862 0.009375 0.011723
0 0.004297 0.005862 0.008594 0.011723
0 0.004297 0.005862 0.008594 0.011723
0 0.004297 0.005862 0.008594 0.011723
0 0.004297 0.005862 0.008594 0.011723
0 0.004297 0.005862 0.008594 0.011723
0 0.004297 0.005862 0.008594 0.011723
0 0.004297 0.005862 0.008594 0.011723
0 0.004687 0.005862 0.009375 0.011723
0 0.004297 0.005862 0.008594 0.011723
0 0.004297 0.005862 0.008594 0.011723
0 0.004297 0.005862 0.008594 0.011723
0 0.004687 0.005862 0.009375 0.011723
0 0.004687 0.005862 0.009375 0.011723
0 0.004297 0.005862 0.008594 0.011723
0 0.004297 0.005862 0.008594 0.011723
0 0.004297 0.005862 0.008594 0.011723
0 0.004687 0.005862 0.009375 0.011723
0 0.004297 0.005862 0.008594 0.011723
0 0.004297 0.005862 0.008594 0.011723
0 0.004297 0.005862 0.008594 0.011723
0 0.004297 0.005862 0.008594 0.011723
0 0.004297 0.005862 0.008594 0.011723
0 0.004297 0.005862 0.008594 0.011723
0 0.004297 0.005862 0.008594 0.011723
0 0.004297 0.005862 0.008594 0.011723
0 0.004297 0.005862 0.008594 0.011723
0 0.004297 0.005862 0.008594 0.011723
0 0.004297 0.005862 0.008594 0.011723
0 0.004297 0.005862 0.008594 0.011723
0 0.004297 0.005862 0.008594 0.011723
0 0.004687 0.005862 0.009375 0.011723
0 0.004297 0.005862 0.008594 0.011723
0 0.004297 0.005862 0.008594 0.011723
0 0.004297 0.005862 0.008594 0.011723
0 0.004297 0.005862 0.008594 0.011723
0 0.004297 0.005862 0.008594 0.011723
0 0.004297 0.005862 0.008594 0.011723
0 0.004687 0.005862 0.009375 0.011723
0 0.004297 0.005862 0.008594 0.011723
0 0.004297 0.005862 0.008594 0.011723