0 0.001952 0.002674 0.003905 0.005348
0 0.001952 0.002674 0.003905 0.005348
0 0.001952 0.002674 0.003905 0.005348
0 0.001952 0.002674 0.003905 0.005348
0 0.001952 0.002674 0.003905 0.005348
0 0.001952 0.002674 0.003905 0.005348
0 0.001952 0.002674 0.003905 0.005348
0 0.001952 0.002674 0.003905 0.005348
0 0.001952 0.002674 0.003905 0.005348
0 0.001952 0.002674 0.003905 0.005348
0 0.001952 0.002674 0.003905 0.005348
0 0.001952 0.002674 0.003905 0.005348
0 0.001952 0.002674 0.003905 0.005348
0 0.001952 0.002674 0.003905 0.005348
0 0.001952 0.002674 0.003905 0.005348
0 0.001952 0.002674 0.003905 0.005348
0 0.001952 0.002674 0.003905 0.005348
0 0.001952 0.002674 0.003905 0.005348
0 0.001952 0.002674 0.003905 0.005348
0 0.001952 0.002674 0.003905 0.005348
0 0.001952 0.002674 0.003905 0.005348