0 0.004906 0.009091 0.009813 0.018182
0 0.004906 0.009091 0.009813 0.018182
0 0.004906 0.009091 0.009813 0.018182
0 0.004906 0.009091 0.009813 0.018182
0 0.004906 0.009091 0.009813 0.018182
0 0.004906 0.009091 0.009813 0.018182
0 0.004906 0.009091 0.009813 0.018182
0 0.004906 0.009091 0.009813 0.018182
0 0.004906 0.009091 0.009813 0.018182
0 0.004906 0.009091 0.009813 0.018182
0 0.004906 0.009091 0.009813 0.018182
0 0.004906 0.009091 0.009813 0.018182
0 0.004906 0.009091 0.009813 0.018182
0 0.004906 0.009091 0.009813 0.018182
0 0.004906 0.009091 0.009813 0.018182
0 0.004906 0.009091 0.009813 0.018182
0 0.004906 0.009091 0.009813 0.018182
0 0.004906 0.009091 0.009813 0.018182
0 0.004906 0.009091 0.009813 0.018182
0 0.004906 0.009091 0.009813 0.018182
0 0.004906 0.009091 0.009813 0.018182
0 0.004906 0.009091 0.009813 0.018182
0 0.004906 0.009091 0.009813 0.018182
0 0.004906 0.009091 0.009813 0.018182
0 0.004906 0.009091 0.009813 0.018182
0 0.004906 0.009091 0.009813 0.018182
0 0.004906 0.009091 0.009813 0.018182
0 0.004906 0.009091 0.009813 0.018182
0 0.004906 0.009091 0.009813 0.018182
0 0.004906 0.009091 0.009813 0.018182
0 0.004906 0.009091 0.009813 0.018182
0 0.004906 0.009091 0.009813 0.018182
0 0.004906 0.009091 0.009813 0.018182
0 0.004906 0.009091 0.009813 0.018182
0 0.004906 0.009091 0.009813 0.018182
0 0.004906 0.009091 0.009813 0.018182
0 0.004906 0.009091 0.009813 0.018182
0 0.004906 0.009091 0.009813 0.018182
0 0.004906 0.009091 0.009813 0.018182
0 0.004906 0.009091 0.009813 0.018182
0 0.004906 0.009091 0.009813 0.018182
0 0.004906 0.009091 0.009813 0.018182
0 0.004906 0.009091 0.009813 0.018182
0 0.004906 0.009091 0.009813 0.018182
0 0.004906 0.009091 0.009813 0.018182