0 0.005729 0.010870 0.011458 0.021739
0 0.005729 0.010870 0.011458 0.021739
0 0.005729 0.010870 0.011458 0.021739
0 0.005729 0.010870 0.011458 0.021739
0 0.005729 0.010870 0.011458 0.021739
0 0.005729 0.010870 0.011458 0.021739
0 0.005729 0.010870 0.011458 0.021739
0 0.005729 0.010870 0.011458 0.021739
0 0.005729 0.010870 0.011458 0.021739
0 0.005729 0.010870 0.011458 0.021739
0 0.005729 0.010870 0.011458 0.021739
0 0.005729 0.010870 0.011458 0.021739
0 0.005729 0.010870 0.011458 0.021739
0 0.005729 0.010870 0.011458 0.021739
0 0.005729 0.010870 0.011458 0.021739