0 0.004435 0.006659 0.008871 0.013317
0 0.004435 0.006659 0.008871 0.013317
0 0.004435 0.006053 0.008871 0.012107
0 0.004435 0.006053 0.008871 0.012107
0 0.004435 0.006053 0.008871 0.012107
0 0.004435 0.006659 0.008871 0.013317
0 0.004435 0.006053 0.008871 0.012107
0 0.004435 0.006659 0.008871 0.013317
0 0.004435 0.006053 0.008871 0.012107
0 0.004435 0.006659 0.008871 0.013317
0 0.004435 0.006659 0.008871 0.013317
0 0.004435 0.006053 0.008871 0.012107
0 0.004435 0.006053 0.008871 0.012107
0 0.004435 0.006053 0.008871 0.012107
0 0.004435 0.006053 0.008871 0.012107
0 0.004435 0.006659 0.008871 0.013317
0 0.004435 0.006659 0.008871 0.013317
0 0.004435 0.006053 0.008871 0.012107
0 0.004435 0.006053 0.008871 0.012107
0 0.004435 0.006659 0.008871 0.013317
0 0.004435 0.006659 0.008871 0.013317
0 0.004435 0.006659 0.008871 0.013317
0 0.004435 0.006053 0.008871 0.012107
0 0.004435 0.006053 0.008871 0.012107
0 0.004435 0.006053 0.008871 0.012107
0 0.004435 0.006659 0.008871 0.013317
0 0.004435 0.006053 0.008871 0.012107
0 0.004435 0.006053 0.008871 0.012107
0 0.004435 0.006659 0.008871 0.013317
0 0.004435 0.006659 0.008871 0.013317
0 0.004435 0.006659 0.008871 0.013317
0 0.004435 0.006659 0.008871 0.013317
0 0.004435 0.006053 0.008871 0.012107
0 0.004435 0.006659 0.008871 0.013317
0 0.004435 0.006053 0.008871 0.012107
0 0.004435 0.006053 0.008871 0.012107
0 0.004435 0.006659 0.008871 0.013317
0 0.004435 0.006659 0.008871 0.013317
0 0.004435 0.006659 0.008871 0.013317
0 0.004435 0.006659 0.008871 0.013317
0 0.004435 0.006659 0.008871 0.013317
0 0.004435 0.006659 0.008871 0.013317
0 0.004435 0.006053 0.008871 0.012107
0 0.004435 0.006053 0.008871 0.012107
0 0.004435 0.006659 0.008871 0.013317
0 0.004435 0.006053 0.008871 0.012107
0 0.004435 0.006053 0.008871 0.012107
0 0.004435 0.006053 0.008871 0.012107
0 0.004435 0.006053 0.008871 0.012107
0 0.004839 0.006659 0.009677 0.013317
0 0.004435 0.006053 0.008871 0.012107
0 0.004435 0.006053 0.008871 0.012107
0 0.004435 0.006053 0.008871 0.012107
0 0.004435 0.006053 0.008871 0.012107
0 0.004435 0.006659 0.008871 0.013317
0 0.004435 0.006659 0.008871 0.013317
0 0.004435 0.006053 0.008871 0.012107
0 0.004435 0.006053 0.008871 0.012107
0 0.004435 0.006659 0.008871 0.013317
0 0.004435 0.006053 0.008871 0.012107
0 0.004435 0.006659 0.008871 0.013317
0 0.004435 0.006659 0.008871 0.013317
0 0.004435 0.006053 0.008871 0.012107
0 0.004435 0.006053 0.008871 0.012107
0 0.004435 0.006659 0.008871 0.013317
0 0.004435 0.006053 0.008871 0.012107
0 0.004435 0.006659 0.008871 0.013317
0 0.004435 0.006053 0.008871 0.012107
0 0.004435 0.006053 0.008871 0.012107
0 0.004839 0.006659 0.009677 0.013317
0 0.004435 0.006053 0.008871 0.012107