0 0.005000 0.007143 0.010000 0.014286
0 0.005000 0.007857 0.010000 0.015714
0 0.005000 0.007857 0.010000 0.015714
0 0.005000 0.007143 0.010000 0.014286
0 0.005000 0.007857 0.010000 0.015714
0 0.005000 0.007143 0.010000 0.014286
0 0.005000 0.007143 0.010000 0.014286
0 0.005000 0.007143 0.010000 0.014286
0 0.005000 0.007143 0.010000 0.014286
0 0.005000 0.007857 0.010000 0.015714
0 0.005000 0.007857 0.010000 0.015714
0 0.005000 0.007143 0.010000 0.014286
0 0.005000 0.007143 0.010000 0.014286
0 0.005000 0.007143 0.010000 0.014286
0 0.005000 0.007143 0.010000 0.014286