0 0.004583 0.006545 0.009167 0.013089
0 0.004583 0.006545 0.009167 0.013089
0 0.004583 0.006545 0.009167 0.013089
0 0.004583 0.006545 0.009167 0.013089
0 0.004583 0.006545 0.009167 0.013089
0 0.004583 0.006545 0.009167 0.013089
0 0.004583 0.006545 0.009167 0.013089
0 0.004583 0.007199 0.009167 0.014398
0 0.004583 0.006545 0.009167 0.013089
0 0.004583 0.007199 0.009167 0.014398
0 0.004583 0.006545 0.009167 0.013089
0 0.004583 0.006545 0.009167 0.013089
0 0.004583 0.006545 0.009167 0.013089
0 0.004583 0.006545 0.009167 0.013089
0 0.004583 0.006545 0.009167 0.013089
0 0.004583 0.007199 0.009167 0.014398
0 0.004583 0.006545 0.009167 0.013089
0 0.004583 0.006545 0.009167 0.013089
0 0.004583 0.006545 0.009167 0.013089
0 0.004583 0.006545 0.009167 0.013089
0 0.004583 0.006545 0.009167 0.013089
0 0.004583 0.006545 0.009167 0.013089
0 0.004583 0.006545 0.009167 0.013089
0 0.004583 0.006545 0.009167 0.013089
0 0.004583 0.006545 0.009167 0.013089
0 0.004583 0.006545 0.009167 0.013089
0 0.004583 0.006545 0.009167 0.013089
0 0.004583 0.006545 0.009167 0.013089
0 0.004583 0.006545 0.009167 0.013089
0 0.004583 0.006545 0.009167 0.013089
0 0.004583 0.006545 0.009167 0.013089
0 0.004583 0.006545 0.009167 0.013089
0 0.004583 0.006545 0.009167 0.013089
0 0.004583 0.006545 0.009167 0.013089
0 0.004583 0.006545 0.009167 0.013089
0 0.004583 0.006545 0.009167 0.013089
0 0.004583 0.006545 0.009167 0.013089
0 0.004583 0.006545 0.009167 0.013089
0 0.004583 0.006545 0.009167 0.013089
0 0.004583 0.006545 0.009167 0.013089
0 0.004583 0.006545 0.009167 0.013089
0 0.004583 0.006545 0.009167 0.013089
0 0.004583 0.006545 0.009167 0.013089
0 0.004583 0.006545 0.009167 0.013089
0 0.004583 0.006545 0.009167 0.013089
0 0.004583 0.006545 0.009167 0.013089
0 0.004583 0.006545 0.009167 0.013089
0 0.004583 0.006545 0.009167 0.013089
0 0.004583 0.006545 0.009167 0.013089
0 0.004583 0.006545 0.009167 0.013089
0 0.004583 0.007199 0.009167 0.014398
0 0.004583 0.006545 0.009167 0.013089
0 0.004583 0.006545 0.009167 0.013089
0 0.004583 0.006545 0.009167 0.013089
0 0.004583 0.006545 0.009167 0.013089
0 0.004583 0.007199 0.009167 0.014398
0 0.004583 0.006545 0.009167 0.013089