0 0.005371 0.007375 0.010742 0.014749
0 0.005371 0.007375 0.010742 0.014749
0 0.005371 0.008112 0.010742 0.016224
0 0.005371 0.008112 0.010742 0.016224
0 0.005371 0.007375 0.010742 0.014749
0 0.005371 0.007375 0.010742 0.014749
0 0.005371 0.007375 0.010742 0.014749
0 0.005371 0.007375 0.010742 0.014749
0 0.005371 0.008112 0.010742 0.016224
0 0.005371 0.008112 0.010742 0.016224
0 0.005371 0.007375 0.010742 0.014749
0 0.005371 0.007375 0.010742 0.014749
0 0.005371 0.008112 0.010742 0.016224
0 0.005371 0.007375 0.010742 0.014749
0 0.005371 0.007375 0.010742 0.014749
0 0.005371 0.007375 0.010742 0.014749
0 0.005371 0.007375 0.010742 0.014749
0 0.005371 0.007375 0.010742 0.014749
0 0.005371 0.007375 0.010742 0.014749
0 0.005371 0.007375 0.010742 0.014749
0 0.005371 0.007375 0.010742 0.014749
0 0.005371 0.008112 0.010742 0.016224
0 0.005371 0.007375 0.010742 0.014749
0 0.005371 0.007375 0.010742 0.014749
0 0.005371 0.007375 0.010742 0.014749
0 0.005371 0.007375 0.010742 0.014749
0 0.005371 0.007375 0.010742 0.014749
0 0.005371 0.007375 0.010742 0.014749
0 0.005371 0.007375 0.010742 0.014749
0 0.005371 0.007375 0.010742 0.014749
0 0.005371 0.007375 0.010742 0.014749
0 0.005371 0.007375 0.010742 0.014749
0 0.005371 0.007375 0.010742 0.014749
0 0.005371 0.008112 0.010742 0.016224
0 0.005371 0.007375 0.010742 0.014749
0 0.005371 0.007375 0.010742 0.014749
0 0.005371 0.007375 0.010742 0.014749
0 0.005371 0.008112 0.010742 0.016224
0 0.005371 0.007375 0.010742 0.014749
0 0.005371 0.008112 0.010742 0.016224
0 0.005371 0.007375 0.010742 0.014749
0 0.005371 0.007375 0.010742 0.014749
0 0.005371 0.008112 0.010742 0.016224
0 0.005371 0.007375 0.010742 0.014749
0 0.005371 0.008112 0.010742 0.016224
0 0.005371 0.007375 0.010742 0.014749
0 0.005371 0.007375 0.010742 0.014749
0 0.005371 0.007375 0.010742 0.014749
0 0.005371 0.007375 0.010742 0.014749
0 0.005371 0.007375 0.010742 0.014749
0 0.005371 0.008112 0.010742 0.016224
0 0.005371 0.007375 0.010742 0.014749
0 0.005371 0.007375 0.010742 0.014749
0 0.005371 0.007375 0.010742 0.014749
0 0.005371 0.007375 0.010742 0.014749
0 0.005371 0.007375 0.010742 0.014749
0 0.005371 0.007375 0.010742 0.014749
0 0.005371 0.008112 0.010742 0.016224
0 0.005371 0.007375 0.010742 0.014749
0 0.005371 0.007375 0.010742 0.014749
0 0.005371 0.007375 0.010742 0.014749
0 0.005371 0.007375 0.010742 0.014749
0 0.005371 0.007375 0.010742 0.014749
0 0.005371 0.007375 0.010742 0.014749
0 0.005371 0.007375 0.010742 0.014749
0 0.005371 0.007375 0.010742 0.014749
0 0.005371 0.008112 0.010742 0.016224
0 0.005371 0.007375 0.010742 0.014749
0 0.005371 0.007375 0.010742 0.014749
0 0.005371 0.007375 0.010742 0.014749
0 0.005371 0.007375 0.010742 0.014749
0 0.005371 0.007375 0.010742 0.014749
0 0.005371 0.007375 0.010742 0.014749
0 0.005371 0.007375 0.010742 0.014749
0 0.005371 0.007375 0.010742 0.014749
0 0.005371 0.007375 0.010742 0.014749
0 0.005371 0.007375 0.010742 0.014749
0 0.005371 0.007375 0.010742 0.014749
0 0.005371 0.007375 0.010742 0.014749
0 0.005371 0.007375 0.010742 0.014749
0 0.005371 0.007375 0.010742 0.014749
0 0.005371 0.007375 0.010742 0.014749
0 0.005371 0.007375 0.010742 0.014749
0 0.005371 0.007375 0.010742 0.014749
0 0.005371 0.008112 0.010742 0.016224
0 0.005371 0.007375 0.010742 0.014749
0 0.005371 0.008112 0.010742 0.016224
0 0.005371 0.007375 0.010742 0.014749
0 0.005371 0.007375 0.010742 0.014749
0 0.005371 0.007375 0.010742 0.014749
0 0.005371 0.007375 0.010742 0.014749
0 0.005371 0.007375 0.010742 0.014749
0 0.005371 0.007375 0.010742 0.014749
0 0.005371 0.007375 0.010742 0.014749
0 0.005371 0.007375 0.010742 0.014749
0 0.005371 0.007375 0.010742 0.014749
0 0.005371 0.007375 0.010742 0.014749
0 0.005371 0.007375 0.010742 0.014749
0 0.005371 0.007375 0.010742 0.014749
0 0.005371 0.007375 0.010742 0.014749