0 0.005371 0.008681 0.010742 0.017361
0 0.005371 0.008681 0.010742 0.017361
0 0.005371 0.008681 0.010742 0.017361
0 0.005371 0.008681 0.010742 0.017361
0 0.005371 0.008681 0.010742 0.017361
0 0.005371 0.008681 0.010742 0.017361
0 0.005371 0.008681 0.010742 0.017361
0 0.005371 0.008681 0.010742 0.017361
0 0.005371 0.008681 0.010742 0.017361
0 0.005371 0.008681 0.010742 0.017361
0 0.005371 0.008681 0.010742 0.017361
0 0.005371 0.008681 0.010742 0.017361
0 0.005371 0.008681 0.010742 0.017361
0 0.005371 0.008681 0.010742 0.017361