0 0.005392 0.008088 0.010784 0.016176
0 0.005392 0.008088 0.010784 0.016176
0 0.005392 0.007353 0.010784 0.014706
0 0.005392 0.008088 0.010784 0.016176
0 0.005392 0.008088 0.010784 0.016176
0 0.005392 0.008088 0.010784 0.016176
0 0.005392 0.008088 0.010784 0.016176
0 0.005392 0.008088 0.010784 0.016176
0 0.005392 0.008088 0.010784 0.016176
0 0.005392 0.008088 0.010784 0.016176
0 0.005392 0.008088 0.010784 0.016176
0 0.005392 0.008088 0.010784 0.016176
0 0.005392 0.008088 0.010784 0.016176
0 0.005392 0.008088 0.010784 0.016176
0 0.005392 0.008088 0.010784 0.016176
0 0.005392 0.007353 0.010784 0.014706
0 0.005392 0.007353 0.010784 0.014706
0 0.005392 0.008088 0.010784 0.016176
0 0.005392 0.008088 0.010784 0.016176
0 0.005392 0.007353 0.010784 0.014706
0 0.005392 0.008088 0.010784 0.016176
0 0.005392 0.008088 0.010784 0.016176
0 0.005392 0.008088 0.010784 0.016176
0 0.005392 0.008088 0.010784 0.016176
0 0.005392 0.008088 0.010784 0.016176
0 0.005392 0.008088 0.010784 0.016176
0 0.005392 0.008088 0.010784 0.016176
0 0.005392 0.008088 0.010784 0.016176
0 0.005392 0.007353 0.010784 0.014706
0 0.005392 0.008088 0.010784 0.016176
0 0.005392 0.008088 0.010784 0.016176
0 0.005392 0.007353 0.010784 0.014706
0 0.005392 0.008088 0.010784 0.016176
0 0.005392 0.008088 0.010784 0.016176
0 0.005392 0.008088 0.010784 0.016176
0 0.005392 0.008088 0.010784 0.016176
0 0.005392 0.008088 0.010784 0.016176
0 0.005392 0.008088 0.010784 0.016176
0 0.005392 0.007353 0.010784 0.014706
0 0.005392 0.007353 0.010784 0.014706
0 0.005392 0.008088 0.010784 0.016176
0 0.005392 0.008088 0.010784 0.016176
0 0.005392 0.008088 0.010784 0.016176
0 0.005392 0.008088 0.010784 0.016176
0 0.005392 0.007353 0.010784 0.014706
0 0.005392 0.007353 0.010784 0.014706
0 0.005392 0.007353 0.010784 0.014706
0 0.005392 0.008088 0.010784 0.016176
0 0.005392 0.008088 0.010784 0.016176
0 0.005392 0.007353 0.010784 0.014706
0 0.005392 0.008088 0.010784 0.016176
0 0.005392 0.008088 0.010784 0.016176
0 0.005392 0.008088 0.010784 0.016176
0 0.005392 0.008088 0.010784 0.016176
0 0.005392 0.007353 0.010784 0.014706
0 0.005392 0.008088 0.010784 0.016176
0 0.005392 0.008088 0.010784 0.016176
0 0.005392 0.008088 0.010784 0.016176
0 0.005392 0.008088 0.010784 0.016176
0 0.005392 0.008088 0.010784 0.016176
0 0.005392 0.008088 0.010784 0.016176
0 0.005392 0.008088 0.010784 0.016176
0 0.005392 0.008088 0.010784 0.016176
0 0.005392 0.007353 0.010784 0.014706
0 0.005392 0.008088 0.010784 0.016176