0 0.003438 0.004690 0.006875 0.009381
0 0.003750 0.004690 0.007500 0.009381
0 0.003438 0.004690 0.006875 0.009381
0 0.003438 0.004690 0.006875 0.009381
0 0.003438 0.004690 0.006875 0.009381
0 0.003438 0.004690 0.006875 0.009381
0 0.003438 0.004690 0.006875 0.009381
0 0.003438 0.004690 0.006875 0.009381
0 0.003438 0.004690 0.006875 0.009381
0 0.003438 0.004690 0.006875 0.009381
0 0.003438 0.004690 0.006875 0.009381
0 0.003438 0.004690 0.006875 0.009381
0 0.003750 0.004690 0.007500 0.009381
0 0.003438 0.004690 0.006875 0.009381
0 0.003438 0.004690 0.006875 0.009381
0 0.003438 0.004690 0.006875 0.009381
0 0.003750 0.004690 0.007500 0.009381
0 0.003438 0.004690 0.006875 0.009381
0 0.003438 0.004690 0.006875 0.009381
0 0.003438 0.004690 0.006875 0.009381
0 0.003438 0.004690 0.006875 0.009381
0 0.003438 0.004690 0.006875 0.009381
0 0.003438 0.004690 0.006875 0.009381
0 0.003438 0.004690 0.006875 0.009381
0 0.003438 0.004690 0.006875 0.009381
0 0.003438 0.004690 0.006875 0.009381
0 0.003750 0.004690 0.007500 0.009381
0 0.003438 0.004690 0.006875 0.009381
0 0.003438 0.004690 0.006875 0.009381
0 0.003438 0.004690 0.006875 0.009381
0 0.003438 0.004690 0.006875 0.009381
0 0.003438 0.004690 0.006875 0.009381
0 0.003750 0.004690 0.007500 0.009381
0 0.003438 0.004690 0.006875 0.009381
0 0.003438 0.004690 0.006875 0.009381
0 0.003438 0.004690 0.006875 0.009381
0 0.003438 0.004690 0.006875 0.009381
0 0.003750 0.004690 0.007500 0.009381
0 0.003438 0.004690 0.006875 0.009381
0 0.003438 0.004690 0.006875 0.009381
0 0.003438 0.004690 0.006875 0.009381
0 0.003438 0.004690 0.006875 0.009381