0 0.001836 0.002762 0.003673 0.005525
0 0.002003 0.002762 0.004007 0.005525
0 0.001836 0.002762 0.003673 0.005525
0 0.001836 0.002762 0.003673 0.005525
0 0.001836 0.002762 0.003673 0.005525
0 0.001836 0.002762 0.003673 0.005525
0 0.001836 0.002762 0.003673 0.005525
0 0.001836 0.002762 0.003673 0.005525
0 0.002003 0.002762 0.004007 0.005525
0 0.001836 0.002762 0.003673 0.005525
0 0.001836 0.002762 0.003673 0.005525
0 0.002003 0.002762 0.004007 0.005525
0 0.001836 0.002762 0.003673 0.005525
0 0.001836 0.002762 0.003673 0.005525
0 0.001836 0.002762 0.003673 0.005525
0 0.001836 0.002762 0.003673 0.005525
0 0.001836 0.002762 0.003673 0.005525
0 0.001836 0.002762 0.003673 0.005525
0 0.001836 0.002762 0.003673 0.005525
0 0.001836 0.002762 0.003673 0.005525
0 0.001836 0.002762 0.003673 0.005525
0 0.001836 0.002762 0.003673 0.005525
0 0.002003 0.002762 0.004007 0.005525
0 0.002003 0.002762 0.004007 0.005525
0 0.001836 0.002762 0.003673 0.005525
0 0.001836 0.002762 0.003673 0.005525
0 0.001836 0.002762 0.003673 0.005525
0 0.001836 0.002762 0.003673 0.005525
0 0.002003 0.002762 0.004007 0.005525
0 0.002003 0.002762 0.004007 0.005525
0 0.001836 0.002762 0.003673 0.005525
0 0.001836 0.002762 0.003673 0.005525
0 0.001836 0.002762 0.003673 0.005525
0 0.002003 0.002762 0.004007 0.005525
0 0.002003 0.002762 0.004007 0.005525
0 0.001836 0.002762 0.003673 0.005525
0 0.001836 0.002762 0.003673 0.005525
0 0.001836 0.002762 0.003673 0.005525
0 0.001836 0.002762 0.003673 0.005525
0 0.001836 0.002762 0.003673 0.005525
0 0.001836 0.002762 0.003673 0.005525
0 0.001836 0.002762 0.003673 0.005525
0 0.001836 0.002762 0.003673 0.005525
0 0.002003 0.002762 0.004007 0.005525
0 0.001836 0.002762 0.003673 0.005525
0 0.001836 0.002762 0.003673 0.005525
0 0.001836 0.002762 0.003673 0.005525
0 0.001836 0.002762 0.003673 0.005525
0 0.001836 0.002762 0.003673 0.005525
0 0.001836 0.002762 0.003673 0.005525
0 0.001836 0.002762 0.003673 0.005525
0 0.001836 0.002762 0.003673 0.005525