0 0.002115 0.002882 0.004231 0.005764
0 0.002115 0.002882 0.004231 0.005764
0 0.002115 0.003170 0.004231 0.006340
0 0.002115 0.002882 0.004231 0.005764
0 0.002115 0.002882 0.004231 0.005764
0 0.002115 0.002882 0.004231 0.005764
0 0.002115 0.002882 0.004231 0.005764
0 0.002115 0.002882 0.004231 0.005764
0 0.002115 0.002882 0.004231 0.005764
0 0.002115 0.002882 0.004231 0.005764
0 0.002115 0.002882 0.004231 0.005764
0 0.002115 0.002882 0.004231 0.005764
0 0.002115 0.002882 0.004231 0.005764
0 0.002115 0.002882 0.004231 0.005764
0 0.002115 0.002882 0.004231 0.005764
0 0.002115 0.002882 0.004231 0.005764
0 0.002115 0.003170 0.004231 0.006340
0 0.002115 0.002882 0.004231 0.005764
0 0.002115 0.002882 0.004231 0.005764
0 0.002115 0.002882 0.004231 0.005764
0 0.002115 0.002882 0.004231 0.005764
0 0.002115 0.002882 0.004231 0.005764
0 0.002115 0.002882 0.004231 0.005764
0 0.002115 0.002882 0.004231 0.005764
0 0.002115 0.002882 0.004231 0.005764
0 0.002115 0.002882 0.004231 0.005764
0 0.002115 0.002882 0.004231 0.005764
0 0.002115 0.002882 0.004231 0.005764
0 0.002115 0.002882 0.004231 0.005764
0 0.002115 0.002882 0.004231 0.005764
0 0.002115 0.002882 0.004231 0.005764
0 0.002115 0.002882 0.004231 0.005764
0 0.002115 0.002882 0.004231 0.005764
0 0.002115 0.003170 0.004231 0.006340
0 0.002115 0.002882 0.004231 0.005764
0 0.002115 0.002882 0.004231 0.005764
0 0.002115 0.002882 0.004231 0.005764
0 0.002115 0.002882 0.004231 0.005764
0 0.002115 0.002882 0.004231 0.005764
0 0.002115 0.002882 0.004231 0.005764
0 0.002115 0.002882 0.004231 0.005764