0 0.002926 0.003990 0.005851 0.007981
0 0.002926 0.003990 0.005851 0.007981
0 0.002926 0.003990 0.005851 0.007981
0 0.002926 0.003990 0.005851 0.007981
0 0.002926 0.003990 0.005851 0.007981
0 0.002926 0.003990 0.005851 0.007981
0 0.002926 0.003990 0.005851 0.007981
0 0.002926 0.003990 0.005851 0.007981
0 0.002926 0.003990 0.005851 0.007981
0 0.002926 0.003990 0.005851 0.007981
0 0.002926 0.003990 0.005851 0.007981
0 0.002926 0.003990 0.005851 0.007981
0 0.002926 0.003990 0.005851 0.007981
0 0.002926 0.003990 0.005851 0.007981
0 0.002926 0.003990 0.005851 0.007981
0 0.002926 0.003990 0.005851 0.007981
0 0.002926 0.003990 0.005851 0.007981
0 0.002926 0.003990 0.005851 0.007981
0 0.002926 0.003990 0.005851 0.007981
0 0.002926 0.003990 0.005851 0.007981
0 0.002926 0.003990 0.005851 0.007981
0 0.002926 0.003990 0.005851 0.007981
0 0.002926 0.003990 0.005851 0.007981
0 0.002926 0.003990 0.005851 0.007981
0 0.002926 0.003990 0.005851 0.007981
0 0.002926 0.003990 0.005851 0.007981
0 0.002926 0.003990 0.005851 0.007981
0 0.002926 0.003990 0.005851 0.007981
0 0.002926 0.003990 0.005851 0.007981
0 0.002926 0.003990 0.005851 0.007981
0 0.002926 0.003990 0.005851 0.007981
0 0.002926 0.003990 0.005851 0.007981
0 0.002926 0.003990 0.005851 0.007981
0 0.002926 0.003990 0.005851 0.007981
0 0.002926 0.003990 0.005851 0.007981
0 0.002926 0.003990 0.005851 0.007981
0 0.002926 0.003990 0.005851 0.007981
0 0.003191 0.003990 0.006383 0.007981
0 0.002926 0.003990 0.005851 0.007981
0 0.002926 0.003990 0.005851 0.007981
0 0.002926 0.003990 0.005851 0.007981
0 0.002926 0.003990 0.005851 0.007981
0 0.002926 0.003990 0.005851 0.007981
0 0.002926 0.003990 0.005851 0.007981
0 0.003191 0.003990 0.006383 0.007981
0 0.002926 0.003990 0.005851 0.007981
0 0.002926 0.003990 0.005851 0.007981
0 0.002926 0.003990 0.005851 0.007981
0 0.002926 0.003990 0.005851 0.007981
0 0.002926 0.003990 0.005851 0.007981
0 0.002926 0.003990 0.005851 0.007981
0 0.002926 0.003990 0.005851 0.007981
0 0.002926 0.003990 0.005851 0.007981
0 0.002926 0.003990 0.005851 0.007981
0 0.002926 0.003990 0.005851 0.007981