0 0.003667 0.007849 0.007333 0.015699
0 0.003667 0.007849 0.007333 0.015699
0 0.003667 0.007849 0.007333 0.015699
0 0.003667 0.007849 0.007333 0.015699
0 0.003667 0.007849 0.007333 0.015699
0 0.003667 0.007849 0.007333 0.015699
0 0.003667 0.007849 0.007333 0.015699
0 0.003667 0.007849 0.007333 0.015699
0 0.003667 0.007849 0.007333 0.015699
0 0.003667 0.007849 0.007333 0.015699
0 0.003667 0.007849 0.007333 0.015699
0 0.003667 0.007849 0.007333 0.015699
0 0.003667 0.007849 0.007333 0.015699
0 0.003667 0.007849 0.007333 0.015699
0 0.003667 0.007849 0.007333 0.015699
0 0.003667 0.007849 0.007333 0.015699
0 0.003667 0.007849 0.007333 0.015699
0 0.003667 0.007849 0.007333 0.015699
0 0.003667 0.007849 0.007333 0.015699
0 0.003667 0.007849 0.007333 0.015699
0 0.003667 0.007849 0.007333 0.015699
0 0.003667 0.007849 0.007333 0.015699
0 0.003667 0.007849 0.007333 0.015699
0 0.003667 0.007849 0.007333 0.015699
0 0.003667 0.007849 0.007333 0.015699
0 0.003667 0.007849 0.007333 0.015699
0 0.003667 0.007849 0.007333 0.015699
0 0.003667 0.007849 0.007333 0.015699
0 0.003667 0.007849 0.007333 0.015699
0 0.003667 0.007849 0.007333 0.015699
0 0.003667 0.007849 0.007333 0.015699
0 0.003667 0.007849 0.007333 0.015699
0 0.003667 0.007849 0.007333 0.015699
0 0.003667 0.007849 0.007333 0.015699
0 0.003667 0.007849 0.007333 0.015699
0 0.003667 0.007849 0.007333 0.015699
0 0.003667 0.007849 0.007333 0.015699