0 0.011458 0.006944 0.022917 0.013889
0 0.011458 0.006944 0.022917 0.013889
0 0.011458 0.006944 0.022917 0.013889
0 0.011458 0.006944 0.022917 0.013889
0 0.011458 0.006944 0.022917 0.013889
0 0.011458 0.006944 0.022917 0.013889
0 0.011458 0.006944 0.022917 0.013889
0 0.011458 0.006944 0.022917 0.013889
0 0.011458 0.006944 0.022917 0.013889
0 0.011458 0.006944 0.022917 0.013889
0 0.011458 0.006944 0.022917 0.013889
0 0.011458 0.006944 0.022917 0.013889
0 0.011458 0.006944 0.022917 0.013889
0 0.011458 0.006944 0.022917 0.013889
0 0.011458 0.006944 0.022917 0.013889
0 0.011458 0.006944 0.022917 0.013889
0 0.011458 0.006944 0.022917 0.013889
0 0.011458 0.006944 0.022917 0.013889
0 0.011458 0.006944 0.022917 0.013889
0 0.011458 0.006944 0.022917 0.013889
0 0.011458 0.006944 0.022917 0.013889
0 0.011458 0.006944 0.022917 0.013889
0 0.011458 0.006944 0.022917 0.013889
0 0.011458 0.006944 0.022917 0.013889
0 0.011458 0.006944 0.022917 0.013889
0 0.011458 0.006944 0.022917 0.013889
0 0.011458 0.006944 0.022917 0.013889
0 0.011458 0.006944 0.022917 0.013889
0 0.013542 0.006944 0.027083 0.013889
0 0.011458 0.006944 0.022917 0.013889
0 0.011458 0.006944 0.022917 0.013889
0 0.011458 0.006944 0.022917 0.013889
0 0.011458 0.006944 0.022917 0.013889
0 0.011458 0.006944 0.022917 0.013889
0 0.011458 0.006944 0.022917 0.013889
0 0.011458 0.006944 0.022917 0.013889
0 0.011458 0.006944 0.022917 0.013889
0 0.011458 0.006944 0.022917 0.013889
0 0.011458 0.006944 0.022917 0.013889
0 0.011458 0.006944 0.022917 0.013889
0 0.011458 0.006944 0.022917 0.013889
0 0.011458 0.006944 0.022917 0.013889
0 0.011458 0.006944 0.022917 0.013889
0 0.011458 0.006944 0.022917 0.013889
0 0.011458 0.006944 0.022917 0.013889
0 0.011458 0.006944 0.022917 0.013889
0 0.011458 0.006944 0.022917 0.013889
0 0.011458 0.006944 0.022917 0.013889
0 0.011458 0.006944 0.022917 0.013889
0 0.011458 0.006944 0.022917 0.013889
0 0.011458 0.006944 0.022917 0.013889
0 0.011458 0.006944 0.022917 0.013889
0 0.011458 0.006944 0.022917 0.013889
0 0.011458 0.006944 0.022917 0.013889
0 0.011458 0.006944 0.022917 0.013889