0 0.006875 0.009167 0.013750 0.018333
0 0.006875 0.009167 0.013750 0.018333
0 0.006875 0.008333 0.013750 0.016667
0 0.006875 0.009167 0.013750 0.018333
0 0.006875 0.008333 0.013750 0.016667
0 0.006875 0.009167 0.013750 0.018333
0 0.006875 0.008333 0.013750 0.016667
0 0.006875 0.009167 0.013750 0.018333
0 0.006875 0.009167 0.013750 0.018333
0 0.006875 0.008333 0.013750 0.016667
0 0.006875 0.008333 0.013750 0.016667
0 0.006875 0.008333 0.013750 0.016667
0 0.006875 0.008333 0.013750 0.016667
0 0.006875 0.009167 0.013750 0.018333
0 0.006875 0.009167 0.013750 0.018333
0 0.006875 0.009167 0.013750 0.018333
0 0.006875 0.009167 0.013750 0.018333
0 0.006875 0.009167 0.013750 0.018333
0 0.006875 0.008333 0.013750 0.016667
0 0.006875 0.008333 0.013750 0.016667
0 0.006875 0.008333 0.013750 0.016667
0 0.006875 0.009167 0.013750 0.018333
0 0.006875 0.008333 0.013750 0.016667
0 0.006875 0.009167 0.013750 0.018333
0 0.006875 0.009167 0.013750 0.018333
0 0.006875 0.008333 0.013750 0.016667
0 0.006875 0.008333 0.013750 0.016667
0 0.006875 0.008333 0.013750 0.016667
0 0.006875 0.009167 0.013750 0.018333
0 0.006875 0.009167 0.013750 0.018333
0 0.006875 0.009167 0.013750 0.018333
0 0.006875 0.008333 0.013750 0.016667
0 0.006875 0.008333 0.013750 0.016667
0 0.006875 0.008333 0.013750 0.016667
0 0.006875 0.009167 0.013750 0.018333
0 0.006875 0.009167 0.013750 0.018333
0 0.006875 0.008333 0.013750 0.016667
0 0.006875 0.009167 0.013750 0.018333
0 0.006875 0.008333 0.013750 0.016667
0 0.006875 0.008333 0.013750 0.016667
0 0.006875 0.009167 0.013750 0.018333
0 0.006875 0.008333 0.013750 0.016667
0 0.006875 0.008333 0.013750 0.016667