0 0.004741 0.005981 0.009483 0.011962
0 0.004741 0.005981 0.009483 0.011962
0 0.004741 0.005981 0.009483 0.011962
0 0.004741 0.005981 0.009483 0.011962
0 0.004741 0.005981 0.009483 0.011962
0 0.004741 0.005981 0.009483 0.011962
0 0.004741 0.005981 0.009483 0.011962
0 0.004741 0.005981 0.009483 0.011962
0 0.004741 0.005981 0.009483 0.011962
0 0.004741 0.005981 0.009483 0.011962
0 0.004741 0.005981 0.009483 0.011962
0 0.004741 0.005981 0.009483 0.011962
0 0.004741 0.005981 0.009483 0.011962
0 0.004741 0.005981 0.009483 0.011962
0 0.004741 0.005981 0.009483 0.011962
0 0.004741 0.005981 0.009483 0.011962