0 0.001574 0.002541 0.003147 0.005081
0 0.001574 0.002541 0.003147 0.005081
0 0.001574 0.002541 0.003147 0.005081
0 0.001574 0.002541 0.003147 0.005081
0 0.001574 0.002541 0.003147 0.005081
0 0.001574 0.002541 0.003147 0.005081
0 0.001574 0.002541 0.003147 0.005081
0 0.001574 0.002541 0.003147 0.005081
0 0.001574 0.002541 0.003147 0.005081
0 0.001574 0.002541 0.003147 0.005081
0 0.001574 0.002541 0.003147 0.005081
0 0.001574 0.002541 0.003147 0.005081
0 0.001574 0.002541 0.003147 0.005081
0 0.001574 0.002541 0.003147 0.005081
0 0.001574 0.002541 0.003147 0.005081
0 0.001574 0.002541 0.003147 0.005081
0 0.001574 0.002541 0.003147 0.005081
0 0.001574 0.002541 0.003147 0.005081
0 0.001574 0.002541 0.003147 0.005081
0 0.001574 0.002541 0.003147 0.005081
0 0.001574 0.002541 0.003147 0.005081
0 0.001574 0.002541 0.003147 0.005081
0 0.001574 0.002541 0.003147 0.005081
0 0.001574 0.002541 0.003147 0.005081
0 0.001860 0.002541 0.003720 0.005081
0 0.001574 0.002541 0.003147 0.005081
0 0.001574 0.002541 0.003147 0.005081
0 0.001574 0.002541 0.003147 0.005081
0 0.001574 0.002541 0.003147 0.005081
0 0.001574 0.002541 0.003147 0.005081
0 0.001574 0.002541 0.003147 0.005081
0 0.001860 0.002541 0.003720 0.005081
0 0.001574 0.002541 0.003147 0.005081
0 0.001574 0.002541 0.003147 0.005081
0 0.001574 0.002541 0.003147 0.005081
0 0.001574 0.002541 0.003147 0.005081
0 0.001574 0.002541 0.003147 0.005081
0 0.001574 0.002541 0.003147 0.005081
0 0.001574 0.002541 0.003147 0.005081
0 0.001574 0.002541 0.003147 0.005081
0 0.001574 0.002541 0.003147 0.005081
0 0.001574 0.002541 0.003147 0.005081
0 0.001574 0.002541 0.003147 0.005081
0 0.001574 0.002541 0.003147 0.005081
0 0.001574 0.002541 0.003147 0.005081
0 0.001574 0.002541 0.003147 0.005081
0 0.001574 0.002541 0.003147 0.005081
0 0.001574 0.002541 0.003147 0.005081
0 0.001574 0.002541 0.003147 0.005081
0 0.001574 0.002541 0.003147 0.005081
0 0.001574 0.002541 0.003147 0.005081
0 0.001574 0.002541 0.003147 0.005081
0 0.001574 0.002541 0.003147 0.005081
0 0.001574 0.002541 0.003147 0.005081
0 0.001574 0.002541 0.003147 0.005081
0 0.001574 0.002541 0.003147 0.005081
0 0.001574 0.002541 0.003147 0.005081
0 0.001574 0.002541 0.003147 0.005081
0 0.001574 0.002541 0.003147 0.005081
0 0.001574 0.002541 0.003147 0.005081
0 0.001574 0.002541 0.003147 0.005081
0 0.001574 0.002541 0.003147 0.005081
0 0.001574 0.002541 0.003147 0.005081
0 0.001574 0.002541 0.003147 0.005081
0 0.001574 0.002541 0.003147 0.005081
0 0.001574 0.002541 0.003147 0.005081
0 0.001574 0.002541 0.003147 0.005081
0 0.001574 0.002541 0.003147 0.005081
0 0.001574 0.002541 0.003147 0.005081
0 0.001574 0.002541 0.003147 0.005081
0 0.001574 0.002541 0.003147 0.005081
0 0.001574 0.002541 0.003147 0.005081
0 0.001574 0.002541 0.003147 0.005081
0 0.001574 0.002541 0.003147 0.005081
0 0.001574 0.002541 0.003147 0.005081
0 0.001574 0.002541 0.003147 0.005081
0 0.001574 0.002541 0.003147 0.005081
0 0.001574 0.002541 0.003147 0.005081
0 0.001574 0.002541 0.003147 0.005081
0 0.001574 0.002541 0.003147 0.005081
0 0.001574 0.002541 0.003147 0.005081
0 0.001574 0.002541 0.003147 0.005081
0 0.001574 0.002541 0.003147 0.005081
0 0.001574 0.002541 0.003147 0.005081
0 0.001574 0.002541 0.003147 0.005081
0 0.001574 0.002541 0.003147 0.005081
0 0.001574 0.002541 0.003147 0.005081
0 0.001574 0.002541 0.003147 0.005081
0 0.001574 0.002541 0.003147 0.005081