0 0.008675 0.012531 0.017350 0.025063
0 0.008675 0.012531 0.017350 0.025063
0 0.008675 0.012531 0.017350 0.025063
0 0.008675 0.012531 0.017350 0.025063
0 0.008675 0.012531 0.017350 0.025063
0 0.008675 0.012531 0.017350 0.025063
0 0.008675 0.012531 0.017350 0.025063
0 0.008675 0.012531 0.017350 0.025063
0 0.008675 0.012531 0.017350 0.025063
0 0.008675 0.012531 0.017350 0.025063
0 0.008675 0.012531 0.017350 0.025063
0 0.008675 0.012531 0.017350 0.025063
0 0.008675 0.012531 0.017350 0.025063
0 0.008675 0.012531 0.017350 0.025063
0 0.008675 0.012531 0.017350 0.025063
0 0.008675 0.012531 0.017350 0.025063
0 0.008675 0.012531 0.017350 0.025063
0 0.008675 0.012531 0.017350 0.025063
0 0.008675 0.012531 0.017350 0.025063
0 0.008675 0.012531 0.017350 0.025063
0 0.009464 0.012531 0.018927 0.025063
0 0.008675 0.012531 0.017350 0.025063
0 0.008675 0.012531 0.017350 0.025063
0 0.008675 0.012531 0.017350 0.025063
0 0.009464 0.012531 0.018927 0.025063
0 0.008675 0.012531 0.017350 0.025063
0 0.008675 0.012531 0.017350 0.025063