0 0.001131 0.001543 0.002263 0.003085
0 0.001131 0.001543 0.002263 0.003085
0 0.001131 0.001543 0.002263 0.003085
0 0.001337 0.001697 0.002674 0.003394
0 0.001131 0.001697 0.002263 0.003394
0 0.001131 0.001697 0.002263 0.003394
0 0.001131 0.001697 0.002263 0.003394
0 0.001131 0.001543 0.002263 0.003085
0 0.001131 0.001697 0.002263 0.003394
0 0.001131 0.001697 0.002263 0.003394
0 0.001131 0.001697 0.002263 0.003394
0 0.001131 0.001697 0.002263 0.003394
0 0.001131 0.001543 0.002263 0.003085
0 0.001131 0.001697 0.002263 0.003394
0 0.001131 0.001543 0.002263 0.003085
0 0.001131 0.001543 0.002263 0.003085
0 0.001131 0.001697 0.002263 0.003394
0 0.001131 0.001697 0.002263 0.003394
0 0.001131 0.001697 0.002263 0.003394
0 0.001131 0.001697 0.002263 0.003394
0 0.001131 0.001543 0.002263 0.003085
0 0.001131 0.001697 0.002263 0.003394
0 0.001131 0.001543 0.002263 0.003085
0 0.001131 0.001543 0.002263 0.003085
0 0.001131 0.001697 0.002263 0.003394
0 0.001131 0.001697 0.002263 0.003394
0 0.001131 0.001543 0.002263 0.003085
0 0.001131 0.001543 0.002263 0.003085
0 0.001131 0.001697 0.002263 0.003394
0 0.001131 0.001697 0.002263 0.003394