0 0.002689 0.003668 0.005379 0.007337
0 0.002689 0.003668 0.005379 0.007337
0 0.002689 0.003668 0.005379 0.007337
0 0.002689 0.003668 0.005379 0.007337
0 0.002689 0.003668 0.005379 0.007337
0 0.002689 0.003668 0.005379 0.007337
0 0.002689 0.003668 0.005379 0.007337
0 0.002689 0.003668 0.005379 0.007337
0 0.002689 0.003668 0.005379 0.007337
0 0.002689 0.003668 0.005379 0.007337
0 0.002689 0.003668 0.005379 0.007337
0 0.002689 0.003668 0.005379 0.007337
0 0.002689 0.003668 0.005379 0.007337
0 0.002689 0.003668 0.005379 0.007337
0 0.002689 0.003668 0.005379 0.007337
0 0.002689 0.003668 0.005379 0.007337
0 0.002689 0.003668 0.005379 0.007337
0 0.002689 0.003668 0.005379 0.007337
0 0.002689 0.003668 0.005379 0.007337
0 0.002689 0.003668 0.005379 0.007337
0 0.002689 0.003668 0.005379 0.007337
0 0.002689 0.003668 0.005379 0.007337
0 0.002689 0.003668 0.005379 0.007337
0 0.002689 0.003668 0.005379 0.007337
0 0.002689 0.003668 0.005379 0.007337
0 0.002689 0.003668 0.005379 0.007337
0 0.002689 0.003668 0.005379 0.007337
0 0.002689 0.003668 0.005379 0.007337
0 0.002689 0.003668 0.005379 0.007337
0 0.002689 0.003668 0.005379 0.007337
0 0.002689 0.003668 0.005379 0.007337
0 0.002689 0.003668 0.005379 0.007337
0 0.002689 0.003668 0.005379 0.007337
0 0.002689 0.003668 0.005379 0.007337
0 0.002689 0.003668 0.005379 0.007337
0 0.002689 0.003668 0.005379 0.007337
0 0.002689 0.003668 0.005379 0.007337
0 0.002689 0.003668 0.005379 0.007337
0 0.002689 0.003668 0.005379 0.007337
0 0.002689 0.003668 0.005379 0.007337
0 0.002689 0.003668 0.005379 0.007337
0 0.002689 0.003668 0.005379 0.007337
0 0.002689 0.003668 0.005379 0.007337
0 0.002689 0.003668 0.005379 0.007337
0 0.002689 0.003668 0.005379 0.007337
0 0.002689 0.003668 0.005379 0.007337
0 0.002689 0.003668 0.005379 0.007337
0 0.002689 0.003668 0.005379 0.007337