0 0.010784 0.010000 0.021569 0.020000
0 0.010784 0.010000 0.021569 0.020000
0 0.010784 0.010000 0.021569 0.020000
0 0.010784 0.010000 0.021569 0.020000
0 0.010784 0.010000 0.021569 0.020000
0 0.010784 0.010000 0.021569 0.020000
0 0.010784 0.010000 0.021569 0.020000
0 0.010784 0.010000 0.021569 0.020000
0 0.010784 0.010000 0.021569 0.020000
0 0.010784 0.010000 0.021569 0.020000
0 0.010784 0.010000 0.021569 0.020000
0 0.010784 0.010000 0.021569 0.020000
0 0.010784 0.010000 0.021569 0.020000
0 0.010784 0.010000 0.021569 0.020000
0 0.010784 0.010000 0.021569 0.020000
0 0.010784 0.010000 0.021569 0.020000
0 0.010784 0.010000 0.021569 0.020000
0 0.010784 0.010000 0.021569 0.020000
0 0.010784 0.010000 0.021569 0.020000
0 0.010784 0.010000 0.021569 0.020000
0 0.010784 0.010000 0.021569 0.020000
0 0.010784 0.010000 0.021569 0.020000
0 0.010784 0.010000 0.021569 0.020000
0 0.010784 0.010000 0.021569 0.020000
0 0.010784 0.010000 0.021569 0.020000
0 0.010784 0.010000 0.021569 0.020000
0 0.010784 0.010000 0.021569 0.020000
0 0.010784 0.010000 0.021569 0.020000
0 0.010784 0.010000 0.021569 0.020000
0 0.010784 0.010000 0.021569 0.020000
0 0.010784 0.010000 0.021569 0.020000
0 0.010784 0.010000 0.021569 0.020000
0 0.010784 0.010000 0.021569 0.020000
0 0.010784 0.010000 0.021569 0.020000
0 0.010784 0.010000 0.021569 0.020000
0 0.010784 0.010000 0.021569 0.020000
0 0.010784 0.010000 0.021569 0.020000
0 0.010784 0.010000 0.021569 0.020000
0 0.010784 0.010000 0.021569 0.020000
0 0.010784 0.010000 0.021569 0.020000
0 0.010784 0.010000 0.021569 0.020000
0 0.010784 0.010000 0.021569 0.020000
0 0.010784 0.010000 0.021569 0.020000
0 0.010784 0.010000 0.021569 0.020000
0 0.010784 0.010000 0.021569 0.020000
0 0.010784 0.010000 0.021569 0.020000