0 0.005128 0.006418 0.010256 0.012837
0 0.004701 0.006418 0.009402 0.012837
0 0.004701 0.006418 0.009402 0.012837
0 0.004701 0.006418 0.009402 0.012837
0 0.004701 0.006418 0.009402 0.012837
0 0.004701 0.006418 0.009402 0.012837
0 0.004701 0.006418 0.009402 0.012837
0 0.004701 0.006418 0.009402 0.012837
0 0.004701 0.006418 0.009402 0.012837
0 0.004701 0.006418 0.009402 0.012837
0 0.004701 0.006418 0.009402 0.012837
0 0.004701 0.006418 0.009402 0.012837
0 0.004701 0.006418 0.009402 0.012837
0 0.004701 0.006418 0.009402 0.012837
0 0.004701 0.006418 0.009402 0.012837
0 0.004701 0.006418 0.009402 0.012837
0 0.004701 0.006418 0.009402 0.012837
0 0.004701 0.006418 0.009402 0.012837
0 0.004701 0.006418 0.009402 0.012837
0 0.004701 0.006418 0.009402 0.012837
0 0.004701 0.006418 0.009402 0.012837
0 0.004701 0.006418 0.009402 0.012837
0 0.004701 0.006418 0.009402 0.012837
0 0.004701 0.006418 0.009402 0.012837
0 0.004701 0.006418 0.009402 0.012837
0 0.004701 0.006418 0.009402 0.012837
0 0.004701 0.006418 0.009402 0.012837
0 0.004701 0.006418 0.009402 0.012837
0 0.005128 0.006418 0.010256 0.012837
0 0.004701 0.006418 0.009402 0.012837
0 0.004701 0.006418 0.009402 0.012837
0 0.004701 0.006418 0.009402 0.012837
0 0.004701 0.006418 0.009402 0.012837
0 0.004701 0.006418 0.009402 0.012837
0 0.004701 0.006418 0.009402 0.012837
0 0.004701 0.006418 0.009402 0.012837
0 0.004701 0.006418 0.009402 0.012837
0 0.004701 0.006418 0.009402 0.012837
0 0.004701 0.006418 0.009402 0.012837
0 0.004701 0.006418 0.009402 0.012837
0 0.004701 0.006418 0.009402 0.012837
0 0.004701 0.006418 0.009402 0.012837
0 0.004701 0.006418 0.009402 0.012837
0 0.004701 0.006418 0.009402 0.012837
0 0.004701 0.006418 0.009402 0.012837
0 0.004701 0.006418 0.009402 0.012837
0 0.004701 0.006418 0.009402 0.012837
0 0.004701 0.006418 0.009402 0.012837
0 0.004701 0.006418 0.009402 0.012837
0 0.004701 0.006418 0.009402 0.012837
0 0.004701 0.006418 0.009402 0.012837
0 0.004701 0.006418 0.009402 0.012837
0 0.004701 0.006418 0.009402 0.012837
0 0.004701 0.006418 0.009402 0.012837
0 0.004701 0.006418 0.009402 0.012837
0 0.004701 0.006418 0.009402 0.012837
0 0.004701 0.006418 0.009402 0.012837
0 0.004701 0.006418 0.009402 0.012837
0 0.004701 0.006418 0.009402 0.012837
0 0.004701 0.006418 0.009402 0.012837
0 0.004701 0.006418 0.009402 0.012837
0 0.004701 0.006418 0.009402 0.012837
0 0.004701 0.006418 0.009402 0.012837
0 0.004701 0.006418 0.009402 0.012837
0 0.004701 0.006418 0.009402 0.012837
0 0.004701 0.006418 0.009402 0.012837
0 0.004701 0.006418 0.009402 0.012837
0 0.004701 0.006418 0.009402 0.012837
0 0.004701 0.006418 0.009402 0.012837
0 0.004701 0.006418 0.009402 0.012837
0 0.004701 0.006418 0.009402 0.012837
0 0.004701 0.006418 0.009402 0.012837
0 0.004701 0.006418 0.009402 0.012837
0 0.004701 0.006418 0.009402 0.012837
0 0.004701 0.006418 0.009402 0.012837
0 0.004701 0.006418 0.009402 0.012837
0 0.004701 0.006418 0.009402 0.012837
0 0.004701 0.006418 0.009402 0.012837