0 0.010484 0.013298 0.020968 0.026596
0 0.008871 0.013298 0.017742 0.026596
0 0.008871 0.013298 0.017742 0.026596
0 0.010484 0.013298 0.020968 0.026596
0 0.008871 0.013298 0.017742 0.026596
0 0.008871 0.013298 0.017742 0.026596
0 0.008871 0.014628 0.017742 0.029255
0 0.008871 0.013298 0.017742 0.026596
0 0.008871 0.014628 0.017742 0.029255
0 0.008871 0.014628 0.017742 0.029255
0 0.008871 0.013298 0.017742 0.026596
0 0.008871 0.013298 0.017742 0.026596
0 0.008871 0.014628 0.017742 0.029255
0 0.008871 0.013298 0.017742 0.026596
0 0.008871 0.013298 0.017742 0.026596
0 0.008871 0.013298 0.017742 0.026596
0 0.008871 0.014628 0.017742 0.029255
0 0.008871 0.013298 0.017742 0.026596
0 0.008871 0.013298 0.017742 0.026596
0 0.008871 0.013298 0.017742 0.026596
0 0.008871 0.013298 0.017742 0.026596
0 0.008871 0.013298 0.017742 0.026596
0 0.008871 0.013298 0.017742 0.026596
0 0.008871 0.013298 0.017742 0.026596
0 0.008871 0.014628 0.017742 0.029255
0 0.008871 0.013298 0.017742 0.026596
0 0.008871 0.013298 0.017742 0.026596
0 0.008871 0.014628 0.017742 0.029255
0 0.008871 0.014628 0.017742 0.029255
0 0.008871 0.013298 0.017742 0.026596
0 0.008871 0.013298 0.017742 0.026596
0 0.008871 0.013298 0.017742 0.026596
0 0.008871 0.013298 0.017742 0.026596
0 0.008871 0.013298 0.017742 0.026596
0 0.008871 0.013298 0.017742 0.026596
0 0.008871 0.013298 0.017742 0.026596
0 0.010484 0.013298 0.020968 0.026596
0 0.008871 0.013298 0.017742 0.026596
0 0.008871 0.014628 0.017742 0.029255
0 0.008871 0.014628 0.017742 0.029255
0 0.008871 0.013298 0.017742 0.026596
0 0.008871 0.013298 0.017742 0.026596
0 0.008871 0.013298 0.017742 0.026596
0 0.008871 0.014628 0.017742 0.029255
0 0.008871 0.013298 0.017742 0.026596
0 0.008871 0.014628 0.017742 0.029255
0 0.008871 0.013298 0.017742 0.026596
0 0.008871 0.013298 0.017742 0.026596
0 0.010484 0.013298 0.020968 0.026596
0 0.008871 0.014628 0.017742 0.029255
0 0.008871 0.013298 0.017742 0.026596
0 0.008871 0.014628 0.017742 0.029255