0 0.002686 0.004029 0.005371 0.008059
0 0.002686 0.004029 0.005371 0.008059
0 0.002686 0.004029 0.005371 0.008059
0 0.002686 0.004029 0.005371 0.008059
0 0.002686 0.004029 0.005371 0.008059
0 0.002686 0.004029 0.005371 0.008059
0 0.002686 0.004029 0.005371 0.008059
0 0.002686 0.004029 0.005371 0.008059
0 0.002686 0.004029 0.005371 0.008059
0 0.002686 0.003663 0.005371 0.007326
0 0.002930 0.004029 0.005859 0.008059
0 0.002686 0.004029 0.005371 0.008059
0 0.002686 0.004029 0.005371 0.008059
0 0.002686 0.004029 0.005371 0.008059
0 0.002686 0.003663 0.005371 0.007326
0 0.002686 0.004029 0.005371 0.008059
0 0.002686 0.004029 0.005371 0.008059
0 0.002686 0.003663 0.005371 0.007326
0 0.002686 0.004029 0.005371 0.008059
0 0.002686 0.003663 0.005371 0.007326
0 0.002686 0.004029 0.005371 0.008059
0 0.002686 0.004029 0.005371 0.008059
0 0.002686 0.004029 0.005371 0.008059
0 0.002686 0.004029 0.005371 0.008059
0 0.002686 0.004029 0.005371 0.008059
0 0.002686 0.003663 0.005371 0.007326
0 0.002686 0.003663 0.005371 0.007326
0 0.002686 0.004029 0.005371 0.008059
0 0.002686 0.004029 0.005371 0.008059
0 0.002686 0.003663 0.005371 0.007326
0 0.002686 0.003663 0.005371 0.007326
0 0.002686 0.004029 0.005371 0.008059
0 0.002686 0.004029 0.005371 0.008059
0 0.002686 0.004029 0.005371 0.008059
0 0.002686 0.004029 0.005371 0.008059
0 0.002930 0.004029 0.005859 0.008059
0 0.002686 0.004029 0.005371 0.008059
0 0.002686 0.003663 0.005371 0.007326
0 0.002686 0.004029 0.005371 0.008059
0 0.002686 0.003663 0.005371 0.007326
0 0.002686 0.004029 0.005371 0.008059
0 0.002686 0.003663 0.005371 0.007326
0 0.002686 0.004029 0.005371 0.008059
0 0.002686 0.004029 0.005371 0.008059
0 0.002686 0.004029 0.005371 0.008059
0 0.002686 0.004029 0.005371 0.008059
0 0.002686 0.004029 0.005371 0.008059
0 0.002686 0.004029 0.005371 0.008059
0 0.002686 0.004029 0.005371 0.008059
0 0.002686 0.004029 0.005371 0.008059
0 0.002686 0.003663 0.005371 0.007326
0 0.002686 0.004029 0.005371 0.008059
0 0.002686 0.004029 0.005371 0.008059
0 0.002686 0.004029 0.005371 0.008059
0 0.002686 0.003663 0.005371 0.007326
0 0.002686 0.004029 0.005371 0.008059
0 0.002686 0.003663 0.005371 0.007326
0 0.002686 0.004029 0.005371 0.008059
0 0.002930 0.004029 0.005859 0.008059
0 0.002930 0.004029 0.005859 0.008059
0 0.002686 0.004029 0.005371 0.008059
0 0.002686 0.004029 0.005371 0.008059
0 0.002686 0.004029 0.005371 0.008059
0 0.002686 0.004029 0.005371 0.008059
0 0.002686 0.004029 0.005371 0.008059