0 0.003667 0.008000 0.007333 0.016000
0 0.003667 0.008000 0.007333 0.016000
0 0.003667 0.008000 0.007333 0.016000
0 0.003667 0.008000 0.007333 0.016000
0 0.003667 0.008000 0.007333 0.016000
0 0.003667 0.008000 0.007333 0.016000
0 0.003667 0.008000 0.007333 0.016000
0 0.003667 0.008000 0.007333 0.016000
0 0.003667 0.008000 0.007333 0.016000
0 0.003667 0.008000 0.007333 0.016000
0 0.003667 0.008000 0.007333 0.016000
0 0.003667 0.008000 0.007333 0.016000
0 0.003667 0.008000 0.007333 0.016000
0 0.003667 0.008000 0.007333 0.016000
0 0.003667 0.008000 0.007333 0.016000
0 0.003667 0.008000 0.007333 0.016000
0 0.003667 0.008000 0.007333 0.016000
0 0.003667 0.008000 0.007333 0.016000
0 0.003667 0.008000 0.007333 0.016000
0 0.003667 0.008000 0.007333 0.016000
0 0.003667 0.008000 0.007333 0.016000
0 0.003667 0.008000 0.007333 0.016000
0 0.003667 0.008000 0.007333 0.016000
0 0.003667 0.008000 0.007333 0.016000
0 0.003667 0.008000 0.007333 0.016000