0 0.005895 0.016077 0.011790 0.032154
0 0.005895 0.016077 0.011790 0.032154
0 0.005895 0.017685 0.011790 0.035370
0 0.005895 0.016077 0.011790 0.032154
0 0.005895 0.016077 0.011790 0.032154
0 0.005895 0.016077 0.011790 0.032154
0 0.005895 0.016077 0.011790 0.032154
0 0.005895 0.016077 0.011790 0.032154
0 0.005895 0.016077 0.011790 0.032154
0 0.005895 0.016077 0.011790 0.032154
0 0.005895 0.016077 0.011790 0.032154
0 0.005895 0.016077 0.011790 0.032154
0 0.005895 0.016077 0.011790 0.032154
0 0.005895 0.016077 0.011790 0.032154
0 0.005895 0.016077 0.011790 0.032154
0 0.005895 0.016077 0.011790 0.032154
0 0.005895 0.016077 0.011790 0.032154
0 0.005895 0.017685 0.011790 0.035370
0 0.005895 0.016077 0.011790 0.032154
0 0.005895 0.016077 0.011790 0.032154
0 0.005895 0.016077 0.011790 0.032154
0 0.005895 0.017685 0.011790 0.035370
0 0.005895 0.016077 0.011790 0.032154
0 0.005895 0.017685 0.011790 0.035370
0 0.005895 0.016077 0.011790 0.032154
0 0.005895 0.016077 0.011790 0.032154
0 0.005895 0.016077 0.011790 0.032154
0 0.005895 0.016077 0.011790 0.032154
0 0.005895 0.016077 0.011790 0.032154
0 0.005895 0.016077 0.011790 0.032154
0 0.005895 0.016077 0.011790 0.032154