0 0.002644 0.003205 0.005288 0.006410
0 0.002644 0.003205 0.005288 0.006410
0 0.002644 0.003205 0.005288 0.006410
0 0.002644 0.003205 0.005288 0.006410
0 0.003125 0.003205 0.006250 0.006410
0 0.002644 0.003205 0.005288 0.006410
0 0.002644 0.003205 0.005288 0.006410
0 0.002644 0.003205 0.005288 0.006410
0 0.002644 0.003205 0.005288 0.006410
0 0.002644 0.003205 0.005288 0.006410
0 0.002644 0.003205 0.005288 0.006410
0 0.002644 0.003205 0.005288 0.006410
0 0.003125 0.003205 0.006250 0.006410
0 0.003125 0.003205 0.006250 0.006410
0 0.002644 0.003205 0.005288 0.006410
0 0.002644 0.003205 0.005288 0.006410
0 0.002644 0.003205 0.005288 0.006410
0 0.002644 0.003205 0.005288 0.006410
0 0.002644 0.003205 0.005288 0.006410
0 0.002644 0.003205 0.005288 0.006410
0 0.002644 0.003205 0.005288 0.006410
0 0.002644 0.003205 0.005288 0.006410
0 0.002644 0.003205 0.005288 0.006410
0 0.002644 0.003205 0.005288 0.006410
0 0.002644 0.003205 0.005288 0.006410
0 0.003125 0.003205 0.006250 0.006410
0 0.002644 0.003205 0.005288 0.006410
0 0.002644 0.003205 0.005288 0.006410
0 0.002644 0.003205 0.005288 0.006410
0 0.002644 0.003205 0.005288 0.006410
0 0.002644 0.003205 0.005288 0.006410
0 0.002644 0.003205 0.005288 0.006410
0 0.002644 0.003205 0.005288 0.006410
0 0.002644 0.003205 0.005288 0.006410
0 0.002644 0.003205 0.005288 0.006410
0 0.002644 0.003205 0.005288 0.006410
0 0.002644 0.003205 0.005288 0.006410
0 0.002644 0.003205 0.005288 0.006410
0 0.002644 0.003205 0.005288 0.006410
0 0.002644 0.003205 0.005288 0.006410
0 0.002644 0.003205 0.005288 0.006410
0 0.002644 0.003205 0.005288 0.006410
0 0.003125 0.003205 0.006250 0.006410
0 0.003125 0.003205 0.006250 0.006410
0 0.002644 0.003205 0.005288 0.006410
0 0.002644 0.003205 0.005288 0.006410
0 0.002644 0.003205 0.005288 0.006410
0 0.002644 0.003205 0.005288 0.006410
0 0.002644 0.003205 0.005288 0.006410
0 0.002644 0.003205 0.005288 0.006410
0 0.002644 0.003205 0.005288 0.006410
0 0.002644 0.003205 0.005288 0.006410
0 0.002644 0.003205 0.005288 0.006410
0 0.002644 0.003205 0.005288 0.006410
0 0.002644 0.003205 0.005288 0.006410
0 0.002644 0.003205 0.005288 0.006410
0 0.002644 0.003205 0.005288 0.006410
0 0.003125 0.003205 0.006250 0.006410
0 0.002644 0.003205 0.005288 0.006410
0 0.002644 0.003205 0.005288 0.006410
0 0.002644 0.003205 0.005288 0.006410
0 0.002644 0.003205 0.005288 0.006410
0 0.002644 0.003205 0.005288 0.006410
0 0.002644 0.003205 0.005288 0.006410
0 0.002644 0.003205 0.005288 0.006410
0 0.002644 0.003205 0.005288 0.006410
0 0.003125 0.003205 0.006250 0.006410
0 0.002644 0.003205 0.005288 0.006410
0 0.002644 0.003205 0.005288 0.006410
0 0.002644 0.003205 0.005288 0.006410
0 0.003125 0.003205 0.006250 0.006410
0 0.002644 0.003205 0.005288 0.006410
0 0.003125 0.003205 0.006250 0.006410
0 0.002644 0.003205 0.005288 0.006410
0 0.002644 0.003205 0.005288 0.006410
0 0.003125 0.003205 0.006250 0.006410
0 0.002644 0.003205 0.005288 0.006410
0 0.003125 0.003205 0.006250 0.006410
0 0.002644 0.003205 0.005288 0.006410
0 0.002644 0.003205 0.005288 0.006410
0 0.002644 0.003205 0.005288 0.006410
0 0.002644 0.003205 0.005288 0.006410