0 0.007333 0.010261 0.014667 0.020522
0 0.007333 0.010261 0.014667 0.020522
0 0.007333 0.010261 0.014667 0.020522
0 0.007333 0.010261 0.014667 0.020522
0 0.007333 0.010261 0.014667 0.020522
0 0.007333 0.010261 0.014667 0.020522
0 0.007333 0.009328 0.014667 0.018657
0 0.007333 0.010261 0.014667 0.020522
0 0.007333 0.010261 0.014667 0.020522
0 0.007333 0.010261 0.014667 0.020522
0 0.007333 0.009328 0.014667 0.018657
0 0.007333 0.009328 0.014667 0.018657
0 0.007333 0.010261 0.014667 0.020522
0 0.007333 0.009328 0.014667 0.018657
0 0.007333 0.009328 0.014667 0.018657
0 0.007333 0.009328 0.014667 0.018657
0 0.007333 0.009328 0.014667 0.018657
0 0.007333 0.010261 0.014667 0.020522
0 0.007333 0.010261 0.014667 0.020522
0 0.007333 0.010261 0.014667 0.020522
0 0.007333 0.010261 0.014667 0.020522
0 0.007333 0.010261 0.014667 0.020522
0 0.007333 0.009328 0.014667 0.018657
0 0.007333 0.009328 0.014667 0.018657
0 0.007333 0.009328 0.014667 0.018657
0 0.007333 0.010261 0.014667 0.020522
0 0.007333 0.010261 0.014667 0.020522
0 0.007333 0.010261 0.014667 0.020522
0 0.007333 0.010261 0.014667 0.020522
0 0.007333 0.010261 0.014667 0.020522
0 0.007333 0.010261 0.014667 0.020522
0 0.007333 0.010261 0.014667 0.020522
0 0.007333 0.010261 0.014667 0.020522