0 0.006667 0.009804 0.013333 0.019608
0 0.006667 0.009804 0.013333 0.019608
0 0.006667 0.009804 0.013333 0.019608
0 0.006667 0.009804 0.013333 0.019608
0 0.006667 0.009804 0.013333 0.019608
0 0.006667 0.009804 0.013333 0.019608
0 0.006667 0.009804 0.013333 0.019608
0 0.006667 0.009804 0.013333 0.019608
0 0.006667 0.009804 0.013333 0.019608
0 0.006667 0.009804 0.013333 0.019608
0 0.006667 0.009804 0.013333 0.019608
0 0.006667 0.009804 0.013333 0.019608
0 0.006667 0.009804 0.013333 0.019608
0 0.006667 0.009804 0.013333 0.019608
0 0.006667 0.009804 0.013333 0.019608
0 0.006667 0.009804 0.013333 0.019608
0 0.006667 0.009804 0.013333 0.019608
0 0.006667 0.009804 0.013333 0.019608
0 0.006667 0.009804 0.013333 0.019608
0 0.006667 0.009804 0.013333 0.019608
0 0.006667 0.009804 0.013333 0.019608
0 0.006667 0.009804 0.013333 0.019608
0 0.006667 0.009804 0.013333 0.019608
0 0.006667 0.009804 0.013333 0.019608
0 0.006667 0.009804 0.013333 0.019608