0 0.001904 0.002778 0.003809 0.005556
0 0.001904 0.002778 0.003809 0.005556
0 0.001904 0.002778 0.003809 0.005556
0 0.001904 0.002778 0.003809 0.005556
0 0.001904 0.002778 0.003809 0.005556
0 0.001904 0.002778 0.003809 0.005556
0 0.001904 0.002778 0.003809 0.005556
0 0.001904 0.002778 0.003809 0.005556
0 0.001904 0.002778 0.003809 0.005556
0 0.001904 0.002778 0.003809 0.005556
0 0.001904 0.002778 0.003809 0.005556
0 0.001904 0.002778 0.003809 0.005556
0 0.001904 0.002778 0.003809 0.005556
0 0.001904 0.002778 0.003809 0.005556
0 0.001904 0.002778 0.003809 0.005556
0 0.001904 0.002778 0.003809 0.005556
0 0.001904 0.002778 0.003809 0.005556
0 0.001904 0.002778 0.003809 0.005556
0 0.001904 0.002778 0.003809 0.005556
0 0.001904 0.002778 0.003809 0.005556
0 0.001904 0.002778 0.003809 0.005556
0 0.001904 0.002778 0.003809 0.005556
0 0.001904 0.002778 0.003809 0.005556
0 0.001904 0.002778 0.003809 0.005556
0 0.001904 0.002778 0.003809 0.005556
0 0.001904 0.002778 0.003809 0.005556
0 0.001904 0.002778 0.003809 0.005556
0 0.001904 0.002778 0.003809 0.005556
0 0.001904 0.002778 0.003809 0.005556
0 0.001904 0.002778 0.003809 0.005556
0 0.001904 0.002778 0.003809 0.005556
0 0.001904 0.002778 0.003809 0.005556
0 0.001904 0.002778 0.003809 0.005556
0 0.001904 0.002778 0.003809 0.005556
0 0.001904 0.002778 0.003809 0.005556
0 0.001904 0.002778 0.003809 0.005556
0 0.001904 0.002778 0.003809 0.005556
0 0.001904 0.002778 0.003809 0.005556
0 0.001904 0.002778 0.003809 0.005556
0 0.001904 0.002778 0.003809 0.005556