0 0.005914 0.010000 0.011828 0.020000
0 0.005914 0.010000 0.011828 0.020000
0 0.005914 0.010000 0.011828 0.020000
0 0.005914 0.009091 0.011828 0.018182
0 0.005914 0.010000 0.011828 0.020000
0 0.005914 0.009091 0.011828 0.018182
0 0.005914 0.009091 0.011828 0.018182
0 0.005914 0.009091 0.011828 0.018182
0 0.005914 0.009091 0.011828 0.018182
0 0.005914 0.009091 0.011828 0.018182
0 0.005914 0.009091 0.011828 0.018182
0 0.005914 0.010000 0.011828 0.020000
0 0.005914 0.009091 0.011828 0.018182
0 0.005914 0.010000 0.011828 0.020000
0 0.005914 0.009091 0.011828 0.018182
0 0.005914 0.009091 0.011828 0.018182
0 0.005914 0.010000 0.011828 0.020000
0 0.005914 0.009091 0.011828 0.018182
0 0.005914 0.009091 0.011828 0.018182
0 0.005914 0.009091 0.011828 0.018182
0 0.005914 0.009091 0.011828 0.018182
0 0.005914 0.009091 0.011828 0.018182
0 0.006452 0.010000 0.012903 0.020000
0 0.005914 0.009091 0.011828 0.018182
0 0.006452 0.010000 0.012903 0.020000
0 0.005914 0.009091 0.011828 0.018182
0 0.005914 0.009091 0.011828 0.018182
0 0.005914 0.009091 0.011828 0.018182
0 0.005914 0.009091 0.011828 0.018182
0 0.005914 0.009091 0.011828 0.018182
0 0.005914 0.009091 0.011828 0.018182
0 0.005914 0.010000 0.011828 0.020000
0 0.005914 0.009091 0.011828 0.018182
0 0.005914 0.009091 0.011828 0.018182
0 0.005914 0.010000 0.011828 0.020000
0 0.005914 0.009091 0.011828 0.018182
0 0.005914 0.010000 0.011828 0.020000
0 0.005914 0.009091 0.011828 0.018182
0 0.005914 0.010000 0.011828 0.020000
0 0.005914 0.009091 0.011828 0.018182
0 0.005914 0.009091 0.011828 0.018182
0 0.005914 0.009091 0.011828 0.018182
0 0.005914 0.010000 0.011828 0.020000
0 0.005914 0.009091 0.011828 0.018182
0 0.005914 0.009091 0.011828 0.018182
0 0.005914 0.010000 0.011828 0.020000
0 0.005914 0.009091 0.011828 0.018182
0 0.005914 0.010000 0.011828 0.020000
0 0.005914 0.010000 0.011828 0.020000
0 0.005914 0.010000 0.011828 0.020000
0 0.006452 0.010000 0.012903 0.020000
0 0.005914 0.009091 0.011828 0.018182
0 0.005914 0.010000 0.011828 0.020000
0 0.005914 0.010000 0.011828 0.020000
0 0.005914 0.010000 0.011828 0.020000
0 0.005914 0.010000 0.011828 0.020000
0 0.005914 0.010000 0.011828 0.020000
0 0.005914 0.010000 0.011828 0.020000
0 0.005914 0.010000 0.011828 0.020000
0 0.005914 0.010000 0.011828 0.020000
0 0.005914 0.009091 0.011828 0.018182
0 0.005914 0.010000 0.011828 0.020000
0 0.005914 0.009091 0.011828 0.018182
0 0.005914 0.010000 0.011828 0.020000
0 0.005914 0.009091 0.011828 0.018182
0 0.005914 0.010000 0.011828 0.020000