0 0.007483 0.011224 0.014966 0.022449
0 0.008163 0.010204 0.016327 0.020408
0 0.007483 0.011224 0.014966 0.022449
0 0.007483 0.011224 0.014966 0.022449
0 0.007483 0.010204 0.014966 0.020408
0 0.007483 0.011224 0.014966 0.022449
0 0.007483 0.010204 0.014966 0.020408
0 0.007483 0.010204 0.014966 0.020408
0 0.007483 0.010204 0.014966 0.020408
0 0.007483 0.010204 0.014966 0.020408
0 0.007483 0.010204 0.014966 0.020408
0 0.007483 0.010204 0.014966 0.020408
0 0.007483 0.010204 0.014966 0.020408
0 0.007483 0.011224 0.014966 0.022449
0 0.007483 0.011224 0.014966 0.022449
0 0.007483 0.011224 0.014966 0.022449
0 0.007483 0.010204 0.014966 0.020408
0 0.007483 0.010204 0.014966 0.020408
0 0.007483 0.010204 0.014966 0.020408
0 0.007483 0.011224 0.014966 0.022449
0 0.007483 0.011224 0.014966 0.022449
0 0.008163 0.010204 0.016327 0.020408
0 0.007483 0.010204 0.014966 0.020408
0 0.008163 0.010204 0.016327 0.020408
0 0.008163 0.010204 0.016327 0.020408
0 0.007483 0.011224 0.014966 0.022449
0 0.007483 0.011224 0.014966 0.022449
0 0.007483 0.011224 0.014966 0.022449
0 0.007483 0.011224 0.014966 0.022449
0 0.007483 0.011224 0.014966 0.022449
0 0.007483 0.010204 0.014966 0.020408
0 0.007483 0.011224 0.014966 0.022449
0 0.007483 0.010204 0.014966 0.020408
0 0.007483 0.011224 0.014966 0.022449
0 0.007483 0.011224 0.014966 0.022449
0 0.008163 0.010204 0.016327 0.020408
0 0.007483 0.010204 0.014966 0.020408
0 0.007483 0.010204 0.014966 0.020408
0 0.007483 0.011224 0.014966 0.022449
0 0.008163 0.010204 0.016327 0.020408
0 0.007483 0.011224 0.014966 0.022449
0 0.007483 0.010204 0.014966 0.020408
0 0.008163 0.010204 0.016327 0.020408
0 0.007483 0.011224 0.014966 0.022449
0 0.007483 0.011224 0.014966 0.022449
0 0.007483 0.010204 0.014966 0.020408
0 0.007483 0.010204 0.014966 0.020408
0 0.007483 0.011224 0.014966 0.022449
0 0.007483 0.010204 0.014966 0.020408
0 0.007483 0.010204 0.014966 0.020408
0 0.008163 0.010204 0.016327 0.020408
0 0.007483 0.011224 0.014966 0.022449
0 0.008163 0.010204 0.016327 0.020408
0 0.007483 0.011224 0.014966 0.022449
0 0.008163 0.010204 0.016327 0.020408
0 0.007483 0.010204 0.014966 0.020408
0 0.007483 0.010204 0.014966 0.020408
0 0.008163 0.010204 0.016327 0.020408
0 0.007483 0.011224 0.014966 0.022449
0 0.007483 0.010204 0.014966 0.020408
0 0.008163 0.010204 0.016327 0.020408
0 0.007483 0.011224 0.014966 0.022449
0 0.007483 0.010204 0.014966 0.020408
0 0.007483 0.010204 0.014966 0.020408
0 0.007483 0.010204 0.014966 0.020408
0 0.007483 0.011224 0.014966 0.022449
0 0.007483 0.010204 0.014966 0.020408
0 0.007483 0.011224 0.014966 0.022449
0 0.007483 0.010204 0.014966 0.020408
0 0.007483 0.011224 0.014966 0.022449
0 0.007483 0.011224 0.014966 0.022449
0 0.007483 0.010204 0.014966 0.020408
0 0.007483 0.010204 0.014966 0.020408
0 0.007483 0.011224 0.014966 0.022449
0 0.007483 0.010204 0.014966 0.020408
0 0.007483 0.010204 0.014966 0.020408
0 0.007483 0.010204 0.014966 0.020408
0 0.008163 0.010204 0.016327 0.020408
0 0.007483 0.011224 0.014966 0.022449
0 0.007483 0.010204 0.014966 0.020408
0 0.007483 0.011224 0.014966 0.022449
0 0.007483 0.010204 0.014966 0.020408
0 0.007483 0.010204 0.014966 0.020408
0 0.007483 0.010204 0.014966 0.020408
0 0.007483 0.011224 0.014966 0.022449
0 0.007483 0.010204 0.014966 0.020408
0 0.007483 0.010204 0.014966 0.020408
0 0.007483 0.010204 0.014966 0.020408
0 0.007483 0.010204 0.014966 0.020408
0 0.007483 0.011224 0.014966 0.022449
0 0.007483 0.011224 0.014966 0.022449
0 0.007483 0.010204 0.014966 0.020408
0 0.007483 0.011224 0.014966 0.022449
0 0.007483 0.010204 0.014966 0.020408
0 0.007483 0.011224 0.014966 0.022449
0 0.007483 0.011224 0.014966 0.022449
0 0.007483 0.010204 0.014966 0.020408
0 0.007483 0.011224 0.014966 0.022449
0 0.007483 0.010204 0.014966 0.020408
0 0.007483 0.011224 0.014966 0.022449
0 0.007483 0.010204 0.014966 0.020408
0 0.007483 0.011224 0.014966 0.022449
0 0.007483 0.010204 0.014966 0.020408
0 0.007483 0.010204 0.014966 0.020408
0 0.008163 0.010204 0.016327 0.020408
0 0.007483 0.010204 0.014966 0.020408
0 0.007483 0.011224 0.014966 0.022449
0 0.007483 0.011224 0.014966 0.022449
0 0.008163 0.010204 0.016327 0.020408
0 0.007483 0.010204 0.014966 0.020408
0 0.007483 0.011224 0.014966 0.022449
0 0.007483 0.010204 0.014966 0.020408
0 0.007483 0.011224 0.014966 0.022449
0 0.007483 0.011224 0.014966 0.022449
0 0.007483 0.010204 0.014966 0.020408
0 0.007483 0.010204 0.014966 0.020408
0 0.007483 0.011224 0.014966 0.022449
0 0.007483 0.010204 0.014966 0.020408
0 0.007483 0.010204 0.014966 0.020408
0 0.007483 0.010204 0.014966 0.020408
0 0.007483 0.011224 0.014966 0.022449
0 0.008163 0.010204 0.016327 0.020408
0 0.007483 0.010204 0.014966 0.020408
0 0.007483 0.010204 0.014966 0.020408
0 0.007483 0.011224 0.014966 0.022449
0 0.007483 0.010204 0.014966 0.020408
0 0.007483 0.010204 0.014966 0.020408
0 0.007483 0.011224 0.014966 0.022449
0 0.008163 0.010204 0.016327 0.020408
0 0.007483 0.011224 0.014966 0.022449