0 0.010870 0.014837 0.021739 0.029674
0 0.010870 0.014837 0.021739 0.029674
0 0.010870 0.014837 0.021739 0.029674
0 0.010870 0.014837 0.021739 0.029674
0 0.010870 0.014837 0.021739 0.029674
0 0.010870 0.014837 0.021739 0.029674
0 0.010870 0.014837 0.021739 0.029674
0 0.010870 0.014837 0.021739 0.029674
0 0.010870 0.014837 0.021739 0.029674
0 0.010870 0.014837 0.021739 0.029674
0 0.011858 0.014837 0.023715 0.029674
0 0.010870 0.014837 0.021739 0.029674
0 0.010870 0.014837 0.021739 0.029674
0 0.010870 0.014837 0.021739 0.029674
0 0.010870 0.014837 0.021739 0.029674
0 0.010870 0.014837 0.021739 0.029674
0 0.010870 0.014837 0.021739 0.029674
0 0.010870 0.014837 0.021739 0.029674
0 0.010870 0.014837 0.021739 0.029674
0 0.010870 0.014837 0.021739 0.029674
0 0.010870 0.014837 0.021739 0.029674
0 0.010870 0.014837 0.021739 0.029674
0 0.010870 0.014837 0.021739 0.029674
0 0.010870 0.014837 0.021739 0.029674
0 0.010870 0.014837 0.021739 0.029674
0 0.010870 0.014837 0.021739 0.029674
0 0.010870 0.014837 0.021739 0.029674
0 0.011858 0.014837 0.023715 0.029674
0 0.010870 0.014837 0.021739 0.029674
0 0.010870 0.014837 0.021739 0.029674
0 0.010870 0.014837 0.021739 0.029674
0 0.010870 0.014837 0.021739 0.029674
0 0.010870 0.014837 0.021739 0.029674
0 0.010870 0.014837 0.021739 0.029674
0 0.010870 0.014837 0.021739 0.029674
0 0.010870 0.014837 0.021739 0.029674
0 0.010870 0.014837 0.021739 0.029674
0 0.010870 0.014837 0.021739 0.029674
0 0.010870 0.014837 0.021739 0.029674
0 0.010870 0.014837 0.021739 0.029674
0 0.010870 0.014837 0.021739 0.029674
0 0.010870 0.014837 0.021739 0.029674
0 0.010870 0.014837 0.021739 0.029674
0 0.010870 0.014837 0.021739 0.029674
0 0.010870 0.014837 0.021739 0.029674
0 0.010870 0.014837 0.021739 0.029674
0 0.010870 0.014837 0.021739 0.029674
0 0.010870 0.014837 0.021739 0.029674
0 0.010870 0.014837 0.021739 0.029674
0 0.010870 0.014837 0.021739 0.029674
0 0.010870 0.014837 0.021739 0.029674
0 0.010870 0.014837 0.021739 0.029674
0 0.010870 0.014837 0.021739 0.029674
0 0.010870 0.014837 0.021739 0.029674
0 0.010870 0.014837 0.021739 0.029674
0 0.010870 0.014837 0.021739 0.029674
0 0.010870 0.014837 0.021739 0.029674
0 0.010870 0.014837 0.021739 0.029674
0 0.010870 0.014837 0.021739 0.029674
0 0.010870 0.014837 0.021739 0.029674
0 0.010870 0.014837 0.021739 0.029674
0 0.010870 0.014837 0.021739 0.029674
0 0.010870 0.014837 0.021739 0.029674
0 0.010870 0.014837 0.021739 0.029674
0 0.010870 0.014837 0.021739 0.029674
0 0.010870 0.014837 0.021739 0.029674
0 0.010870 0.014837 0.021739 0.029674
0 0.010870 0.014837 0.021739 0.029674
0 0.010870 0.014837 0.021739 0.029674
0 0.010870 0.014837 0.021739 0.029674
0 0.010870 0.014837 0.021739 0.029674
0 0.010870 0.014837 0.021739 0.029674
0 0.010870 0.014837 0.021739 0.029674
0 0.010870 0.014837 0.021739 0.029674
0 0.010870 0.014837 0.021739 0.029674
0 0.010870 0.014837 0.021739 0.029674
0 0.010870 0.014837 0.021739 0.029674
0 0.010870 0.014837 0.021739 0.029674
0 0.010870 0.014837 0.021739 0.029674
0 0.010870 0.014837 0.021739 0.029674
0 0.010870 0.014837 0.021739 0.029674
0 0.010870 0.014837 0.021739 0.029674
0 0.010870 0.014837 0.021739 0.029674
0 0.010870 0.014837 0.021739 0.029674
0 0.010870 0.014837 0.021739 0.029674
0 0.010870 0.014837 0.021739 0.029674
0 0.010870 0.014837 0.021739 0.029674
0 0.010870 0.014837 0.021739 0.029674
0 0.010870 0.014837 0.021739 0.029674
0 0.010870 0.014837 0.021739 0.029674
0 0.010870 0.014837 0.021739 0.029674