0 0.003929 0.005359 0.007857 0.010718
0 0.003929 0.005895 0.007857 0.011790
0 0.003929 0.005359 0.007857 0.010718
0 0.003929 0.005359 0.007857 0.010718
0 0.003929 0.005895 0.007857 0.011790
0 0.003929 0.005895 0.007857 0.011790
0 0.003929 0.005895 0.007857 0.011790
0 0.003929 0.005359 0.007857 0.010718
0 0.003929 0.005895 0.007857 0.011790
0 0.003929 0.005895 0.007857 0.011790
0 0.003929 0.005895 0.007857 0.011790
0 0.003929 0.005895 0.007857 0.011790
0 0.003929 0.005895 0.007857 0.011790
0 0.003929 0.005895 0.007857 0.011790
0 0.004286 0.005895 0.008571 0.011790
0 0.003929 0.005895 0.007857 0.011790
0 0.003929 0.005359 0.007857 0.010718
0 0.003929 0.005359 0.007857 0.010718
0 0.003929 0.005359 0.007857 0.010718
0 0.003929 0.005895 0.007857 0.011790
0 0.003929 0.005359 0.007857 0.010718
0 0.003929 0.005359 0.007857 0.010718
0 0.003929 0.005895 0.007857 0.011790
0 0.003929 0.005895 0.007857 0.011790
0 0.003929 0.005895 0.007857 0.011790
0 0.003929 0.005359 0.007857 0.010718
0 0.003929 0.005359 0.007857 0.010718
0 0.003929 0.005895 0.007857 0.011790
0 0.003929 0.005895 0.007857 0.011790
0 0.003929 0.005895 0.007857 0.011790
0 0.003929 0.005359 0.007857 0.010718
0 0.003929 0.005359 0.007857 0.010718
0 0.003929 0.005895 0.007857 0.011790
0 0.003929 0.005895 0.007857 0.011790
0 0.003929 0.005895 0.007857 0.011790
0 0.003929 0.005359 0.007857 0.010718
0 0.003929 0.005359 0.007857 0.010718
0 0.003929 0.005895 0.007857 0.011790
0 0.003929 0.005895 0.007857 0.011790
0 0.003929 0.005359 0.007857 0.010718
0 0.004286 0.005895 0.008571 0.011790
0 0.003929 0.005359 0.007857 0.010718
0 0.003929 0.005359 0.007857 0.010718
0 0.003929 0.005359 0.007857 0.010718