0 0.008607 0.013889 0.017214 0.027778
0 0.008607 0.013889 0.017214 0.027778
0 0.008607 0.013889 0.017214 0.027778
0 0.008607 0.015278 0.017214 0.030556
0 0.008607 0.013889 0.017214 0.027778
0 0.008607 0.013889 0.017214 0.027778
0 0.008607 0.013889 0.017214 0.027778
0 0.008607 0.015278 0.017214 0.030556
0 0.008607 0.013889 0.017214 0.027778
0 0.008607 0.013889 0.017214 0.027778
0 0.008607 0.013889 0.017214 0.027778
0 0.008607 0.013889 0.017214 0.027778
0 0.008607 0.013889 0.017214 0.027778
0 0.008607 0.013889 0.017214 0.027778
0 0.008607 0.013889 0.017214 0.027778
0 0.008607 0.013889 0.017214 0.027778
0 0.008607 0.015278 0.017214 0.030556
0 0.008607 0.015278 0.017214 0.030556
0 0.008607 0.013889 0.017214 0.027778
0 0.008607 0.013889 0.017214 0.027778
0 0.008607 0.013889 0.017214 0.027778
0 0.008607 0.013889 0.017214 0.027778
0 0.008607 0.013889 0.017214 0.027778
0 0.008607 0.013889 0.017214 0.027778
0 0.008607 0.013889 0.017214 0.027778
0 0.008607 0.013889 0.017214 0.027778
0 0.008607 0.013889 0.017214 0.027778
0 0.008607 0.013889 0.017214 0.027778
0 0.008607 0.015278 0.017214 0.030556
0 0.008607 0.013889 0.017214 0.027778
0 0.008607 0.013889 0.017214 0.027778
0 0.008607 0.013889 0.017214 0.027778
0 0.008607 0.013889 0.017214 0.027778
0 0.008607 0.013889 0.017214 0.027778
0 0.008607 0.013889 0.017214 0.027778
0 0.008607 0.013889 0.017214 0.027778
0 0.008607 0.013889 0.017214 0.027778
0 0.008607 0.015278 0.017214 0.030556
0 0.008607 0.013889 0.017214 0.027778
0 0.008607 0.013889 0.017214 0.027778
0 0.008607 0.013889 0.017214 0.027778
0 0.008607 0.013889 0.017214 0.027778
0 0.008607 0.013889 0.017214 0.027778
0 0.008607 0.013889 0.017214 0.027778
0 0.008607 0.013889 0.017214 0.027778
0 0.008607 0.013889 0.017214 0.027778
0 0.008607 0.013889 0.017214 0.027778
0 0.008607 0.013889 0.017214 0.027778
0 0.008607 0.013889 0.017214 0.027778
0 0.008607 0.013889 0.017214 0.027778
0 0.008607 0.013889 0.017214 0.027778
0 0.008607 0.013889 0.017214 0.027778
0 0.008607 0.013889 0.017214 0.027778