0 0.010000 0.013369 0.020000 0.026738
0 0.010000 0.013369 0.020000 0.026738
0 0.010000 0.013369 0.020000 0.026738
0 0.010000 0.013369 0.020000 0.026738
0 0.010000 0.013369 0.020000 0.026738
0 0.010000 0.013369 0.020000 0.026738
0 0.010000 0.013369 0.020000 0.026738
0 0.010000 0.013369 0.020000 0.026738
0 0.010000 0.013369 0.020000 0.026738
0 0.010000 0.013369 0.020000 0.026738
0 0.010000 0.013369 0.020000 0.026738
0 0.010000 0.013369 0.020000 0.026738
0 0.010000 0.013369 0.020000 0.026738
0 0.010000 0.013369 0.020000 0.026738
0 0.010000 0.013369 0.020000 0.026738
0 0.010000 0.013369 0.020000 0.026738
0 0.010000 0.013369 0.020000 0.026738
0 0.010000 0.013369 0.020000 0.026738
0 0.010000 0.013369 0.020000 0.026738
0 0.010000 0.013369 0.020000 0.026738
0 0.010000 0.013369 0.020000 0.026738
0 0.010000 0.013369 0.020000 0.026738
0 0.010000 0.013369 0.020000 0.026738
0 0.010000 0.013369 0.020000 0.026738