0 0.008871 0.015278 0.017742 0.030556
0 0.008871 0.013889 0.017742 0.027778
0 0.008871 0.013889 0.017742 0.027778
0 0.008871 0.013889 0.017742 0.027778
0 0.008871 0.015278 0.017742 0.030556
0 0.008871 0.015278 0.017742 0.030556
0 0.008871 0.015278 0.017742 0.030556
0 0.008871 0.015278 0.017742 0.030556
0 0.008871 0.015278 0.017742 0.030556
0 0.008871 0.013889 0.017742 0.027778
0 0.008871 0.015278 0.017742 0.030556
0 0.008871 0.013889 0.017742 0.027778
0 0.008871 0.015278 0.017742 0.030556
0 0.008871 0.015278 0.017742 0.030556
0 0.008871 0.013889 0.017742 0.027778
0 0.008871 0.015278 0.017742 0.030556
0 0.008871 0.015278 0.017742 0.030556
0 0.008871 0.015278 0.017742 0.030556
0 0.008871 0.013889 0.017742 0.027778
0 0.008871 0.013889 0.017742 0.027778
0 0.008871 0.015278 0.017742 0.030556
0 0.008871 0.015278 0.017742 0.030556
0 0.008871 0.013889 0.017742 0.027778
0 0.008871 0.015278 0.017742 0.030556
0 0.008871 0.015278 0.017742 0.030556
0 0.008871 0.015278 0.017742 0.030556
0 0.008871 0.015278 0.017742 0.030556
0 0.008871 0.015278 0.017742 0.030556
0 0.008871 0.015278 0.017742 0.030556
0 0.008871 0.015278 0.017742 0.030556
0 0.008871 0.015278 0.017742 0.030556
0 0.008871 0.013889 0.017742 0.027778
0 0.008871 0.015278 0.017742 0.030556
0 0.008871 0.015278 0.017742 0.030556
0 0.008871 0.015278 0.017742 0.030556
0 0.008871 0.015278 0.017742 0.030556
0 0.008871 0.013889 0.017742 0.027778
0 0.008871 0.015278 0.017742 0.030556
0 0.008871 0.015278 0.017742 0.030556
0 0.008871 0.015278 0.017742 0.030556
0 0.008871 0.015278 0.017742 0.030556
0 0.008871 0.015278 0.017742 0.030556
0 0.008871 0.015278 0.017742 0.030556
0 0.008871 0.015278 0.017742 0.030556
0 0.008871 0.015278 0.017742 0.030556
0 0.008871 0.013889 0.017742 0.027778
0 0.008871 0.015278 0.017742 0.030556
0 0.008871 0.015278 0.017742 0.030556
0 0.008871 0.015278 0.017742 0.030556