0 0.005500 0.008333 0.011000 0.016667
0 0.005500 0.008333 0.011000 0.016667
0 0.005500 0.009167 0.011000 0.018333
0 0.005500 0.008333 0.011000 0.016667
0 0.005500 0.008333 0.011000 0.016667
0 0.005500 0.009167 0.011000 0.018333
0 0.005500 0.008333 0.011000 0.016667
0 0.005500 0.008333 0.011000 0.016667
0 0.005500 0.009167 0.011000 0.018333
0 0.005500 0.008333 0.011000 0.016667
0 0.005500 0.008333 0.011000 0.016667
0 0.005500 0.008333 0.011000 0.016667
0 0.005500 0.009167 0.011000 0.018333
0 0.005500 0.008333 0.011000 0.016667
0 0.005500 0.008333 0.011000 0.016667
0 0.005500 0.008333 0.011000 0.016667
0 0.005500 0.008333 0.011000 0.016667
0 0.005500 0.008333 0.011000 0.016667
0 0.005500 0.009167 0.011000 0.018333
0 0.005500 0.009167 0.011000 0.018333
0 0.005500 0.008333 0.011000 0.016667
0 0.005500 0.008333 0.011000 0.016667
0 0.005500 0.008333 0.011000 0.016667
0 0.005500 0.008333 0.011000 0.016667
0 0.005500 0.009167 0.011000 0.018333
0 0.005500 0.008333 0.011000 0.016667
0 0.005500 0.008333 0.011000 0.016667
0 0.005500 0.009167 0.011000 0.018333
0 0.005500 0.008333 0.011000 0.016667
0 0.005500 0.009167 0.011000 0.018333
0 0.005500 0.008333 0.011000 0.016667
0 0.005500 0.008333 0.011000 0.016667
0 0.005500 0.009167 0.011000 0.018333
0 0.005500 0.008333 0.011000 0.016667
0 0.005500 0.008333 0.011000 0.016667
0 0.005500 0.009167 0.011000 0.018333
0 0.005500 0.009167 0.011000 0.018333
0 0.005500 0.008333 0.011000 0.016667
0 0.005500 0.008333 0.011000 0.016667
0 0.005500 0.009167 0.011000 0.018333
0 0.005500 0.008333 0.011000 0.016667
0 0.005500 0.009167 0.011000 0.018333
0 0.005500 0.009167 0.011000 0.018333
0 0.005500 0.008333 0.011000 0.016667
0 0.005500 0.008333 0.011000 0.016667
0 0.005500 0.008333 0.011000 0.016667
0 0.005500 0.009167 0.011000 0.018333
0 0.005500 0.009167 0.011000 0.018333
0 0.005500 0.008333 0.011000 0.016667
0 0.005500 0.008333 0.011000 0.016667
0 0.005500 0.009167 0.011000 0.018333
0 0.005500 0.008333 0.011000 0.016667
0 0.005500 0.008333 0.011000 0.016667
0 0.005500 0.009167 0.011000 0.018333
0 0.005500 0.008333 0.011000 0.016667
0 0.005500 0.008333 0.011000 0.016667
0 0.005500 0.009167 0.011000 0.018333
0 0.005500 0.009167 0.011000 0.018333
0 0.005500 0.009167 0.011000 0.018333
0 0.005500 0.008333 0.011000 0.016667
0 0.005500 0.009167 0.011000 0.018333
0 0.005500 0.009167 0.011000 0.018333
0 0.005500 0.009167 0.011000 0.018333
0 0.005500 0.008333 0.011000 0.016667