0 0.005371 0.007812 0.010742 0.015625
0 0.005371 0.007812 0.010742 0.015625
0 0.005371 0.007812 0.010742 0.015625
0 0.005371 0.007812 0.010742 0.015625
0 0.005371 0.007812 0.010742 0.015625
0 0.005371 0.007812 0.010742 0.015625
0 0.005371 0.007812 0.010742 0.015625
0 0.005371 0.007812 0.010742 0.015625
0 0.005371 0.007812 0.010742 0.015625
0 0.005371 0.007812 0.010742 0.015625
0 0.005371 0.007812 0.010742 0.015625
0 0.005371 0.007812 0.010742 0.015625
0 0.005371 0.007812 0.010742 0.015625
0 0.005371 0.007812 0.010742 0.015625
0 0.005371 0.007812 0.010742 0.015625
0 0.005371 0.007812 0.010742 0.015625
0 0.005371 0.007812 0.010742 0.015625
0 0.005371 0.007812 0.010742 0.015625
0 0.005371 0.007812 0.010742 0.015625
0 0.005371 0.007812 0.010742 0.015625
0 0.005371 0.007812 0.010742 0.015625
0 0.005371 0.007812 0.010742 0.015625
0 0.005371 0.007812 0.010742 0.015625
0 0.005371 0.007812 0.010742 0.015625
0 0.005371 0.007812 0.010742 0.015625
0 0.005371 0.007812 0.010742 0.015625
0 0.005371 0.007812 0.010742 0.015625
0 0.005371 0.007812 0.010742 0.015625
0 0.005371 0.007812 0.010742 0.015625
0 0.005371 0.007812 0.010742 0.015625
0 0.005371 0.007812 0.010742 0.015625
0 0.005371 0.007812 0.010742 0.015625
0 0.005371 0.007812 0.010742 0.015625
0 0.005371 0.007812 0.010742 0.015625
0 0.005371 0.007812 0.010742 0.015625