0 0.004297 0.005789 0.008594 0.011579
0 0.004297 0.005789 0.008594 0.011579
0 0.004297 0.005263 0.008594 0.010526
0 0.004297 0.005263 0.008594 0.010526
0 0.004297 0.005789 0.008594 0.011579
0 0.004297 0.005789 0.008594 0.011579
0 0.004297 0.005263 0.008594 0.010526
0 0.004297 0.005789 0.008594 0.011579
0 0.004297 0.005263 0.008594 0.010526
0 0.004297 0.005789 0.008594 0.011579
0 0.004297 0.005263 0.008594 0.010526
0 0.004297 0.005263 0.008594 0.010526
0 0.004297 0.005789 0.008594 0.011579
0 0.004297 0.005263 0.008594 0.010526
0 0.004297 0.005789 0.008594 0.011579
0 0.004297 0.005263 0.008594 0.010526
0 0.004297 0.005263 0.008594 0.010526
0 0.004297 0.005789 0.008594 0.011579
0 0.004297 0.005263 0.008594 0.010526
0 0.004297 0.005263 0.008594 0.010526
0 0.004297 0.005789 0.008594 0.011579
0 0.004297 0.005263 0.008594 0.010526
0 0.004297 0.005789 0.008594 0.011579
0 0.004297 0.005263 0.008594 0.010526
0 0.004297 0.005789 0.008594 0.011579
0 0.004297 0.005263 0.008594 0.010526
0 0.004297 0.005263 0.008594 0.010526
0 0.004297 0.005263 0.008594 0.010526
0 0.004297 0.005263 0.008594 0.010526
0 0.004297 0.005263 0.008594 0.010526
0 0.004297 0.005789 0.008594 0.011579
0 0.004297 0.005263 0.008594 0.010526
0 0.004297 0.005263 0.008594 0.010526
0 0.004297 0.005263 0.008594 0.010526
0 0.004297 0.005789 0.008594 0.011579
0 0.004297 0.005263 0.008594 0.010526
0 0.004297 0.005263 0.008594 0.010526
0 0.004297 0.005263 0.008594 0.010526
0 0.004297 0.005263 0.008594 0.010526
0 0.004297 0.005263 0.008594 0.010526
0 0.004297 0.005263 0.008594 0.010526
0 0.004297 0.005789 0.008594 0.011579
0 0.004297 0.005263 0.008594 0.010526
0 0.004297 0.005789 0.008594 0.011579
0 0.004297 0.005789 0.008594 0.011579
0 0.004297 0.005789 0.008594 0.011579
0 0.004297 0.005789 0.008594 0.011579
0 0.004297 0.005789 0.008594 0.011579
0 0.004297 0.005263 0.008594 0.010526
0 0.004297 0.005263 0.008594 0.010526
0 0.004297 0.005789 0.008594 0.011579
0 0.004297 0.005263 0.008594 0.010526
0 0.004297 0.005789 0.008594 0.011579
0 0.004297 0.005263 0.008594 0.010526
0 0.004297 0.005263 0.008594 0.010526
0 0.004297 0.005789 0.008594 0.011579
0 0.004297 0.005263 0.008594 0.010526
0 0.004297 0.005263 0.008594 0.010526
0 0.004297 0.005263 0.008594 0.010526
0 0.004297 0.005789 0.008594 0.011579
0 0.004297 0.005263 0.008594 0.010526
0 0.004297 0.005789 0.008594 0.011579
0 0.004297 0.005789 0.008594 0.011579
0 0.004297 0.005263 0.008594 0.010526
0 0.004297 0.005789 0.008594 0.011579
0 0.004297 0.005789 0.008594 0.011579
0 0.004297 0.005789 0.008594 0.011579
0 0.004297 0.005263 0.008594 0.010526
0 0.004687 0.005263 0.009375 0.010526
0 0.004297 0.005789 0.008594 0.011579
0 0.004297 0.005263 0.008594 0.010526
0 0.004297 0.005263 0.008594 0.010526
0 0.004297 0.005789 0.008594 0.011579
0 0.004297 0.005789 0.008594 0.011579
0 0.004297 0.005263 0.008594 0.010526
0 0.004687 0.005789 0.009375 0.011579
0 0.004297 0.005789 0.008594 0.011579
0 0.004297 0.005789 0.008594 0.011579
0 0.004297 0.005789 0.008594 0.011579
0 0.004297 0.005789 0.008594 0.011579
0 0.004297 0.005263 0.008594 0.010526
0 0.004297 0.005263 0.008594 0.010526
0 0.004297 0.005789 0.008594 0.011579
0 0.004297 0.005789 0.008594 0.011579
0 0.004297 0.005263 0.008594 0.010526
0 0.004297 0.005789 0.008594 0.011579
0 0.004297 0.005789 0.008594 0.011579
0 0.004297 0.005263 0.008594 0.010526
0 0.004297 0.005263 0.008594 0.010526
0 0.004297 0.005263 0.008594 0.010526
0 0.004297 0.005263 0.008594 0.010526
0 0.004297 0.005789 0.008594 0.011579
0 0.004297 0.005789 0.008594 0.011579