0 0.001273 0.001543 0.002546 0.003086
0 0.001273 0.001543 0.002546 0.003086
0 0.001273 0.001543 0.002546 0.003086
0 0.001273 0.001543 0.002546 0.003086
0 0.001273 0.001543 0.002546 0.003086
0 0.001273 0.001543 0.002546 0.003086
0 0.001273 0.001543 0.002546 0.003086
0 0.001273 0.001543 0.002546 0.003086
0 0.001273 0.001543 0.002546 0.003086
0 0.001273 0.001543 0.002546 0.003086
0 0.001273 0.001543 0.002546 0.003086
0 0.001273 0.001543 0.002546 0.003086
0 0.001273 0.001543 0.002546 0.003086
0 0.001273 0.001543 0.002546 0.003086
0 0.001273 0.001543 0.002546 0.003086
0 0.001273 0.001543 0.002546 0.003086
0 0.001273 0.001543 0.002546 0.003086
0 0.001273 0.001543 0.002546 0.003086
0 0.001273 0.001543 0.002546 0.003086
0 0.001273 0.001543 0.002546 0.003086
0 0.001273 0.001543 0.002546 0.003086
0 0.001273 0.001543 0.002546 0.003086
0 0.001273 0.001543 0.002546 0.003086
0 0.001273 0.001543 0.002546 0.003086
0 0.001273 0.001543 0.002546 0.003086
0 0.001273 0.001543 0.002546 0.003086
0 0.001273 0.001543 0.002546 0.003086
0 0.001273 0.001543 0.002546 0.003086
0 0.001273 0.001543 0.002546 0.003086
0 0.001273 0.001543 0.002546 0.003086
0 0.001273 0.001543 0.002546 0.003086
0 0.001273 0.001543 0.002546 0.003086
0 0.001273 0.001543 0.002546 0.003086
0 0.001505 0.001543 0.003009 0.003086
0 0.001273 0.001543 0.002546 0.003086
0 0.001273 0.001543 0.002546 0.003086
0 0.001273 0.001543 0.002546 0.003086
0 0.001273 0.001543 0.002546 0.003086
0 0.001273 0.001543 0.002546 0.003086
0 0.001273 0.001543 0.002546 0.003086
0 0.001273 0.001543 0.002546 0.003086
0 0.001273 0.001543 0.002546 0.003086
0 0.001273 0.001543 0.002546 0.003086
0 0.001273 0.001543 0.002546 0.003086
0 0.001273 0.001543 0.002546 0.003086
0 0.001273 0.001543 0.002546 0.003086
0 0.001273 0.001543 0.002546 0.003086
0 0.001273 0.001543 0.002546 0.003086
0 0.001273 0.001543 0.002546 0.003086
0 0.001273 0.001543 0.002546 0.003086
0 0.001273 0.001543 0.002546 0.003086
0 0.001273 0.001543 0.002546 0.003086
0 0.001505 0.001543 0.003009 0.003086
0 0.001273 0.001543 0.002546 0.003086
0 0.001273 0.001543 0.002546 0.003086
0 0.001273 0.001543 0.002546 0.003086
0 0.001273 0.001543 0.002546 0.003086
0 0.001273 0.001543 0.002546 0.003086
0 0.001273 0.001543 0.002546 0.003086
0 0.001273 0.001543 0.002546 0.003086
0 0.001505 0.001543 0.003009 0.003086
0 0.001273 0.001543 0.002546 0.003086
0 0.001273 0.001543 0.002546 0.003086
0 0.001273 0.001543 0.002546 0.003086
0 0.001273 0.001543 0.002546 0.003086
0 0.001273 0.001543 0.002546 0.003086
0 0.001273 0.001543 0.002546 0.003086
0 0.001273 0.001543 0.002546 0.003086
0 0.001273 0.001543 0.002546 0.003086
0 0.001273 0.001543 0.002546 0.003086
0 0.001273 0.001543 0.002546 0.003086
0 0.001273 0.001543 0.002546 0.003086
0 0.001273 0.001543 0.002546 0.003086
0 0.001273 0.001543 0.002546 0.003086
0 0.001273 0.001543 0.002546 0.003086
0 0.001273 0.001543 0.002546 0.003086
0 0.001273 0.001543 0.002546 0.003086
0 0.001273 0.001543 0.002546 0.003086
0 0.001273 0.001543 0.002546 0.003086
0 0.001273 0.001543 0.002546 0.003086
0 0.001273 0.001543 0.002546 0.003086
0 0.001273 0.001543 0.002546 0.003086
0 0.001505 0.001543 0.003009 0.003086
0 0.001273 0.001543 0.002546 0.003086
0 0.001273 0.001543 0.002546 0.003086
0 0.001273 0.001543 0.002546 0.003086
0 0.001273 0.001543 0.002546 0.003086
0 0.001273 0.001543 0.002546 0.003086
0 0.001273 0.001543 0.002546 0.003086
0 0.001505 0.001543 0.003009 0.003086
0 0.001273 0.001543 0.002546 0.003086
0 0.001273 0.001543 0.002546 0.003086
0 0.001273 0.001543 0.002546 0.003086
0 0.001273 0.001543 0.002546 0.003086
0 0.001273 0.001543 0.002546 0.003086
0 0.001273 0.001543 0.002546 0.003086
0 0.001273 0.001543 0.002546 0.003086