0 0.001112 0.001380 0.002224 0.002759
0 0.001112 0.001380 0.002224 0.002759
0 0.001112 0.001380 0.002224 0.002759
0 0.001112 0.001380 0.002224 0.002759
0 0.001112 0.001380 0.002224 0.002759
0 0.001112 0.001380 0.002224 0.002759
0 0.001112 0.001380 0.002224 0.002759
0 0.001112 0.001380 0.002224 0.002759
0 0.001112 0.001380 0.002224 0.002759
0 0.001112 0.001380 0.002224 0.002759
0 0.001112 0.001380 0.002224 0.002759
0 0.001112 0.001380 0.002224 0.002759
0 0.001112 0.001380 0.002224 0.002759
0 0.001112 0.001380 0.002224 0.002759
0 0.001112 0.001380 0.002224 0.002759
0 0.001112 0.001380 0.002224 0.002759
0 0.001112 0.001380 0.002224 0.002759
0 0.001112 0.001380 0.002224 0.002759
0 0.001112 0.001380 0.002224 0.002759
0 0.001112 0.001380 0.002224 0.002759
0 0.001112 0.001380 0.002224 0.002759
0 0.001112 0.001380 0.002224 0.002759
0 0.001112 0.001380 0.002224 0.002759
0 0.001112 0.001380 0.002224 0.002759