0 0.005000 0.006849 0.010000 0.013699
0 0.005000 0.006849 0.010000 0.013699
0 0.005000 0.006849 0.010000 0.013699
0 0.005000 0.006849 0.010000 0.013699
0 0.005000 0.006849 0.010000 0.013699
0 0.005000 0.007534 0.010000 0.015068
0 0.005000 0.006849 0.010000 0.013699
0 0.005000 0.006849 0.010000 0.013699
0 0.005000 0.006849 0.010000 0.013699
0 0.005000 0.006849 0.010000 0.013699
0 0.005000 0.006849 0.010000 0.013699
0 0.005000 0.007534 0.010000 0.015068
0 0.005000 0.007534 0.010000 0.015068
0 0.005000 0.007534 0.010000 0.015068
0 0.005455 0.007534 0.010909 0.015068
0 0.005455 0.006849 0.010909 0.013699
0 0.005000 0.007534 0.010000 0.015068
0 0.005000 0.007534 0.010000 0.015068
0 0.005000 0.006849 0.010000 0.013699
0 0.005000 0.006849 0.010000 0.013699
0 0.005000 0.006849 0.010000 0.013699
0 0.005000 0.006849 0.010000 0.013699
0 0.005000 0.007534 0.010000 0.015068
0 0.005000 0.006849 0.010000 0.013699
0 0.005000 0.007534 0.010000 0.015068
0 0.005000 0.007534 0.010000 0.015068
0 0.005000 0.006849 0.010000 0.013699
0 0.005000 0.006849 0.010000 0.013699
0 0.005000 0.006849 0.010000 0.013699
0 0.005455 0.007534 0.010909 0.015068
0 0.005455 0.006849 0.010909 0.013699
0 0.005000 0.007534 0.010000 0.015068
0 0.005000 0.006849 0.010000 0.013699
0 0.005000 0.006849 0.010000 0.013699
0 0.005000 0.007534 0.010000 0.015068
0 0.005000 0.007534 0.010000 0.015068
0 0.005000 0.006849 0.010000 0.013699
0 0.005000 0.006849 0.010000 0.013699
0 0.005000 0.007534 0.010000 0.015068
0 0.005000 0.006849 0.010000 0.013699
0 0.005000 0.006849 0.010000 0.013699
0 0.005000 0.007534 0.010000 0.015068
0 0.005000 0.006849 0.010000 0.013699
0 0.005000 0.007534 0.010000 0.015068
0 0.005000 0.007534 0.010000 0.015068
0 0.005000 0.006849 0.010000 0.013699
0 0.005000 0.006849 0.010000 0.013699
0 0.005000 0.006849 0.010000 0.013699
0 0.005000 0.006849 0.010000 0.013699
0 0.005000 0.006849 0.010000 0.013699
0 0.005000 0.007534 0.010000 0.015068
0 0.005000 0.006849 0.010000 0.013699
0 0.005000 0.006849 0.010000 0.013699
0 0.005000 0.006849 0.010000 0.013699
0 0.005000 0.007534 0.010000 0.015068
0 0.005000 0.006849 0.010000 0.013699
0 0.005000 0.007534 0.010000 0.015068
0 0.005000 0.006849 0.010000 0.013699
0 0.005000 0.006849 0.010000 0.013699
0 0.005000 0.006849 0.010000 0.013699
0 0.005000 0.007534 0.010000 0.015068
0 0.005000 0.007534 0.010000 0.015068
0 0.005000 0.006849 0.010000 0.013699
0 0.005000 0.007534 0.010000 0.015068
0 0.005000 0.006849 0.010000 0.013699
0 0.005000 0.007534 0.010000 0.015068
0 0.005000 0.007534 0.010000 0.015068
0 0.005000 0.007534 0.010000 0.015068
0 0.005000 0.006849 0.010000 0.013699
0 0.005000 0.006849 0.010000 0.013699
0 0.005000 0.006849 0.010000 0.013699
0 0.005000 0.006849 0.010000 0.013699
0 0.005455 0.007534 0.010909 0.015068
0 0.005000 0.007534 0.010000 0.015068
0 0.005000 0.007534 0.010000 0.015068
0 0.005000 0.006849 0.010000 0.013699
0 0.005455 0.006849 0.010909 0.013699
0 0.005000 0.007534 0.010000 0.015068
0 0.005000 0.006849 0.010000 0.013699
0 0.005455 0.007534 0.010909 0.015068
0 0.005000 0.006849 0.010000 0.013699
0 0.005000 0.006849 0.010000 0.013699
0 0.005000 0.007534 0.010000 0.015068
0 0.005000 0.006849 0.010000 0.013699
0 0.005000 0.006849 0.010000 0.013699
0 0.005000 0.007534 0.010000 0.015068
0 0.005000 0.007534 0.010000 0.015068
0 0.005455 0.007534 0.010909 0.015068
0 0.005455 0.006849 0.010909 0.013699
0 0.005000 0.006849 0.010000 0.013699
0 0.005000 0.006849 0.010000 0.013699
0 0.005000 0.007534 0.010000 0.015068
0 0.005455 0.006849 0.010909 0.013699
0 0.005000 0.007534 0.010000 0.015068
0 0.005000 0.006849 0.010000 0.013699