0 0.005528 0.012019 0.011055 0.024038
0 0.005528 0.012019 0.011055 0.024038
0 0.005528 0.012019 0.011055 0.024038
0 0.005528 0.012019 0.011055 0.024038
0 0.005528 0.012019 0.011055 0.024038
0 0.005528 0.012019 0.011055 0.024038
0 0.005528 0.012019 0.011055 0.024038
0 0.005528 0.012019 0.011055 0.024038
0 0.005528 0.012019 0.011055 0.024038
0 0.005528 0.012019 0.011055 0.024038
0 0.005528 0.012019 0.011055 0.024038
0 0.005528 0.012019 0.011055 0.024038
0 0.005528 0.012019 0.011055 0.024038
0 0.005528 0.012019 0.011055 0.024038
0 0.005528 0.012019 0.011055 0.024038
0 0.005528 0.012019 0.011055 0.024038
0 0.005528 0.012019 0.011055 0.024038
0 0.005528 0.012019 0.011055 0.024038
0 0.005528 0.012019 0.011055 0.024038
0 0.005528 0.012019 0.011055 0.024038
0 0.005528 0.012019 0.011055 0.024038
0 0.005528 0.012019 0.011055 0.024038
0 0.005528 0.012019 0.011055 0.024038
0 0.005528 0.012019 0.011055 0.024038
0 0.005528 0.012019 0.011055 0.024038
0 0.005528 0.012019 0.011055 0.024038
0 0.005528 0.012019 0.011055 0.024038
0 0.005528 0.012019 0.011055 0.024038
0 0.005528 0.012019 0.011055 0.024038
0 0.005528 0.012019 0.011055 0.024038
0 0.005528 0.012019 0.011055 0.024038
0 0.005528 0.012019 0.011055 0.024038
0 0.005528 0.012019 0.011055 0.024038
0 0.005528 0.012019 0.011055 0.024038
0 0.005528 0.012019 0.011055 0.024038
0 0.005528 0.012019 0.011055 0.024038
0 0.005528 0.012019 0.011055 0.024038
0 0.005528 0.012019 0.011055 0.024038
0 0.005528 0.012019 0.011055 0.024038
0 0.005528 0.012019 0.011055 0.024038
0 0.005528 0.012019 0.011055 0.024038
0 0.005528 0.012019 0.011055 0.024038
0 0.005528 0.012019 0.011055 0.024038
0 0.005528 0.012019 0.011055 0.024038
0 0.005528 0.012019 0.011055 0.024038