0 0.004583 0.006875 0.009167 0.013750
0 0.004583 0.006875 0.009167 0.013750
0 0.004583 0.006250 0.009167 0.012500
0 0.004583 0.006250 0.009167 0.012500
0 0.004583 0.006250 0.009167 0.012500
0 0.004583 0.006875 0.009167 0.013750
0 0.004583 0.006250 0.009167 0.012500
0 0.004583 0.006250 0.009167 0.012500
0 0.004583 0.006875 0.009167 0.013750
0 0.004583 0.006875 0.009167 0.013750
0 0.004583 0.006875 0.009167 0.013750
0 0.004583 0.006875 0.009167 0.013750
0 0.004583 0.006875 0.009167 0.013750
0 0.004583 0.006250 0.009167 0.012500
0 0.004583 0.006250 0.009167 0.012500
0 0.004583 0.006875 0.009167 0.013750
0 0.004583 0.006875 0.009167 0.013750
0 0.004583 0.006875 0.009167 0.013750
0 0.004583 0.006875 0.009167 0.013750
0 0.004583 0.006250 0.009167 0.012500
0 0.004583 0.006875 0.009167 0.013750
0 0.004583 0.006875 0.009167 0.013750
0 0.004583 0.006250 0.009167 0.012500
0 0.004583 0.006875 0.009167 0.013750
0 0.004583 0.006250 0.009167 0.012500
0 0.004583 0.006875 0.009167 0.013750
0 0.004583 0.006875 0.009167 0.013750
0 0.004583 0.006875 0.009167 0.013750
0 0.004583 0.006250 0.009167 0.012500
0 0.004583 0.006875 0.009167 0.013750
0 0.004583 0.006250 0.009167 0.012500
0 0.004583 0.006250 0.009167 0.012500
0 0.004583 0.006875 0.009167 0.013750
0 0.004583 0.006250 0.009167 0.012500
0 0.004583 0.006875 0.009167 0.013750
0 0.004583 0.006250 0.009167 0.012500
0 0.004583 0.006875 0.009167 0.013750
0 0.004583 0.006250 0.009167 0.012500
0 0.004583 0.006875 0.009167 0.013750
0 0.004583 0.006250 0.009167 0.012500
0 0.004583 0.006250 0.009167 0.012500
0 0.004583 0.006250 0.009167 0.012500
0 0.004583 0.006875 0.009167 0.013750
0 0.004583 0.006250 0.009167 0.012500
0 0.004583 0.006250 0.009167 0.012500
0 0.004583 0.006250 0.009167 0.012500
0 0.004583 0.006250 0.009167 0.012500
0 0.004583 0.006250 0.009167 0.012500
0 0.004583 0.006875 0.009167 0.013750
0 0.004583 0.006250 0.009167 0.012500
0 0.004583 0.006250 0.009167 0.012500
0 0.004583 0.006250 0.009167 0.012500
0 0.004583 0.006250 0.009167 0.012500
0 0.004583 0.006250 0.009167 0.012500
0 0.004583 0.006875 0.009167 0.013750
0 0.004583 0.006875 0.009167 0.013750
0 0.004583 0.006250 0.009167 0.012500
0 0.004583 0.006250 0.009167 0.012500
0 0.004583 0.006250 0.009167 0.012500
0 0.004583 0.006250 0.009167 0.012500
0 0.004583 0.006250 0.009167 0.012500
0 0.004583 0.006875 0.009167 0.013750
0 0.004583 0.006250 0.009167 0.012500
0 0.004583 0.006250 0.009167 0.012500
0 0.004583 0.006875 0.009167 0.013750
0 0.004583 0.006875 0.009167 0.013750
0 0.004583 0.006250 0.009167 0.012500
0 0.004583 0.006250 0.009167 0.012500
0 0.004583 0.006875 0.009167 0.013750
0 0.004583 0.006250 0.009167 0.012500
0 0.004583 0.006875 0.009167 0.013750
0 0.004583 0.006875 0.009167 0.013750
0 0.004583 0.006250 0.009167 0.012500
0 0.004583 0.006250 0.009167 0.012500
0 0.004583 0.006875 0.009167 0.013750
0 0.004583 0.006875 0.009167 0.013750
0 0.004583 0.006250 0.009167 0.012500
0 0.004583 0.006875 0.009167 0.013750
0 0.004583 0.006875 0.009167 0.013750
0 0.004583 0.006875 0.009167 0.013750
0 0.004583 0.006250 0.009167 0.012500
0 0.004583 0.006250 0.009167 0.012500
0 0.004583 0.006875 0.009167 0.013750
0 0.004583 0.006875 0.009167 0.013750
0 0.004583 0.006250 0.009167 0.012500
0 0.004583 0.006875 0.009167 0.013750
0 0.004583 0.006875 0.009167 0.013750
0 0.004583 0.006250 0.009167 0.012500
0 0.004583 0.006250 0.009167 0.012500