0 0.005085 0.006215 0.010169 0.012429
0 0.004661 0.006215 0.009322 0.012429
0 0.004661 0.006215 0.009322 0.012429
0 0.004661 0.005650 0.009322 0.011299
0 0.004661 0.006215 0.009322 0.012429
0 0.004661 0.006215 0.009322 0.012429
0 0.004661 0.005650 0.009322 0.011299
0 0.004661 0.006215 0.009322 0.012429
0 0.004661 0.006215 0.009322 0.012429
0 0.004661 0.006215 0.009322 0.012429
0 0.004661 0.005650 0.009322 0.011299
0 0.004661 0.005650 0.009322 0.011299
0 0.004661 0.006215 0.009322 0.012429
0 0.004661 0.005650 0.009322 0.011299
0 0.004661 0.006215 0.009322 0.012429
0 0.004661 0.006215 0.009322 0.012429
0 0.004661 0.005650 0.009322 0.011299
0 0.004661 0.006215 0.009322 0.012429
0 0.004661 0.006215 0.009322 0.012429
0 0.004661 0.006215 0.009322 0.012429
0 0.004661 0.006215 0.009322 0.012429
0 0.004661 0.006215 0.009322 0.012429
0 0.004661 0.006215 0.009322 0.012429
0 0.004661 0.006215 0.009322 0.012429
0 0.005085 0.006215 0.010169 0.012429
0 0.004661 0.006215 0.009322 0.012429
0 0.004661 0.005650 0.009322 0.011299
0 0.004661 0.006215 0.009322 0.012429
0 0.004661 0.006215 0.009322 0.012429
0 0.004661 0.005650 0.009322 0.011299
0 0.004661 0.006215 0.009322 0.012429
0 0.004661 0.005650 0.009322 0.011299
0 0.004661 0.006215 0.009322 0.012429
0 0.004661 0.006215 0.009322 0.012429
0 0.004661 0.006215 0.009322 0.012429
0 0.004661 0.006215 0.009322 0.012429
0 0.004661 0.006215 0.009322 0.012429
0 0.004661 0.006215 0.009322 0.012429
0 0.004661 0.006215 0.009322 0.012429
0 0.004661 0.006215 0.009322 0.012429
0 0.004661 0.006215 0.009322 0.012429
0 0.004661 0.006215 0.009322 0.012429
0 0.004661 0.006215 0.009322 0.012429
0 0.004661 0.006215 0.009322 0.012429
0 0.004661 0.006215 0.009322 0.012429
0 0.004661 0.006215 0.009322 0.012429
0 0.004661 0.006215 0.009322 0.012429
0 0.004661 0.006215 0.009322 0.012429
0 0.004661 0.006215 0.009322 0.012429
0 0.004661 0.006215 0.009322 0.012429
0 0.004661 0.006215 0.009322 0.012429
0 0.004661 0.006215 0.009322 0.012429
0 0.004661 0.006215 0.009322 0.012429
0 0.004661 0.006215 0.009322 0.012429
0 0.004661 0.006215 0.009322 0.012429
0 0.004661 0.006215 0.009322 0.012429