0 0.007692 0.009597 0.015385 0.019194
0 0.007051 0.009597 0.014103 0.019194
0 0.007051 0.010557 0.014103 0.021113
0 0.007051 0.009597 0.014103 0.019194
0 0.007692 0.010557 0.015385 0.021113
0 0.007051 0.009597 0.014103 0.019194
0 0.007051 0.010557 0.014103 0.021113
0 0.007051 0.010557 0.014103 0.021113
0 0.007051 0.010557 0.014103 0.021113
0 0.007051 0.010557 0.014103 0.021113
0 0.007051 0.009597 0.014103 0.019194
0 0.007051 0.010557 0.014103 0.021113
0 0.007051 0.010557 0.014103 0.021113
0 0.007051 0.010557 0.014103 0.021113
0 0.007051 0.009597 0.014103 0.019194
0 0.007051 0.010557 0.014103 0.021113
0 0.007051 0.010557 0.014103 0.021113
0 0.007051 0.009597 0.014103 0.019194
0 0.007051 0.010557 0.014103 0.021113
0 0.007051 0.010557 0.014103 0.021113
0 0.007051 0.010557 0.014103 0.021113
0 0.007051 0.010557 0.014103 0.021113
0 0.007051 0.010557 0.014103 0.021113
0 0.007051 0.010557 0.014103 0.021113
0 0.007051 0.010557 0.014103 0.021113
0 0.007051 0.010557 0.014103 0.021113
0 0.007051 0.009597 0.014103 0.019194
0 0.007051 0.010557 0.014103 0.021113
0 0.007051 0.010557 0.014103 0.021113
0 0.007692 0.010557 0.015385 0.021113
0 0.007051 0.009597 0.014103 0.019194
0 0.007051 0.010557 0.014103 0.021113
0 0.007051 0.009597 0.014103 0.019194
0 0.007051 0.010557 0.014103 0.021113
0 0.007692 0.010557 0.015385 0.021113
0 0.007051 0.010557 0.014103 0.021113
0 0.007051 0.010557 0.014103 0.021113