0 0.002880 0.004655 0.005759 0.009311
0 0.002880 0.004655 0.005759 0.009311
0 0.002880 0.004655 0.005759 0.009311
0 0.002880 0.004655 0.005759 0.009311
0 0.002880 0.004655 0.005759 0.009311
0 0.002880 0.004655 0.005759 0.009311
0 0.002880 0.004655 0.005759 0.009311
0 0.002880 0.004655 0.005759 0.009311
0 0.002880 0.004655 0.005759 0.009311
0 0.002880 0.004655 0.005759 0.009311
0 0.002880 0.005121 0.005759 0.010242
0 0.003141 0.004655 0.006283 0.009311
0 0.002880 0.004655 0.005759 0.009311
0 0.002880 0.004655 0.005759 0.009311
0 0.002880 0.004655 0.005759 0.009311
0 0.002880 0.004655 0.005759 0.009311
0 0.002880 0.004655 0.005759 0.009311
0 0.002880 0.004655 0.005759 0.009311
0 0.002880 0.004655 0.005759 0.009311
0 0.002880 0.005121 0.005759 0.010242
0 0.002880 0.004655 0.005759 0.009311
0 0.003141 0.004655 0.006283 0.009311
0 0.002880 0.004655 0.005759 0.009311
0 0.002880 0.004655 0.005759 0.009311
0 0.002880 0.004655 0.005759 0.009311
0 0.002880 0.004655 0.005759 0.009311
0 0.002880 0.004655 0.005759 0.009311
0 0.002880 0.004655 0.005759 0.009311
0 0.002880 0.004655 0.005759 0.009311
0 0.003141 0.004655 0.006283 0.009311
0 0.002880 0.004655 0.005759 0.009311
0 0.003141 0.004655 0.006283 0.009311
0 0.002880 0.004655 0.005759 0.009311
0 0.002880 0.004655 0.005759 0.009311
0 0.002880 0.004655 0.005759 0.009311
0 0.002880 0.004655 0.005759 0.009311
0 0.002880 0.004655 0.005759 0.009311
0 0.002880 0.004655 0.005759 0.009311
0 0.002880 0.004655 0.005759 0.009311
0 0.002880 0.004655 0.005759 0.009311
0 0.002880 0.004655 0.005759 0.009311
0 0.002880 0.005121 0.005759 0.010242
0 0.002880 0.004655 0.005759 0.009311
0 0.002880 0.004655 0.005759 0.009311
0 0.002880 0.004655 0.005759 0.009311
0 0.002880 0.004655 0.005759 0.009311
0 0.002880 0.004655 0.005759 0.009311
0 0.002880 0.004655 0.005759 0.009311
0 0.003141 0.004655 0.006283 0.009311
0 0.002880 0.005121 0.005759 0.010242
0 0.002880 0.004655 0.005759 0.009311
0 0.002880 0.004655 0.005759 0.009311
0 0.002880 0.004655 0.005759 0.009311
0 0.002880 0.004655 0.005759 0.009311
0 0.002880 0.005121 0.005759 0.010242
0 0.002880 0.004655 0.005759 0.009311
0 0.002880 0.004655 0.005759 0.009311
0 0.003141 0.004655 0.006283 0.009311
0 0.002880 0.004655 0.005759 0.009311
0 0.002880 0.005121 0.005759 0.010242
0 0.002880 0.004655 0.005759 0.009311
0 0.002880 0.004655 0.005759 0.009311
0 0.002880 0.004655 0.005759 0.009311
0 0.002880 0.004655 0.005759 0.009311
0 0.002880 0.004655 0.005759 0.009311
0 0.002880 0.004655 0.005759 0.009311
0 0.002880 0.004655 0.005759 0.009311
0 0.002880 0.004655 0.005759 0.009311
0 0.002880 0.004655 0.005759 0.009311
0 0.002880 0.004655 0.005759 0.009311
0 0.002880 0.004655 0.005759 0.009311
0 0.002880 0.004655 0.005759 0.009311
0 0.002880 0.005121 0.005759 0.010242
0 0.002880 0.004655 0.005759 0.009311
0 0.003141 0.004655 0.006283 0.009311
0 0.002880 0.004655 0.005759 0.009311
0 0.002880 0.004655 0.005759 0.009311
0 0.002880 0.004655 0.005759 0.009311
0 0.002880 0.004655 0.005759 0.009311
0 0.002880 0.004655 0.005759 0.009311
0 0.002880 0.005121 0.005759 0.010242
0 0.002880 0.004655 0.005759 0.009311
0 0.002880 0.004655 0.005759 0.009311
0 0.002880 0.004655 0.005759 0.009311
0 0.002880 0.004655 0.005759 0.009311
0 0.002880 0.004655 0.005759 0.009311
0 0.002880 0.004655 0.005759 0.009311
0 0.002880 0.004655 0.005759 0.009311
0 0.002880 0.004655 0.005759 0.009311
0 0.002880 0.004655 0.005759 0.009311
0 0.002880 0.004655 0.005759 0.009311
0 0.002880 0.004655 0.005759 0.009311
0 0.003141 0.004655 0.006283 0.009311
0 0.002880 0.004655 0.005759 0.009311
0 0.002880 0.004655 0.005759 0.009311
0 0.002880 0.005121 0.005759 0.010242
0 0.002880 0.004655 0.005759 0.009311
0 0.002880 0.004655 0.005759 0.009311
0 0.002880 0.005121 0.005759 0.010242
0 0.002880 0.004655 0.005759 0.009311
0 0.002880 0.004655 0.005759 0.009311
0 0.002880 0.004655 0.005759 0.009311
0 0.002880 0.004655 0.005759 0.009311
0 0.002880 0.004655 0.005759 0.009311
0 0.002880 0.004655 0.005759 0.009311
0 0.002880 0.004655 0.005759 0.009311
0 0.002880 0.004655 0.005759 0.009311
0 0.002880 0.004655 0.005759 0.009311
0 0.002880 0.004655 0.005759 0.009311
0 0.002880 0.004655 0.005759 0.009311
0 0.002880 0.004655 0.005759 0.009311