0 0.008462 0.013750 0.016923 0.027500
0 0.008462 0.012500 0.016923 0.025000
0 0.008462 0.012500 0.016923 0.025000
0 0.008462 0.013750 0.016923 0.027500
0 0.008462 0.013750 0.016923 0.027500
0 0.008462 0.013750 0.016923 0.027500
0 0.008462 0.013750 0.016923 0.027500
0 0.008462 0.013750 0.016923 0.027500
0 0.008462 0.013750 0.016923 0.027500
0 0.008462 0.012500 0.016923 0.025000
0 0.008462 0.013750 0.016923 0.027500
0 0.008462 0.012500 0.016923 0.025000
0 0.008462 0.012500 0.016923 0.025000
0 0.008462 0.013750 0.016923 0.027500