0 0.007432 0.012019 0.014865 0.024038
0 0.007432 0.012019 0.014865 0.024038
0 0.007432 0.012019 0.014865 0.024038
0 0.007432 0.012019 0.014865 0.024038
0 0.007432 0.012019 0.014865 0.024038
0 0.007432 0.013221 0.014865 0.026442
0 0.007432 0.013221 0.014865 0.026442
0 0.007432 0.012019 0.014865 0.024038
0 0.007432 0.012019 0.014865 0.024038
0 0.007432 0.012019 0.014865 0.024038
0 0.007432 0.012019 0.014865 0.024038
0 0.007432 0.012019 0.014865 0.024038
0 0.007432 0.012019 0.014865 0.024038
0 0.007432 0.012019 0.014865 0.024038
0 0.007432 0.012019 0.014865 0.024038
0 0.007432 0.012019 0.014865 0.024038
0 0.007432 0.013221 0.014865 0.026442
0 0.007432 0.013221 0.014865 0.026442
0 0.007432 0.012019 0.014865 0.024038
0 0.007432 0.012019 0.014865 0.024038