0 0.005612 0.008065 0.011224 0.016129
0 0.005612 0.008065 0.011224 0.016129
0 0.005612 0.008065 0.011224 0.016129
0 0.005612 0.008065 0.011224 0.016129
0 0.005612 0.008065 0.011224 0.016129
0 0.005612 0.008065 0.011224 0.016129
0 0.005612 0.008065 0.011224 0.016129
0 0.005612 0.008065 0.011224 0.016129
0 0.005612 0.008065 0.011224 0.016129
0 0.005612 0.008065 0.011224 0.016129
0 0.005612 0.008065 0.011224 0.016129
0 0.005612 0.008065 0.011224 0.016129
0 0.005612 0.008065 0.011224 0.016129
0 0.005612 0.008065 0.011224 0.016129
0 0.005612 0.008065 0.011224 0.016129
0 0.005612 0.008065 0.011224 0.016129
0 0.005612 0.008065 0.011224 0.016129
0 0.005612 0.008065 0.011224 0.016129
0 0.005612 0.008065 0.011224 0.016129
0 0.005612 0.008065 0.011224 0.016129
0 0.005612 0.008065 0.011224 0.016129
0 0.005612 0.008065 0.011224 0.016129
0 0.005612 0.008065 0.011224 0.016129
0 0.005612 0.008065 0.011224 0.016129
0 0.005612 0.008065 0.011224 0.016129
0 0.005612 0.008065 0.011224 0.016129
0 0.005612 0.008065 0.011224 0.016129
0 0.005612 0.008065 0.011224 0.016129
0 0.005612 0.008065 0.011224 0.016129
0 0.005612 0.008065 0.011224 0.016129
0 0.005612 0.008065 0.011224 0.016129
0 0.005612 0.008065 0.011224 0.016129
0 0.005612 0.008065 0.011224 0.016129
0 0.005612 0.008065 0.011224 0.016129
0 0.005612 0.008065 0.011224 0.016129
0 0.005612 0.008065 0.011224 0.016129
0 0.005612 0.008065 0.011224 0.016129
0 0.005612 0.008065 0.011224 0.016129
0 0.005612 0.008065 0.011224 0.016129