0 0.001774 0.002151 0.003548 0.004301
0 0.001774 0.002151 0.003548 0.004301
0 0.001774 0.002151 0.003548 0.004301
0 0.001774 0.002151 0.003548 0.004301
0 0.001774 0.002151 0.003548 0.004301
0 0.001774 0.002151 0.003548 0.004301
0 0.001774 0.002151 0.003548 0.004301
0 0.001774 0.002151 0.003548 0.004301
0 0.001774 0.002151 0.003548 0.004301
0 0.001774 0.002151 0.003548 0.004301
0 0.001774 0.002151 0.003548 0.004301
0 0.001774 0.002151 0.003548 0.004301
0 0.001774 0.002151 0.003548 0.004301
0 0.001774 0.002151 0.003548 0.004301
0 0.001774 0.002151 0.003548 0.004301
0 0.001774 0.002151 0.003548 0.004301
0 0.001774 0.002151 0.003548 0.004301
0 0.001774 0.002151 0.003548 0.004301
0 0.001774 0.002151 0.003548 0.004301
0 0.001774 0.002151 0.003548 0.004301
0 0.001774 0.002151 0.003548 0.004301
0 0.001774 0.002151 0.003548 0.004301
0 0.001774 0.002151 0.003548 0.004301
0 0.001774 0.002151 0.003548 0.004301
0 0.001774 0.002151 0.003548 0.004301
0 0.001774 0.002151 0.003548 0.004301
0 0.001774 0.002151 0.003548 0.004301
0 0.001774 0.002151 0.003548 0.004301
0 0.001774 0.002151 0.003548 0.004301
0 0.001774 0.002151 0.003548 0.004301
0 0.001774 0.002151 0.003548 0.004301
0 0.001774 0.002151 0.003548 0.004301
0 0.001774 0.002151 0.003548 0.004301
0 0.001774 0.002151 0.003548 0.004301
0 0.001774 0.002151 0.003548 0.004301