0 0.001833 0.002509 0.003667 0.005018
0 0.001833 0.002509 0.003667 0.005018
0 0.001833 0.002509 0.003667 0.005018
0 0.001833 0.002509 0.003667 0.005018
0 0.001833 0.002509 0.003667 0.005018
0 0.001833 0.002509 0.003667 0.005018
0 0.001833 0.002509 0.003667 0.005018
0 0.001833 0.002509 0.003667 0.005018
0 0.001833 0.002509 0.003667 0.005018
0 0.001833 0.002509 0.003667 0.005018
0 0.001833 0.002509 0.003667 0.005018
0 0.001833 0.002509 0.003667 0.005018
0 0.001833 0.002509 0.003667 0.005018
0 0.001833 0.002509 0.003667 0.005018
0 0.001833 0.002509 0.003667 0.005018
0 0.001833 0.002509 0.003667 0.005018
0 0.001833 0.002509 0.003667 0.005018
0 0.001833 0.002509 0.003667 0.005018
0 0.001833 0.002509 0.003667 0.005018
0 0.001833 0.002509 0.003667 0.005018
0 0.001833 0.002509 0.003667 0.005018
0 0.001833 0.002509 0.003667 0.005018
0 0.001833 0.002509 0.003667 0.005018
0 0.001833 0.002509 0.003667 0.005018
0 0.001833 0.002509 0.003667 0.005018