0 0.003438 0.004766 0.006875 0.009533
0 0.003438 0.005243 0.006875 0.010486
0 0.003438 0.005243 0.006875 0.010486
0 0.003438 0.004766 0.006875 0.009533
0 0.003438 0.004766 0.006875 0.009533
0 0.003438 0.004766 0.006875 0.009533
0 0.003438 0.004766 0.006875 0.009533
0 0.003438 0.004766 0.006875 0.009533
0 0.003438 0.004766 0.006875 0.009533
0 0.003438 0.004766 0.006875 0.009533
0 0.003438 0.004766 0.006875 0.009533
0 0.003438 0.005243 0.006875 0.010486
0 0.003438 0.004766 0.006875 0.009533
0 0.003438 0.004766 0.006875 0.009533
0 0.003438 0.004766 0.006875 0.009533
0 0.003438 0.004766 0.006875 0.009533
0 0.003438 0.004766 0.006875 0.009533
0 0.003438 0.004766 0.006875 0.009533
0 0.003438 0.004766 0.006875 0.009533
0 0.003438 0.004766 0.006875 0.009533
0 0.003438 0.004766 0.006875 0.009533
0 0.003438 0.004766 0.006875 0.009533
0 0.003438 0.004766 0.006875 0.009533
0 0.003438 0.004766 0.006875 0.009533
0 0.003438 0.004766 0.006875 0.009533
0 0.003438 0.004766 0.006875 0.009533
0 0.003438 0.004766 0.006875 0.009533
0 0.003438 0.004766 0.006875 0.009533
0 0.003438 0.004766 0.006875 0.009533
0 0.003438 0.004766 0.006875 0.009533
0 0.003438 0.004766 0.006875 0.009533
0 0.003438 0.004766 0.006875 0.009533
0 0.003438 0.004766 0.006875 0.009533
0 0.003438 0.005243 0.006875 0.010486
0 0.003438 0.004766 0.006875 0.009533
0 0.003438 0.004766 0.006875 0.009533
0 0.003438 0.004766 0.006875 0.009533
0 0.003438 0.004766 0.006875 0.009533
0 0.003438 0.004766 0.006875 0.009533
0 0.003438 0.004766 0.006875 0.009533
0 0.003438 0.004766 0.006875 0.009533
0 0.003438 0.005243 0.006875 0.010486