0 0.005729 0.008488 0.011458 0.016975
0 0.005729 0.007716 0.011458 0.015432
0 0.005729 0.007716 0.011458 0.015432
0 0.005729 0.008488 0.011458 0.016975
0 0.005729 0.008488 0.011458 0.016975
0 0.005729 0.007716 0.011458 0.015432
0 0.005729 0.007716 0.011458 0.015432
0 0.005729 0.007716 0.011458 0.015432
0 0.005729 0.008488 0.011458 0.016975
0 0.005729 0.007716 0.011458 0.015432
0 0.005729 0.008488 0.011458 0.016975
0 0.005729 0.008488 0.011458 0.016975
0 0.005729 0.007716 0.011458 0.015432
0 0.005729 0.008488 0.011458 0.016975
0 0.005729 0.008488 0.011458 0.016975
0 0.005729 0.007716 0.011458 0.015432
0 0.005729 0.007716 0.011458 0.015432
0 0.005729 0.008488 0.011458 0.016975
0 0.005729 0.007716 0.011458 0.015432
0 0.005729 0.007716 0.011458 0.015432
0 0.005729 0.007716 0.011458 0.015432
0 0.005729 0.008488 0.011458 0.016975
0 0.005729 0.007716 0.011458 0.015432
0 0.005729 0.008488 0.011458 0.016975
0 0.005729 0.007716 0.011458 0.015432
0 0.005729 0.007716 0.011458 0.015432
0 0.005729 0.008488 0.011458 0.016975
0 0.005729 0.008488 0.011458 0.016975
0 0.005729 0.008488 0.011458 0.016975
0 0.005729 0.008488 0.011458 0.016975
0 0.005729 0.007716 0.011458 0.015432
0 0.005729 0.007716 0.011458 0.015432
0 0.005729 0.007716 0.011458 0.015432
0 0.005729 0.007716 0.011458 0.015432
0 0.005729 0.008488 0.011458 0.016975
0 0.005729 0.007716 0.011458 0.015432
0 0.005729 0.007716 0.011458 0.015432
0 0.005729 0.008488 0.011458 0.016975
0 0.005729 0.008488 0.011458 0.016975
0 0.005729 0.007716 0.011458 0.015432
0 0.005729 0.007716 0.011458 0.015432
0 0.005729 0.007716 0.011458 0.015432
0 0.005729 0.008488 0.011458 0.016975
0 0.005729 0.008488 0.011458 0.016975
0 0.005729 0.007716 0.011458 0.015432
0 0.005729 0.008488 0.011458 0.016975
0 0.005729 0.007716 0.011458 0.015432