0 0.008594 0.013480 0.017188 0.026961
0 0.008594 0.012255 0.017188 0.024510
0 0.008594 0.013480 0.017188 0.026961
0 0.008594 0.013480 0.017188 0.026961
0 0.008594 0.013480 0.017188 0.026961
0 0.010156 0.012255 0.020313 0.024510
0 0.008594 0.012255 0.017188 0.024510
0 0.008594 0.012255 0.017188 0.024510
0 0.008594 0.012255 0.017188 0.024510
0 0.008594 0.012255 0.017188 0.024510
0 0.008594 0.012255 0.017188 0.024510
0 0.008594 0.012255 0.017188 0.024510
0 0.008594 0.012255 0.017188 0.024510
0 0.008594 0.012255 0.017188 0.024510
0 0.008594 0.012255 0.017188 0.024510
0 0.008594 0.012255 0.017188 0.024510
0 0.008594 0.012255 0.017188 0.024510
0 0.008594 0.012255 0.017188 0.024510
0 0.008594 0.013480 0.017188 0.026961
0 0.008594 0.013480 0.017188 0.026961
0 0.008594 0.013480 0.017188 0.026961
0 0.008594 0.012255 0.017188 0.024510
0 0.008594 0.013480 0.017188 0.026961
0 0.008594 0.013480 0.017188 0.026961
0 0.008594 0.012255 0.017188 0.024510
0 0.008594 0.013480 0.017188 0.026961
0 0.008594 0.013480 0.017188 0.026961
0 0.008594 0.012255 0.017188 0.024510
0 0.008594 0.012255 0.017188 0.024510
0 0.008594 0.013480 0.017188 0.026961
0 0.008594 0.013480 0.017188 0.026961
0 0.008594 0.012255 0.017188 0.024510
0 0.008594 0.013480 0.017188 0.026961
0 0.008594 0.012255 0.017188 0.024510
0 0.010156 0.012255 0.020313 0.024510
0 0.008594 0.012255 0.017188 0.024510
0 0.008594 0.012255 0.017188 0.024510
0 0.008594 0.012255 0.017188 0.024510