0 0.022449 0.011364 0.044898 0.022727
0 0.022449 0.011364 0.044898 0.022727
0 0.022449 0.011364 0.044898 0.022727
0 0.022449 0.011364 0.044898 0.022727
0 0.022449 0.011364 0.044898 0.022727
0 0.022449 0.011364 0.044898 0.022727
0 0.022449 0.011364 0.044898 0.022727
0 0.022449 0.011364 0.044898 0.022727
0 0.022449 0.011364 0.044898 0.022727
0 0.022449 0.012500 0.044898 0.025000
0 0.022449 0.011364 0.044898 0.022727
0 0.022449 0.011364 0.044898 0.022727
0 0.022449 0.011364 0.044898 0.022727
0 0.022449 0.011364 0.044898 0.022727
0 0.022449 0.011364 0.044898 0.022727
0 0.022449 0.011364 0.044898 0.022727
0 0.022449 0.011364 0.044898 0.022727
0 0.022449 0.011364 0.044898 0.022727
0 0.022449 0.011364 0.044898 0.022727
0 0.022449 0.011364 0.044898 0.022727
0 0.022449 0.011364 0.044898 0.022727
0 0.022449 0.011364 0.044898 0.022727
0 0.022449 0.011364 0.044898 0.022727
0 0.022449 0.011364 0.044898 0.022727
0 0.022449 0.011364 0.044898 0.022727
0 0.022449 0.011364 0.044898 0.022727
0 0.022449 0.011364 0.044898 0.022727
0 0.022449 0.011364 0.044898 0.022727
0 0.022449 0.011364 0.044898 0.022727
0 0.022449 0.011364 0.044898 0.022727
0 0.022449 0.011364 0.044898 0.022727
0 0.022449 0.011364 0.044898 0.022727
0 0.022449 0.011364 0.044898 0.022727
0 0.022449 0.011364 0.044898 0.022727
0 0.022449 0.011364 0.044898 0.022727
0 0.022449 0.011364 0.044898 0.022727
0 0.022449 0.011364 0.044898 0.022727
0 0.022449 0.011364 0.044898 0.022727