0 0.008580 0.013889 0.017161 0.027778
0 0.008580 0.013889 0.017161 0.027778
0 0.009360 0.013889 0.018721 0.027778
0 0.008580 0.013889 0.017161 0.027778
0 0.008580 0.013889 0.017161 0.027778
0 0.008580 0.013889 0.017161 0.027778
0 0.008580 0.013889 0.017161 0.027778
0 0.008580 0.013889 0.017161 0.027778
0 0.008580 0.013889 0.017161 0.027778
0 0.008580 0.013889 0.017161 0.027778
0 0.008580 0.013889 0.017161 0.027778
0 0.008580 0.013889 0.017161 0.027778
0 0.008580 0.013889 0.017161 0.027778
0 0.009360 0.013889 0.018721 0.027778
0 0.008580 0.013889 0.017161 0.027778