0 0.006875 0.011111 0.013750 0.022222
0 0.008125 0.011111 0.016250 0.022222
0 0.006875 0.011111 0.013750 0.022222
0 0.006875 0.012222 0.013750 0.024444
0 0.006875 0.012222 0.013750 0.024444
0 0.006875 0.012222 0.013750 0.024444
0 0.008125 0.011111 0.016250 0.022222
0 0.006875 0.012222 0.013750 0.024444
0 0.008125 0.011111 0.016250 0.022222
0 0.006875 0.011111 0.013750 0.022222
0 0.006875 0.011111 0.013750 0.022222
0 0.006875 0.012222 0.013750 0.024444
0 0.006875 0.012222 0.013750 0.024444
0 0.006875 0.012222 0.013750 0.024444
0 0.006875 0.012222 0.013750 0.024444
0 0.006875 0.011111 0.013750 0.022222
0 0.006875 0.012222 0.013750 0.024444
0 0.006875 0.012222 0.013750 0.024444
0 0.006875 0.012222 0.013750 0.024444
0 0.006875 0.012222 0.013750 0.024444
0 0.006875 0.012222 0.013750 0.024444
0 0.006875 0.012222 0.013750 0.024444
0 0.006875 0.012222 0.013750 0.024444
0 0.006875 0.012222 0.013750 0.024444
0 0.006875 0.012222 0.013750 0.024444
0 0.006875 0.012222 0.013750 0.024444
0 0.006875 0.012222 0.013750 0.024444
0 0.006875 0.012222 0.013750 0.024444
0 0.006875 0.012222 0.013750 0.024444
0 0.006875 0.012222 0.013750 0.024444
0 0.006875 0.012222 0.013750 0.024444
0 0.006875 0.011111 0.013750 0.022222
0 0.006875 0.012222 0.013750 0.024444
0 0.006875 0.012222 0.013750 0.024444
0 0.006875 0.012222 0.013750 0.024444
0 0.008125 0.011111 0.016250 0.022222
0 0.006875 0.012222 0.013750 0.024444
0 0.006875 0.011111 0.013750 0.022222
0 0.008125 0.011111 0.016250 0.022222
0 0.006875 0.012222 0.013750 0.024444
0 0.006875 0.011111 0.013750 0.022222
0 0.006875 0.011111 0.013750 0.022222
0 0.006875 0.012222 0.013750 0.024444
0 0.006875 0.011111 0.013750 0.022222
0 0.008125 0.011111 0.016250 0.022222
0 0.006875 0.012222 0.013750 0.024444
0 0.006875 0.012222 0.013750 0.024444
0 0.006875 0.012222 0.013750 0.024444
0 0.006875 0.011111 0.013750 0.022222
0 0.006875 0.012222 0.013750 0.024444
0 0.006875 0.011111 0.013750 0.022222
0 0.006875 0.012222 0.013750 0.024444
0 0.006875 0.012222 0.013750 0.024444
0 0.006875 0.011111 0.013750 0.022222
0 0.006875 0.012222 0.013750 0.024444
0 0.006875 0.011111 0.013750 0.022222
0 0.006875 0.012222 0.013750 0.024444
0 0.006875 0.012222 0.013750 0.024444
0 0.006875 0.012222 0.013750 0.024444
0 0.006875 0.012222 0.013750 0.024444
0 0.006875 0.011111 0.013750 0.022222
0 0.006875 0.012222 0.013750 0.024444
0 0.006875 0.011111 0.013750 0.022222
0 0.006875 0.011111 0.013750 0.022222
0 0.006875 0.012222 0.013750 0.024444
0 0.006875 0.012222 0.013750 0.024444
0 0.006875 0.012222 0.013750 0.024444
0 0.006875 0.012222 0.013750 0.024444
0 0.006875 0.011111 0.013750 0.022222
0 0.006875 0.011111 0.013750 0.022222
0 0.006875 0.012222 0.013750 0.024444
0 0.008125 0.011111 0.016250 0.022222
0 0.006875 0.012222 0.013750 0.024444
0 0.008125 0.012222 0.016250 0.024444
0 0.006875 0.012222 0.013750 0.024444
0 0.008125 0.011111 0.016250 0.022222
0 0.006875 0.012222 0.013750 0.024444
0 0.006875 0.011111 0.013750 0.022222
0 0.006875 0.011111 0.013750 0.022222
0 0.006875 0.012222 0.013750 0.024444
0 0.006875 0.012222 0.013750 0.024444
0 0.006875 0.012222 0.013750 0.024444
0 0.006875 0.012222 0.013750 0.024444
0 0.006875 0.012222 0.013750 0.024444
0 0.006875 0.012222 0.013750 0.024444
0 0.006875 0.012222 0.013750 0.024444
0 0.006875 0.012222 0.013750 0.024444
0 0.006875 0.012222 0.013750 0.024444
0 0.006875 0.011111 0.013750 0.022222
0 0.006875 0.012222 0.013750 0.024444
0 0.006875 0.012222 0.013750 0.024444
0 0.006875 0.012222 0.013750 0.024444
0 0.006875 0.011111 0.013750 0.022222
0 0.006875 0.012222 0.013750 0.024444
0 0.006875 0.012222 0.013750 0.024444
0 0.006875 0.012222 0.013750 0.024444
0 0.006875 0.012222 0.013750 0.024444
0 0.006875 0.011111 0.013750 0.022222
0 0.008125 0.011111 0.016250 0.022222
0 0.006875 0.012222 0.013750 0.024444
0 0.008125 0.012222 0.016250 0.024444
0 0.006875 0.012222 0.013750 0.024444
0 0.006875 0.012222 0.013750 0.024444
0 0.006875 0.012222 0.013750 0.024444
0 0.008125 0.012222 0.016250 0.024444
0 0.008125 0.012222 0.016250 0.024444
0 0.006875 0.012222 0.013750 0.024444
0 0.006875 0.011111 0.013750 0.022222
0 0.006875 0.012222 0.013750 0.024444
0 0.008125 0.011111 0.016250 0.022222
0 0.006875 0.012222 0.013750 0.024444
0 0.006875 0.012222 0.013750 0.024444
0 0.006875 0.011111 0.013750 0.022222
0 0.006875 0.011111 0.013750 0.022222
0 0.008125 0.011111 0.016250 0.022222
0 0.006875 0.012222 0.013750 0.024444
0 0.006875 0.011111 0.013750 0.022222
0 0.006875 0.011111 0.013750 0.022222
0 0.006875 0.012222 0.013750 0.024444
0 0.006875 0.011111 0.013750 0.022222
0 0.006875 0.012222 0.013750 0.024444
0 0.006875 0.012222 0.013750 0.024444
0 0.006875 0.012222 0.013750 0.024444
0 0.006875 0.012222 0.013750 0.024444
0 0.006875 0.012222 0.013750 0.024444
0 0.006875 0.012222 0.013750 0.024444
0 0.006875 0.012222 0.013750 0.024444
0 0.006875 0.012222 0.013750 0.024444
0 0.006875 0.012222 0.013750 0.024444
0 0.006875 0.012222 0.013750 0.024444
0 0.006875 0.012222 0.013750 0.024444
0 0.006875 0.012222 0.013750 0.024444
0 0.006875 0.012222 0.013750 0.024444
0 0.006875 0.012222 0.013750 0.024444
0 0.008125 0.012222 0.016250 0.024444
0 0.006875 0.012222 0.013750 0.024444
0 0.006875 0.012222 0.013750 0.024444
0 0.006875 0.012222 0.013750 0.024444
0 0.006875 0.012222 0.013750 0.024444
0 0.006875 0.012222 0.013750 0.024444
0 0.006875 0.012222 0.013750 0.024444
0 0.006875 0.012222 0.013750 0.024444
0 0.006875 0.012222 0.013750 0.024444
0 0.006875 0.011111 0.013750 0.022222
0 0.006875 0.012222 0.013750 0.024444
0 0.006875 0.011111 0.013750 0.022222
0 0.006875 0.012222 0.013750 0.024444
0 0.006875 0.012222 0.013750 0.024444
0 0.006875 0.012222 0.013750 0.024444
0 0.006875 0.012222 0.013750 0.024444
0 0.006875 0.012222 0.013750 0.024444
0 0.006875 0.011111 0.013750 0.022222
0 0.006875 0.012222 0.013750 0.024444
0 0.006875 0.012222 0.013750 0.024444
0 0.006875 0.011111 0.013750 0.022222
0 0.006875 0.012222 0.013750 0.024444
0 0.006875 0.012222 0.013750 0.024444
0 0.006875 0.012222 0.013750 0.024444
0 0.006875 0.012222 0.013750 0.024444
0 0.008125 0.011111 0.016250 0.022222
0 0.006875 0.011111 0.013750 0.022222
0 0.006875 0.012222 0.013750 0.024444
0 0.006875 0.011111 0.013750 0.022222
0 0.006875 0.012222 0.013750 0.024444
0 0.006875 0.012222 0.013750 0.024444
0 0.006875 0.011111 0.013750 0.022222
0 0.006875 0.011111 0.013750 0.022222
0 0.006875 0.012222 0.013750 0.024444
0 0.006875 0.012222 0.013750 0.024444
0 0.006875 0.012222 0.013750 0.024444
0 0.006875 0.012222 0.013750 0.024444
0 0.006875 0.012222 0.013750 0.024444
0 0.006875 0.012222 0.013750 0.024444
0 0.008125 0.011111 0.016250 0.022222
0 0.006875 0.011111 0.013750 0.022222
0 0.006875 0.012222 0.013750 0.024444
0 0.006875 0.012222 0.013750 0.024444
0 0.006875 0.012222 0.013750 0.024444
0 0.006875 0.012222 0.013750 0.024444
0 0.006875 0.012222 0.013750 0.024444
0 0.006875 0.012222 0.013750 0.024444
0 0.006875 0.012222 0.013750 0.024444
0 0.006875 0.011111 0.013750 0.022222
0 0.006875 0.011111 0.013750 0.022222
0 0.006875 0.012222 0.013750 0.024444
0 0.006875 0.012222 0.013750 0.024444
0 0.006875 0.012222 0.013750 0.024444
0 0.006875 0.012222 0.013750 0.024444
0 0.006875 0.012222 0.013750 0.024444
0 0.006875 0.011111 0.013750 0.022222
0 0.006875 0.012222 0.013750 0.024444
0 0.006875 0.012222 0.013750 0.024444
0 0.008125 0.012222 0.016250 0.024444
0 0.006875 0.011111 0.013750 0.022222
0 0.006875 0.012222 0.013750 0.024444
0 0.006875 0.011111 0.013750 0.022222