0 0.003438 0.004695 0.006875 0.009390
0 0.003438 0.004695 0.006875 0.009390
0 0.003750 0.004695 0.007500 0.009390
0 0.003750 0.004695 0.007500 0.009390
0 0.003750 0.004695 0.007500 0.009390
0 0.003438 0.005164 0.006875 0.010329
0 0.003750 0.004695 0.007500 0.009390
0 0.003750 0.004695 0.007500 0.009390
0 0.003438 0.004695 0.006875 0.009390
0 0.003750 0.004695 0.007500 0.009390
0 0.003438 0.004695 0.006875 0.009390
0 0.003438 0.004695 0.006875 0.009390
0 0.003438 0.004695 0.006875 0.009390
0 0.003438 0.004695 0.006875 0.009390
0 0.003438 0.005164 0.006875 0.010329
0 0.003438 0.004695 0.006875 0.009390
0 0.003438 0.005164 0.006875 0.010329
0 0.003438 0.004695 0.006875 0.009390
0 0.003438 0.004695 0.006875 0.009390
0 0.003438 0.005164 0.006875 0.010329
0 0.003438 0.004695 0.006875 0.009390
0 0.003438 0.005164 0.006875 0.010329
0 0.003438 0.004695 0.006875 0.009390
0 0.003438 0.004695 0.006875 0.009390
0 0.003750 0.004695 0.007500 0.009390
0 0.003750 0.004695 0.007500 0.009390
0 0.003438 0.004695 0.006875 0.009390
0 0.003438 0.004695 0.006875 0.009390
0 0.003438 0.004695 0.006875 0.009390
0 0.003750 0.004695 0.007500 0.009390
0 0.003750 0.004695 0.007500 0.009390
0 0.003438 0.004695 0.006875 0.009390
0 0.003438 0.004695 0.006875 0.009390
0 0.003750 0.004695 0.007500 0.009390
0 0.003438 0.004695 0.006875 0.009390
0 0.003438 0.004695 0.006875 0.009390
0 0.003438 0.004695 0.006875 0.009390
0 0.003438 0.004695 0.006875 0.009390
0 0.003438 0.004695 0.006875 0.009390
0 0.003438 0.004695 0.006875 0.009390
0 0.003438 0.004695 0.006875 0.009390
0 0.003438 0.004695 0.006875 0.009390
0 0.003438 0.004695 0.006875 0.009390
0 0.003438 0.004695 0.006875 0.009390
0 0.003750 0.004695 0.007500 0.009390
0 0.003750 0.004695 0.007500 0.009390
0 0.003750 0.004695 0.007500 0.009390
0 0.003438 0.004695 0.006875 0.009390
0 0.003438 0.004695 0.006875 0.009390
0 0.003750 0.004695 0.007500 0.009390
0 0.003750 0.004695 0.007500 0.009390
0 0.003750 0.004695 0.007500 0.009390
0 0.003438 0.005164 0.006875 0.010329
0 0.003438 0.004695 0.006875 0.009390
0 0.003438 0.004695 0.006875 0.009390
0 0.003750 0.005164 0.007500 0.010329
0 0.003438 0.005164 0.006875 0.010329
0 0.003438 0.005164 0.006875 0.010329
0 0.003438 0.004695 0.006875 0.009390
0 0.003750 0.004695 0.007500 0.009390
0 0.003750 0.004695 0.007500 0.009390
0 0.003438 0.005164 0.006875 0.010329
0 0.003438 0.004695 0.006875 0.009390
0 0.003750 0.004695 0.007500 0.009390
0 0.003438 0.004695 0.006875 0.009390
0 0.003438 0.004695 0.006875 0.009390
0 0.003750 0.004695 0.007500 0.009390
0 0.003438 0.005164 0.006875 0.010329
0 0.003438 0.005164 0.006875 0.010329
0 0.003438 0.004695 0.006875 0.009390
0 0.003438 0.004695 0.006875 0.009390
0 0.003438 0.004695 0.006875 0.009390
0 0.003438 0.004695 0.006875 0.009390
0 0.003438 0.005164 0.006875 0.010329
0 0.003438 0.004695 0.006875 0.009390
0 0.003438 0.004695 0.006875 0.009390
0 0.003438 0.004695 0.006875 0.009390
0 0.003438 0.005164 0.006875 0.010329
0 0.003438 0.004695 0.006875 0.009390
0 0.003438 0.004695 0.006875 0.009390
0 0.003438 0.004695 0.006875 0.009390
0 0.003438 0.004695 0.006875 0.009390
0 0.003438 0.005164 0.006875 0.010329
0 0.003750 0.004695 0.007500 0.009390
0 0.003438 0.004695 0.006875 0.009390
0 0.003750 0.004695 0.007500 0.009390
0 0.003438 0.004695 0.006875 0.009390
0 0.003438 0.005164 0.006875 0.010329
0 0.003438 0.004695 0.006875 0.009390
0 0.003750 0.004695 0.007500 0.009390
0 0.003750 0.004695 0.007500 0.009390
0 0.003438 0.004695 0.006875 0.009390
0 0.003750 0.004695 0.007500 0.009390
0 0.003438 0.004695 0.006875 0.009390
0 0.003750 0.004695 0.007500 0.009390
0 0.003438 0.004695 0.006875 0.009390
0 0.003438 0.004695 0.006875 0.009390
0 0.003438 0.005164 0.006875 0.010329
0 0.003438 0.004695 0.006875 0.009390
0 0.003438 0.004695 0.006875 0.009390
0 0.003438 0.005164 0.006875 0.010329
0 0.003438 0.004695 0.006875 0.009390
0 0.003750 0.004695 0.007500 0.009390
0 0.003438 0.004695 0.006875 0.009390
0 0.003438 0.004695 0.006875 0.009390
0 0.003438 0.004695 0.006875 0.009390
0 0.003750 0.004695 0.007500 0.009390
0 0.003438 0.004695 0.006875 0.009390
0 0.003438 0.005164 0.006875 0.010329
0 0.003438 0.005164 0.006875 0.010329
0 0.003438 0.004695 0.006875 0.009390
0 0.003750 0.004695 0.007500 0.009390
0 0.003438 0.005164 0.006875 0.010329
0 0.003438 0.004695 0.006875 0.009390
0 0.003438 0.004695 0.006875 0.009390
0 0.003438 0.005164 0.006875 0.010329
0 0.003438 0.005164 0.006875 0.010329
0 0.003438 0.004695 0.006875 0.009390
0 0.003438 0.004695 0.006875 0.009390
0 0.003438 0.005164 0.006875 0.010329
0 0.003438 0.004695 0.006875 0.009390
0 0.003438 0.004695 0.006875 0.009390
0 0.003750 0.004695 0.007500 0.009390
0 0.003438 0.005164 0.006875 0.010329
0 0.003438 0.005164 0.006875 0.010329
0 0.003750 0.005164 0.007500 0.010329
0 0.003438 0.005164 0.006875 0.010329
0 0.003750 0.004695 0.007500 0.009390
0 0.003438 0.004695 0.006875 0.009390
0 0.003438 0.005164 0.006875 0.010329
0 0.003438 0.004695 0.006875 0.009390
0 0.003438 0.004695 0.006875 0.009390
0 0.003438 0.004695 0.006875 0.009390
0 0.003438 0.004695 0.006875 0.009390
0 0.003438 0.004695 0.006875 0.009390