0 0.008871 0.010753 0.017742 0.021505
0 0.008871 0.010753 0.017742 0.021505
0 0.008871 0.010753 0.017742 0.021505
0 0.008871 0.011828 0.017742 0.023656
0 0.008871 0.010753 0.017742 0.021505
0 0.008871 0.010753 0.017742 0.021505
0 0.008871 0.010753 0.017742 0.021505
0 0.008871 0.010753 0.017742 0.021505
0 0.008871 0.010753 0.017742 0.021505
0 0.008871 0.010753 0.017742 0.021505
0 0.008871 0.010753 0.017742 0.021505
0 0.008871 0.010753 0.017742 0.021505
0 0.008871 0.010753 0.017742 0.021505
0 0.008871 0.010753 0.017742 0.021505
0 0.008871 0.010753 0.017742 0.021505
0 0.008871 0.010753 0.017742 0.021505
0 0.008871 0.010753 0.017742 0.021505
0 0.008871 0.010753 0.017742 0.021505
0 0.008871 0.010753 0.017742 0.021505
0 0.008871 0.010753 0.017742 0.021505
0 0.008871 0.010753 0.017742 0.021505
0 0.008871 0.010753 0.017742 0.021505
0 0.008871 0.010753 0.017742 0.021505
0 0.008871 0.010753 0.017742 0.021505
0 0.008871 0.010753 0.017742 0.021505
0 0.008871 0.010753 0.017742 0.021505
0 0.008871 0.010753 0.017742 0.021505
0 0.008871 0.010753 0.017742 0.021505
0 0.008871 0.010753 0.017742 0.021505
0 0.008871 0.010753 0.017742 0.021505
0 0.008871 0.010753 0.017742 0.021505
0 0.008871 0.011828 0.017742 0.023656
0 0.008871 0.010753 0.017742 0.021505
0 0.008871 0.010753 0.017742 0.021505
0 0.008871 0.010753 0.017742 0.021505
0 0.008871 0.010753 0.017742 0.021505
0 0.008871 0.010753 0.017742 0.021505
0 0.008871 0.011828 0.017742 0.023656
0 0.008871 0.010753 0.017742 0.021505
0 0.008871 0.010753 0.017742 0.021505
0 0.008871 0.011828 0.017742 0.023656
0 0.008871 0.010753 0.017742 0.021505
0 0.008871 0.010753 0.017742 0.021505
0 0.008871 0.010753 0.017742 0.021505
0 0.008871 0.010753 0.017742 0.021505
0 0.008871 0.010753 0.017742 0.021505
0 0.008871 0.010753 0.017742 0.021505
0 0.008871 0.010753 0.017742 0.021505
0 0.008871 0.010753 0.017742 0.021505
0 0.008871 0.010753 0.017742 0.021505
0 0.008871 0.011828 0.017742 0.023656