0 0.001383 0.001890 0.002766 0.003779
0 0.001383 0.001890 0.002766 0.003779
0 0.001383 0.001890 0.002766 0.003779
0 0.001383 0.001890 0.002766 0.003779
0 0.001383 0.001890 0.002766 0.003779
0 0.001383 0.001890 0.002766 0.003779
0 0.001383 0.001890 0.002766 0.003779
0 0.001383 0.001890 0.002766 0.003779
0 0.001383 0.001890 0.002766 0.003779
0 0.001383 0.001890 0.002766 0.003779
0 0.001383 0.001890 0.002766 0.003779
0 0.001383 0.001890 0.002766 0.003779
0 0.001383 0.001890 0.002766 0.003779
0 0.001383 0.001890 0.002766 0.003779
0 0.001383 0.001890 0.002766 0.003779
0 0.001383 0.001890 0.002766 0.003779
0 0.001383 0.001890 0.002766 0.003779
0 0.001383 0.001890 0.002766 0.003779
0 0.001383 0.001890 0.002766 0.003779
0 0.001383 0.001890 0.002766 0.003779
0 0.001383 0.001890 0.002766 0.003779
0 0.001383 0.001890 0.002766 0.003779
0 0.001383 0.001890 0.002766 0.003779
0 0.001383 0.001890 0.002766 0.003779
0 0.001383 0.001890 0.002766 0.003779
0 0.001383 0.001890 0.002766 0.003779
0 0.001383 0.001890 0.002766 0.003779
0 0.001383 0.001890 0.002766 0.003779
0 0.001383 0.001890 0.002766 0.003779
0 0.001383 0.001890 0.002766 0.003779
0 0.001383 0.001890 0.002766 0.003779
0 0.001383 0.001890 0.002766 0.003779
0 0.001383 0.001890 0.002766 0.003779
0 0.001383 0.001890 0.002766 0.003779
0 0.001383 0.001890 0.002766 0.003779
0 0.001383 0.001890 0.002766 0.003779
0 0.001383 0.001890 0.002766 0.003779
0 0.001383 0.001890 0.002766 0.003779
0 0.001383 0.001890 0.002766 0.003779
0 0.001383 0.001890 0.002766 0.003779
0 0.001383 0.001890 0.002766 0.003779
0 0.001383 0.001890 0.002766 0.003779