0 0.004059 0.004902 0.008118 0.009804
0 0.004059 0.004902 0.008118 0.009804
0 0.004059 0.004902 0.008118 0.009804
0 0.004059 0.004902 0.008118 0.009804
0 0.004059 0.004902 0.008118 0.009804
0 0.004059 0.004902 0.008118 0.009804
0 0.004059 0.004902 0.008118 0.009804
0 0.004059 0.004902 0.008118 0.009804
0 0.004059 0.004902 0.008118 0.009804
0 0.004059 0.005392 0.008118 0.010784
0 0.004059 0.004902 0.008118 0.009804
0 0.004059 0.004902 0.008118 0.009804
0 0.004059 0.004902 0.008118 0.009804
0 0.004059 0.004902 0.008118 0.009804
0 0.004059 0.004902 0.008118 0.009804
0 0.004059 0.004902 0.008118 0.009804
0 0.004059 0.004902 0.008118 0.009804
0 0.004059 0.004902 0.008118 0.009804
0 0.004059 0.004902 0.008118 0.009804
0 0.004059 0.004902 0.008118 0.009804
0 0.004059 0.005392 0.008118 0.010784
0 0.004059 0.004902 0.008118 0.009804
0 0.004059 0.004902 0.008118 0.009804
0 0.004059 0.004902 0.008118 0.009804
0 0.004059 0.004902 0.008118 0.009804
0 0.004059 0.004902 0.008118 0.009804
0 0.004059 0.004902 0.008118 0.009804
0 0.004059 0.005392 0.008118 0.010784
0 0.004059 0.004902 0.008118 0.009804
0 0.004059 0.004902 0.008118 0.009804
0 0.004059 0.004902 0.008118 0.009804
0 0.004059 0.004902 0.008118 0.009804
0 0.004059 0.004902 0.008118 0.009804
0 0.004059 0.004902 0.008118 0.009804
0 0.004059 0.004902 0.008118 0.009804
0 0.004059 0.004902 0.008118 0.009804
0 0.004059 0.004902 0.008118 0.009804
0 0.004059 0.005392 0.008118 0.010784
0 0.004059 0.004902 0.008118 0.009804
0 0.004059 0.004902 0.008118 0.009804
0 0.004059 0.004902 0.008118 0.009804
0 0.004059 0.004902 0.008118 0.009804
0 0.004059 0.004902 0.008118 0.009804
0 0.004059 0.004902 0.008118 0.009804
0 0.004059 0.004902 0.008118 0.009804
0 0.004059 0.004902 0.008118 0.009804
0 0.004059 0.004902 0.008118 0.009804
0 0.004059 0.004902 0.008118 0.009804
0 0.004059 0.004902 0.008118 0.009804
0 0.004059 0.004902 0.008118 0.009804
0 0.004059 0.004902 0.008118 0.009804
0 0.004059 0.004902 0.008118 0.009804
0 0.004059 0.004902 0.008118 0.009804
0 0.004059 0.004902 0.008118 0.009804
0 0.004059 0.004902 0.008118 0.009804
0 0.004059 0.004902 0.008118 0.009804
0 0.004059 0.004902 0.008118 0.009804
0 0.004059 0.005392 0.008118 0.010784
0 0.004059 0.004902 0.008118 0.009804
0 0.004059 0.004902 0.008118 0.009804
0 0.004059 0.004902 0.008118 0.009804
0 0.004059 0.004902 0.008118 0.009804
0 0.004059 0.004902 0.008118 0.009804
0 0.004059 0.004902 0.008118 0.009804
0 0.004059 0.004902 0.008118 0.009804
0 0.004059 0.004902 0.008118 0.009804
0 0.004059 0.004902 0.008118 0.009804
0 0.004059 0.005392 0.008118 0.010784
0 0.004059 0.004902 0.008118 0.009804
0 0.004059 0.004902 0.008118 0.009804
0 0.004059 0.004902 0.008118 0.009804
0 0.004059 0.004902 0.008118 0.009804
0 0.004059 0.004902 0.008118 0.009804
0 0.004059 0.004902 0.008118 0.009804
0 0.004059 0.004902 0.008118 0.009804
0 0.004059 0.004902 0.008118 0.009804
0 0.004059 0.004902 0.008118 0.009804