0 0.010784 0.015152 0.021569 0.030303
0 0.010784 0.015152 0.021569 0.030303
0 0.010784 0.015152 0.021569 0.030303
0 0.010784 0.015152 0.021569 0.030303
0 0.010784 0.015152 0.021569 0.030303
0 0.010784 0.015152 0.021569 0.030303
0 0.010784 0.016667 0.021569 0.033333
0 0.010784 0.015152 0.021569 0.030303
0 0.010784 0.016667 0.021569 0.033333
0 0.010784 0.015152 0.021569 0.030303
0 0.010784 0.015152 0.021569 0.030303
0 0.010784 0.015152 0.021569 0.030303
0 0.010784 0.015152 0.021569 0.030303
0 0.010784 0.015152 0.021569 0.030303
0 0.010784 0.015152 0.021569 0.030303
0 0.010784 0.015152 0.021569 0.030303
0 0.010784 0.015152 0.021569 0.030303
0 0.010784 0.015152 0.021569 0.030303
0 0.010784 0.015152 0.021569 0.030303
0 0.010784 0.015152 0.021569 0.030303
0 0.010784 0.015152 0.021569 0.030303
0 0.010784 0.015152 0.021569 0.030303
0 0.010784 0.015152 0.021569 0.030303