0 0.006875 0.008375 0.013750 0.016750
0 0.006875 0.009213 0.013750 0.018425
0 0.006875 0.009213 0.013750 0.018425
0 0.006875 0.009213 0.013750 0.018425
0 0.006875 0.009213 0.013750 0.018425
0 0.006875 0.008375 0.013750 0.016750
0 0.007500 0.008375 0.015000 0.016750
0 0.007500 0.009213 0.015000 0.018425
0 0.007500 0.009213 0.015000 0.018425
0 0.006875 0.009213 0.013750 0.018425
0 0.007500 0.008375 0.015000 0.016750
0 0.007500 0.008375 0.015000 0.016750
0 0.006875 0.009213 0.013750 0.018425
0 0.006875 0.009213 0.013750 0.018425
0 0.006875 0.009213 0.013750 0.018425
0 0.007500 0.009213 0.015000 0.018425
0 0.006875 0.008375 0.013750 0.016750
0 0.006875 0.009213 0.013750 0.018425
0 0.006875 0.008375 0.013750 0.016750
0 0.006875 0.008375 0.013750 0.016750
0 0.006875 0.008375 0.013750 0.016750
0 0.006875 0.009213 0.013750 0.018425
0 0.006875 0.009213 0.013750 0.018425
0 0.006875 0.009213 0.013750 0.018425
0 0.007500 0.009213 0.015000 0.018425
0 0.006875 0.009213 0.013750 0.018425
0 0.006875 0.009213 0.013750 0.018425
0 0.006875 0.009213 0.013750 0.018425
0 0.006875 0.009213 0.013750 0.018425
0 0.006875 0.009213 0.013750 0.018425
0 0.007500 0.009213 0.015000 0.018425
0 0.006875 0.008375 0.013750 0.016750
0 0.006875 0.009213 0.013750 0.018425
0 0.006875 0.009213 0.013750 0.018425
0 0.006875 0.008375 0.013750 0.016750
0 0.006875 0.009213 0.013750 0.018425
0 0.006875 0.009213 0.013750 0.018425
0 0.006875 0.008375 0.013750 0.016750
0 0.006875 0.009213 0.013750 0.018425
0 0.006875 0.009213 0.013750 0.018425
0 0.006875 0.009213 0.013750 0.018425
0 0.007500 0.008375 0.015000 0.016750
0 0.006875 0.009213 0.013750 0.018425
0 0.006875 0.008375 0.013750 0.016750
0 0.006875 0.009213 0.013750 0.018425
0 0.006875 0.009213 0.013750 0.018425
0 0.006875 0.009213 0.013750 0.018425
0 0.006875 0.009213 0.013750 0.018425
0 0.006875 0.009213 0.013750 0.018425
0 0.006875 0.009213 0.013750 0.018425
0 0.006875 0.009213 0.013750 0.018425
0 0.006875 0.008375 0.013750 0.016750
0 0.006875 0.008375 0.013750 0.016750
0 0.007500 0.009213 0.015000 0.018425
0 0.007500 0.009213 0.015000 0.018425
0 0.006875 0.008375 0.013750 0.016750
0 0.006875 0.009213 0.013750 0.018425
0 0.006875 0.008375 0.013750 0.016750
0 0.006875 0.009213 0.013750 0.018425
0 0.006875 0.008375 0.013750 0.016750
0 0.006875 0.008375 0.013750 0.016750
0 0.006875 0.009213 0.013750 0.018425
0 0.006875 0.009213 0.013750 0.018425
0 0.006875 0.009213 0.013750 0.018425
0 0.007500 0.008375 0.015000 0.016750
0 0.006875 0.009213 0.013750 0.018425
0 0.006875 0.008375 0.013750 0.016750
0 0.006875 0.008375 0.013750 0.016750
0 0.006875 0.009213 0.013750 0.018425
0 0.006875 0.009213 0.013750 0.018425
0 0.006875 0.009213 0.013750 0.018425
0 0.007500 0.009213 0.015000 0.018425
0 0.006875 0.009213 0.013750 0.018425
0 0.006875 0.009213 0.013750 0.018425
0 0.006875 0.009213 0.013750 0.018425
0 0.006875 0.009213 0.013750 0.018425
0 0.006875 0.009213 0.013750 0.018425
0 0.006875 0.009213 0.013750 0.018425
0 0.006875 0.009213 0.013750 0.018425
0 0.007500 0.009213 0.015000 0.018425
0 0.006875 0.008375 0.013750 0.016750
0 0.007500 0.009213 0.015000 0.018425
0 0.006875 0.009213 0.013750 0.018425
0 0.006875 0.009213 0.013750 0.018425
0 0.006875 0.009213 0.013750 0.018425
0 0.007500 0.008375 0.015000 0.016750
0 0.006875 0.009213 0.013750 0.018425
0 0.006875 0.009213 0.013750 0.018425
0 0.007500 0.009213 0.015000 0.018425
0 0.006875 0.008375 0.013750 0.016750
0 0.006875 0.009213 0.013750 0.018425
0 0.006875 0.009213 0.013750 0.018425