0 0.003929 0.006901 0.007857 0.013802
0 0.003929 0.006901 0.007857 0.013802
0 0.003929 0.006901 0.007857 0.013802
0 0.003929 0.006901 0.007857 0.013802
0 0.003929 0.006901 0.007857 0.013802
0 0.003929 0.006901 0.007857 0.013802
0 0.003929 0.006901 0.007857 0.013802
0 0.003929 0.006901 0.007857 0.013802
0 0.003929 0.006901 0.007857 0.013802
0 0.003929 0.006901 0.007857 0.013802
0 0.003929 0.006901 0.007857 0.013802
0 0.003929 0.006901 0.007857 0.013802
0 0.003929 0.006901 0.007857 0.013802
0 0.003929 0.006901 0.007857 0.013802
0 0.003929 0.006901 0.007857 0.013802
0 0.003929 0.006901 0.007857 0.013802
0 0.003929 0.006901 0.007857 0.013802
0 0.003929 0.006901 0.007857 0.013802
0 0.003929 0.006901 0.007857 0.013802
0 0.003929 0.006274 0.007857 0.012547
0 0.003929 0.006901 0.007857 0.013802
0 0.003929 0.006901 0.007857 0.013802
0 0.003929 0.006901 0.007857 0.013802
0 0.003929 0.006901 0.007857 0.013802
0 0.003929 0.006901 0.007857 0.013802
0 0.003929 0.006901 0.007857 0.013802
0 0.003929 0.006901 0.007857 0.013802
0 0.003929 0.006901 0.007857 0.013802
0 0.003929 0.006901 0.007857 0.013802
0 0.003929 0.006901 0.007857 0.013802
0 0.003929 0.006901 0.007857 0.013802
0 0.003929 0.006901 0.007857 0.013802
0 0.003929 0.006901 0.007857 0.013802
0 0.003929 0.006901 0.007857 0.013802
0 0.003929 0.006901 0.007857 0.013802
0 0.003929 0.006901 0.007857 0.013802
0 0.003929 0.006901 0.007857 0.013802
0 0.003929 0.006901 0.007857 0.013802
0 0.003929 0.006901 0.007857 0.013802
0 0.003929 0.006901 0.007857 0.013802
0 0.003929 0.006901 0.007857 0.013802
0 0.003929 0.006901 0.007857 0.013802
0 0.003929 0.006901 0.007857 0.013802
0 0.003929 0.006901 0.007857 0.013802
0 0.003929 0.006901 0.007857 0.013802
0 0.003929 0.006901 0.007857 0.013802
0 0.003929 0.006901 0.007857 0.013802
0 0.003929 0.006274 0.007857 0.012547
0 0.003929 0.006901 0.007857 0.013802
0 0.003929 0.006901 0.007857 0.013802
0 0.003929 0.006901 0.007857 0.013802
0 0.003929 0.006901 0.007857 0.013802
0 0.003929 0.006901 0.007857 0.013802
0 0.003929 0.006901 0.007857 0.013802
0 0.003929 0.006901 0.007857 0.013802