0 0.003667 0.004757 0.007333 0.009515
0 0.003667 0.004757 0.007333 0.009515
0 0.003667 0.004757 0.007333 0.009515
0 0.003667 0.004757 0.007333 0.009515
0 0.003667 0.004757 0.007333 0.009515
0 0.003667 0.004757 0.007333 0.009515
0 0.003667 0.004757 0.007333 0.009515
0 0.003667 0.004757 0.007333 0.009515
0 0.003667 0.004757 0.007333 0.009515
0 0.003667 0.004757 0.007333 0.009515
0 0.003667 0.004757 0.007333 0.009515
0 0.003667 0.004757 0.007333 0.009515
0 0.003667 0.004757 0.007333 0.009515
0 0.003667 0.004757 0.007333 0.009515
0 0.003667 0.004757 0.007333 0.009515
0 0.003667 0.004757 0.007333 0.009515
0 0.003667 0.004757 0.007333 0.009515
0 0.003667 0.004757 0.007333 0.009515
0 0.003667 0.004757 0.007333 0.009515
0 0.003667 0.004757 0.007333 0.009515
0 0.003667 0.004757 0.007333 0.009515