0 0.009167 0.024336 0.018333 0.048673
0 0.009167 0.022124 0.018333 0.044248
0 0.009167 0.024336 0.018333 0.048673
0 0.009167 0.024336 0.018333 0.048673
0 0.009167 0.022124 0.018333 0.044248
0 0.009167 0.022124 0.018333 0.044248
0 0.009167 0.024336 0.018333 0.048673
0 0.009167 0.024336 0.018333 0.048673
0 0.009167 0.024336 0.018333 0.048673
0 0.009167 0.022124 0.018333 0.044248
0 0.009167 0.024336 0.018333 0.048673
0 0.009167 0.024336 0.018333 0.048673
0 0.009167 0.022124 0.018333 0.044248
0 0.009167 0.024336 0.018333 0.048673
0 0.009167 0.022124 0.018333 0.044248
0 0.009167 0.022124 0.018333 0.044248
0 0.009167 0.022124 0.018333 0.044248
0 0.009167 0.024336 0.018333 0.048673
0 0.009167 0.024336 0.018333 0.048673
0 0.009167 0.022124 0.018333 0.044248
0 0.009167 0.024336 0.018333 0.048673
0 0.009167 0.022124 0.018333 0.044248
0 0.009167 0.022124 0.018333 0.044248
0 0.009167 0.024336 0.018333 0.048673
0 0.009167 0.022124 0.018333 0.044248
0 0.009167 0.022124 0.018333 0.044248
0 0.009167 0.024336 0.018333 0.048673
0 0.009167 0.024336 0.018333 0.048673
0 0.009167 0.024336 0.018333 0.048673
0 0.009167 0.022124 0.018333 0.044248
0 0.009167 0.024336 0.018333 0.048673
0 0.009167 0.024336 0.018333 0.048673
0 0.009167 0.024336 0.018333 0.048673
0 0.009167 0.022124 0.018333 0.044248
0 0.009167 0.024336 0.018333 0.048673
0 0.009167 0.024336 0.018333 0.048673
0 0.009167 0.024336 0.018333 0.048673
0 0.009167 0.024336 0.018333 0.048673
0 0.009167 0.022124 0.018333 0.044248
0 0.009167 0.024336 0.018333 0.048673
0 0.009167 0.024336 0.018333 0.048673
0 0.009167 0.022124 0.018333 0.044248
0 0.009167 0.024336 0.018333 0.048673
0 0.009167 0.024336 0.018333 0.048673
0 0.009167 0.024336 0.018333 0.048673
0 0.009167 0.024336 0.018333 0.048673
0 0.009167 0.024336 0.018333 0.048673
0 0.009167 0.024336 0.018333 0.048673
0 0.009167 0.022124 0.018333 0.044248
0 0.009167 0.022124 0.018333 0.044248
0 0.009167 0.022124 0.018333 0.044248
0 0.009167 0.024336 0.018333 0.048673
0 0.009167 0.024336 0.018333 0.048673
0 0.009167 0.024336 0.018333 0.048673
0 0.009167 0.022124 0.018333 0.044248
0 0.009167 0.024336 0.018333 0.048673
0 0.009167 0.024336 0.018333 0.048673
0 0.009167 0.022124 0.018333 0.044248
0 0.009167 0.024336 0.018333 0.048673
0 0.009167 0.022124 0.018333 0.044248
0 0.009167 0.024336 0.018333 0.048673
0 0.009167 0.022124 0.018333 0.044248