0 0.008814 0.014245 0.017628 0.028490
0 0.008814 0.014245 0.017628 0.028490
0 0.008814 0.014245 0.017628 0.028490
0 0.008814 0.014245 0.017628 0.028490
0 0.008814 0.014245 0.017628 0.028490
0 0.008814 0.015670 0.017628 0.031339
0 0.008814 0.014245 0.017628 0.028490
0 0.008814 0.014245 0.017628 0.028490
0 0.008814 0.014245 0.017628 0.028490
0 0.008814 0.014245 0.017628 0.028490
0 0.008814 0.014245 0.017628 0.028490
0 0.009615 0.014245 0.019231 0.028490
0 0.008814 0.014245 0.017628 0.028490
0 0.008814 0.014245 0.017628 0.028490
0 0.009615 0.014245 0.019231 0.028490
0 0.008814 0.014245 0.017628 0.028490
0 0.008814 0.014245 0.017628 0.028490
0 0.008814 0.014245 0.017628 0.028490
0 0.008814 0.014245 0.017628 0.028490
0 0.008814 0.014245 0.017628 0.028490
0 0.008814 0.014245 0.017628 0.028490
0 0.008814 0.014245 0.017628 0.028490
0 0.008814 0.014245 0.017628 0.028490
0 0.008814 0.014245 0.017628 0.028490
0 0.008814 0.014245 0.017628 0.028490
0 0.008814 0.015670 0.017628 0.031339