0 0.009091 0.012407 0.018182 0.024814
0 0.009091 0.013648 0.018182 0.027295
0 0.009091 0.013648 0.018182 0.027295
0 0.009091 0.013648 0.018182 0.027295
0 0.009091 0.013648 0.018182 0.027295
0 0.009091 0.013648 0.018182 0.027295
0 0.009091 0.012407 0.018182 0.024814
0 0.009091 0.013648 0.018182 0.027295
0 0.009091 0.012407 0.018182 0.024814
0 0.009091 0.013648 0.018182 0.027295
0 0.009091 0.012407 0.018182 0.024814
0 0.009091 0.012407 0.018182 0.024814
0 0.009091 0.013648 0.018182 0.027295
0 0.009091 0.013648 0.018182 0.027295
0 0.009091 0.012407 0.018182 0.024814
0 0.009091 0.012407 0.018182 0.024814
0 0.009091 0.012407 0.018182 0.024814
0 0.009091 0.013648 0.018182 0.027295
0 0.009091 0.013648 0.018182 0.027295
0 0.009091 0.013648 0.018182 0.027295
0 0.009091 0.012407 0.018182 0.024814
0 0.009091 0.012407 0.018182 0.024814
0 0.009091 0.012407 0.018182 0.024814
0 0.009091 0.013648 0.018182 0.027295
0 0.009091 0.012407 0.018182 0.024814
0 0.009091 0.012407 0.018182 0.024814
0 0.009091 0.013648 0.018182 0.027295
0 0.009091 0.013648 0.018182 0.027295
0 0.009091 0.013648 0.018182 0.027295
0 0.009091 0.012407 0.018182 0.024814
0 0.009091 0.013648 0.018182 0.027295
0 0.009091 0.013648 0.018182 0.027295
0 0.009091 0.013648 0.018182 0.027295
0 0.009091 0.012407 0.018182 0.024814
0 0.009091 0.012407 0.018182 0.024814
0 0.009091 0.012407 0.018182 0.024814
0 0.009091 0.012407 0.018182 0.024814
0 0.009091 0.013648 0.018182 0.027295
0 0.009091 0.012407 0.018182 0.024814
0 0.009091 0.013648 0.018182 0.027295
0 0.009091 0.013648 0.018182 0.027295
0 0.009091 0.013648 0.018182 0.027295
0 0.009091 0.013648 0.018182 0.027295
0 0.009091 0.012407 0.018182 0.024814
0 0.009091 0.013648 0.018182 0.027295
0 0.009091 0.013648 0.018182 0.027295
0 0.009091 0.012407 0.018182 0.024814
0 0.009091 0.013648 0.018182 0.027295
0 0.009091 0.013648 0.018182 0.027295
0 0.009091 0.012407 0.018182 0.024814
0 0.009091 0.013648 0.018182 0.027295
0 0.009091 0.012407 0.018182 0.024814
0 0.009091 0.012407 0.018182 0.024814
0 0.009091 0.012407 0.018182 0.024814
0 0.009091 0.012407 0.018182 0.024814
0 0.009091 0.012407 0.018182 0.024814
0 0.009091 0.012407 0.018182 0.024814
0 0.009091 0.012407 0.018182 0.024814
0 0.009091 0.012407 0.018182 0.024814
0 0.009091 0.013648 0.018182 0.027295
0 0.009091 0.012407 0.018182 0.024814
0 0.009091 0.013648 0.018182 0.027295
0 0.009091 0.013648 0.018182 0.027295
0 0.009091 0.013648 0.018182 0.027295
0 0.009091 0.013648 0.018182 0.027295
0 0.009091 0.013648 0.018182 0.027295
0 0.009091 0.012407 0.018182 0.024814
0 0.009091 0.013648 0.018182 0.027295
0 0.009091 0.013648 0.018182 0.027295
0 0.009091 0.012407 0.018182 0.024814
0 0.009091 0.012407 0.018182 0.024814
0 0.009091 0.012407 0.018182 0.024814
0 0.009091 0.013648 0.018182 0.027295
0 0.009091 0.013648 0.018182 0.027295