0 0.011000 0.016517 0.022000 0.033033
0 0.011000 0.016517 0.022000 0.033033
0 0.011000 0.016517 0.022000 0.033033
0 0.011000 0.015015 0.022000 0.030030
0 0.011000 0.015015 0.022000 0.030030
0 0.011000 0.016517 0.022000 0.033033
0 0.011000 0.015015 0.022000 0.030030
0 0.011000 0.016517 0.022000 0.033033
0 0.011000 0.015015 0.022000 0.030030
0 0.011000 0.015015 0.022000 0.030030
0 0.011000 0.016517 0.022000 0.033033
0 0.011000 0.016517 0.022000 0.033033
0 0.011000 0.015015 0.022000 0.030030
0 0.011000 0.016517 0.022000 0.033033
0 0.011000 0.016517 0.022000 0.033033
0 0.011000 0.016517 0.022000 0.033033
0 0.011000 0.016517 0.022000 0.033033
0 0.011000 0.016517 0.022000 0.033033
0 0.011000 0.016517 0.022000 0.033033
0 0.011000 0.016517 0.022000 0.033033
0 0.011000 0.016517 0.022000 0.033033
0 0.011000 0.016517 0.022000 0.033033
0 0.011000 0.015015 0.022000 0.030030
0 0.011000 0.016517 0.022000 0.033033
0 0.011000 0.015015 0.022000 0.030030
0 0.011000 0.015015 0.022000 0.030030
0 0.011000 0.016517 0.022000 0.033033
0 0.011000 0.016517 0.022000 0.033033
0 0.011000 0.016517 0.022000 0.033033
0 0.011000 0.016517 0.022000 0.033033
0 0.011000 0.015015 0.022000 0.030030
0 0.011000 0.016517 0.022000 0.033033
0 0.011000 0.015015 0.022000 0.030030
0 0.011000 0.016517 0.022000 0.033033
0 0.011000 0.016517 0.022000 0.033033
0 0.011000 0.016517 0.022000 0.033033
0 0.011000 0.016517 0.022000 0.033033
0 0.011000 0.015015 0.022000 0.030030
0 0.011000 0.016517 0.022000 0.033033
0 0.011000 0.016517 0.022000 0.033033
0 0.011000 0.016517 0.022000 0.033033
0 0.011000 0.016517 0.022000 0.033033
0 0.011000 0.016517 0.022000 0.033033
0 0.011000 0.016517 0.022000 0.033033
0 0.011000 0.015015 0.022000 0.030030
0 0.011000 0.016517 0.022000 0.033033
0 0.011000 0.016517 0.022000 0.033033
0 0.011000 0.016517 0.022000 0.033033
0 0.011000 0.016517 0.022000 0.033033
0 0.011000 0.015015 0.022000 0.030030
0 0.011000 0.015015 0.022000 0.030030
0 0.011000 0.016517 0.022000 0.033033
0 0.011000 0.016517 0.022000 0.033033
0 0.011000 0.016517 0.022000 0.033033
0 0.011000 0.015015 0.022000 0.030030
0 0.011000 0.016517 0.022000 0.033033
0 0.011000 0.015015 0.022000 0.030030
0 0.011000 0.016517 0.022000 0.033033
0 0.011000 0.016517 0.022000 0.033033
0 0.011000 0.016517 0.022000 0.033033
0 0.011000 0.015015 0.022000 0.030030
0 0.011000 0.016517 0.022000 0.033033
0 0.011000 0.016517 0.022000 0.033033
0 0.011000 0.015015 0.022000 0.030030
0 0.011000 0.016517 0.022000 0.033033
0 0.011000 0.016517 0.022000 0.033033
0 0.011000 0.016517 0.022000 0.033033
0 0.011000 0.015015 0.022000 0.030030