0 0.005371 0.007440 0.010742 0.014881
0 0.005371 0.007440 0.010742 0.014881
0 0.005371 0.008185 0.010742 0.016369
0 0.005371 0.007440 0.010742 0.014881
0 0.005371 0.008185 0.010742 0.016369
0 0.005371 0.008185 0.010742 0.016369
0 0.005371 0.008185 0.010742 0.016369
0 0.005371 0.008185 0.010742 0.016369
0 0.005371 0.007440 0.010742 0.014881
0 0.005371 0.008185 0.010742 0.016369
0 0.005371 0.008185 0.010742 0.016369
0 0.005371 0.007440 0.010742 0.014881
0 0.005371 0.008185 0.010742 0.016369
0 0.005371 0.008185 0.010742 0.016369
0 0.005371 0.007440 0.010742 0.014881
0 0.005371 0.007440 0.010742 0.014881
0 0.005371 0.007440 0.010742 0.014881
0 0.005371 0.008185 0.010742 0.016369
0 0.005371 0.007440 0.010742 0.014881
0 0.005371 0.008185 0.010742 0.016369
0 0.005371 0.008185 0.010742 0.016369
0 0.005371 0.007440 0.010742 0.014881
0 0.005371 0.008185 0.010742 0.016369
0 0.005371 0.008185 0.010742 0.016369
0 0.005371 0.008185 0.010742 0.016369
0 0.005371 0.007440 0.010742 0.014881
0 0.005371 0.007440 0.010742 0.014881
0 0.005371 0.007440 0.010742 0.014881
0 0.005371 0.007440 0.010742 0.014881
0 0.005371 0.008185 0.010742 0.016369
0 0.005371 0.008185 0.010742 0.016369
0 0.005371 0.007440 0.010742 0.014881
0 0.005371 0.007440 0.010742 0.014881
0 0.005371 0.007440 0.010742 0.014881
0 0.005371 0.007440 0.010742 0.014881
0 0.005371 0.007440 0.010742 0.014881
0 0.005371 0.007440 0.010742 0.014881
0 0.005371 0.008185 0.010742 0.016369
0 0.005371 0.008185 0.010742 0.016369
0 0.005371 0.008185 0.010742 0.016369
0 0.005371 0.007440 0.010742 0.014881
0 0.005371 0.007440 0.010742 0.014881
0 0.005371 0.008185 0.010742 0.016369
0 0.005371 0.008185 0.010742 0.016369
0 0.005371 0.008185 0.010742 0.016369
0 0.005371 0.008185 0.010742 0.016369
0 0.005371 0.008185 0.010742 0.016369
0 0.005371 0.008185 0.010742 0.016369
0 0.005371 0.007440 0.010742 0.014881
0 0.005371 0.008185 0.010742 0.016369
0 0.005371 0.007440 0.010742 0.014881
0 0.005371 0.008185 0.010742 0.016369
0 0.005371 0.008185 0.010742 0.016369
0 0.005371 0.007440 0.010742 0.014881
0 0.005371 0.007440 0.010742 0.014881
0 0.005371 0.007440 0.010742 0.014881
0 0.005371 0.007440 0.010742 0.014881
0 0.005371 0.008185 0.010742 0.016369
0 0.005371 0.008185 0.010742 0.016369
0 0.005371 0.007440 0.010742 0.014881
0 0.005371 0.008185 0.010742 0.016369
0 0.005371 0.008185 0.010742 0.016369
0 0.005371 0.008185 0.010742 0.016369
0 0.005371 0.008185 0.010742 0.016369
0 0.005371 0.008185 0.010742 0.016369
0 0.005371 0.007440 0.010742 0.014881
0 0.005371 0.008185 0.010742 0.016369
0 0.005371 0.008185 0.010742 0.016369
0 0.005371 0.008185 0.010742 0.016369
0 0.005371 0.008185 0.010742 0.016369
0 0.005371 0.008185 0.010742 0.016369
0 0.005371 0.007440 0.010742 0.014881
0 0.005371 0.008185 0.010742 0.016369
0 0.005371 0.008185 0.010742 0.016369