0 0.009167 0.013716 0.018333 0.027431
0 0.009167 0.013716 0.018333 0.027431
0 0.009167 0.013716 0.018333 0.027431
0 0.009167 0.013716 0.018333 0.027431
0 0.009167 0.013716 0.018333 0.027431
0 0.009167 0.013716 0.018333 0.027431
0 0.009167 0.013716 0.018333 0.027431
0 0.009167 0.013716 0.018333 0.027431
0 0.009167 0.013716 0.018333 0.027431
0 0.009167 0.013716 0.018333 0.027431
0 0.009167 0.013716 0.018333 0.027431
0 0.009167 0.013716 0.018333 0.027431
0 0.009167 0.013716 0.018333 0.027431
0 0.009167 0.013716 0.018333 0.027431
0 0.009167 0.013716 0.018333 0.027431
0 0.009167 0.013716 0.018333 0.027431
0 0.009167 0.013716 0.018333 0.027431
0 0.009167 0.013716 0.018333 0.027431
0 0.009167 0.013716 0.018333 0.027431
0 0.009167 0.013716 0.018333 0.027431
0 0.009167 0.013716 0.018333 0.027431
0 0.009167 0.013716 0.018333 0.027431
0 0.009167 0.013716 0.018333 0.027431
0 0.009167 0.013716 0.018333 0.027431
0 0.009167 0.013716 0.018333 0.027431
0 0.009167 0.013716 0.018333 0.027431
0 0.009167 0.013716 0.018333 0.027431
0 0.009167 0.013716 0.018333 0.027431
0 0.009167 0.013716 0.018333 0.027431
0 0.009167 0.013716 0.018333 0.027431
0 0.009167 0.013716 0.018333 0.027431
0 0.009167 0.013716 0.018333 0.027431
0 0.009167 0.013716 0.018333 0.027431
0 0.009167 0.013716 0.018333 0.027431
0 0.009167 0.013716 0.018333 0.027431
0 0.009167 0.013716 0.018333 0.027431
0 0.009167 0.013716 0.018333 0.027431
0 0.009167 0.013716 0.018333 0.027431
0 0.009167 0.013716 0.018333 0.027431
0 0.009167 0.013716 0.018333 0.027431
0 0.009167 0.013716 0.018333 0.027431