0 0.005371 0.006510 0.010742 0.013021
0 0.005371 0.006510 0.010742 0.013021
0 0.005371 0.006510 0.010742 0.013021
0 0.005371 0.006510 0.010742 0.013021
0 0.005371 0.006510 0.010742 0.013021
0 0.005371 0.006510 0.010742 0.013021
0 0.005371 0.006510 0.010742 0.013021
0 0.005371 0.006510 0.010742 0.013021
0 0.005371 0.006510 0.010742 0.013021
0 0.005371 0.006510 0.010742 0.013021
0 0.005371 0.006510 0.010742 0.013021
0 0.005371 0.006510 0.010742 0.013021
0 0.005371 0.006510 0.010742 0.013021
0 0.005371 0.006510 0.010742 0.013021
0 0.005371 0.006510 0.010742 0.013021
0 0.005371 0.006510 0.010742 0.013021
0 0.005371 0.006510 0.010742 0.013021
0 0.005371 0.006510 0.010742 0.013021
0 0.005371 0.006510 0.010742 0.013021
0 0.005371 0.006510 0.010742 0.013021
0 0.005371 0.006510 0.010742 0.013021
0 0.005371 0.006510 0.010742 0.013021