0 0.015278 0.020833 0.030556 0.041667
0 0.015278 0.020833 0.030556 0.041667
0 0.015278 0.020833 0.030556 0.041667
0 0.016667 0.020833 0.033333 0.041667
0 0.015278 0.020833 0.030556 0.041667
0 0.015278 0.020833 0.030556 0.041667
0 0.015278 0.020833 0.030556 0.041667
0 0.015278 0.020833 0.030556 0.041667
0 0.015278 0.020833 0.030556 0.041667
0 0.015278 0.020833 0.030556 0.041667
0 0.015278 0.020833 0.030556 0.041667
0 0.015278 0.020833 0.030556 0.041667
0 0.015278 0.020833 0.030556 0.041667
0 0.015278 0.020833 0.030556 0.041667
0 0.015278 0.020833 0.030556 0.041667
0 0.015278 0.020833 0.030556 0.041667
0 0.016667 0.020833 0.033333 0.041667
0 0.015278 0.020833 0.030556 0.041667
0 0.015278 0.020833 0.030556 0.041667
0 0.015278 0.020833 0.030556 0.041667
0 0.015278 0.020833 0.030556 0.041667
0 0.015278 0.020833 0.030556 0.041667
0 0.016667 0.020833 0.033333 0.041667
0 0.016667 0.020833 0.033333 0.041667
0 0.015278 0.020833 0.030556 0.041667
0 0.015278 0.020833 0.030556 0.041667
0 0.015278 0.020833 0.030556 0.041667
0 0.015278 0.020833 0.030556 0.041667
0 0.015278 0.020833 0.030556 0.041667
0 0.015278 0.020833 0.030556 0.041667
0 0.015278 0.020833 0.030556 0.041667
0 0.015278 0.020833 0.030556 0.041667
0 0.015278 0.020833 0.030556 0.041667
0 0.016667 0.020833 0.033333 0.041667
0 0.015278 0.020833 0.030556 0.041667
0 0.016667 0.020833 0.033333 0.041667
0 0.015278 0.020833 0.030556 0.041667
0 0.015278 0.020833 0.030556 0.041667
0 0.015278 0.020833 0.030556 0.041667