0 0.004825 0.005000 0.009649 0.010000
0 0.004825 0.005000 0.009649 0.010000
0 0.004825 0.005000 0.009649 0.010000
0 0.004825 0.005500 0.009649 0.011000
0 0.004825 0.005000 0.009649 0.010000
0 0.004825 0.005000 0.009649 0.010000
0 0.004825 0.005000 0.009649 0.010000
0 0.004825 0.005000 0.009649 0.010000
0 0.004825 0.005000 0.009649 0.010000
0 0.004825 0.005000 0.009649 0.010000
0 0.004825 0.005500 0.009649 0.011000
0 0.004825 0.005000 0.009649 0.010000
0 0.004825 0.005000 0.009649 0.010000
0 0.004825 0.005000 0.009649 0.010000
0 0.004825 0.005000 0.009649 0.010000
0 0.004825 0.005000 0.009649 0.010000
0 0.004825 0.005500 0.009649 0.011000
0 0.004825 0.005000 0.009649 0.010000
0 0.004825 0.005500 0.009649 0.011000
0 0.004825 0.005000 0.009649 0.010000
0 0.004825 0.005000 0.009649 0.010000
0 0.004825 0.005000 0.009649 0.010000
0 0.004825 0.005000 0.009649 0.010000
0 0.004825 0.005000 0.009649 0.010000
0 0.004825 0.005000 0.009649 0.010000
0 0.004825 0.005000 0.009649 0.010000
0 0.004825 0.005000 0.009649 0.010000
0 0.004825 0.005000 0.009649 0.010000
0 0.004825 0.005000 0.009649 0.010000
0 0.004825 0.005500 0.009649 0.011000
0 0.004825 0.005000 0.009649 0.010000
0 0.004825 0.005500 0.009649 0.011000
0 0.004825 0.005000 0.009649 0.010000
0 0.004825 0.005500 0.009649 0.011000
0 0.004825 0.005000 0.009649 0.010000
0 0.004825 0.005500 0.009649 0.011000
0 0.004825 0.005000 0.009649 0.010000
0 0.004825 0.005500 0.009649 0.011000