0 0.005371 0.007032 0.010742 0.014065
0 0.005371 0.007032 0.010742 0.014065
0 0.005371 0.007032 0.010742 0.014065
0 0.005371 0.007032 0.010742 0.014065
0 0.005371 0.007032 0.010742 0.014065
0 0.005371 0.007032 0.010742 0.014065
0 0.005371 0.007032 0.010742 0.014065
0 0.005371 0.007032 0.010742 0.014065
0 0.005371 0.007032 0.010742 0.014065
0 0.005371 0.007032 0.010742 0.014065
0 0.005371 0.007032 0.010742 0.014065
0 0.005371 0.007032 0.010742 0.014065
0 0.005371 0.007032 0.010742 0.014065
0 0.005371 0.007032 0.010742 0.014065
0 0.005371 0.007032 0.010742 0.014065
0 0.005371 0.007032 0.010742 0.014065