0 0.008987 0.012469 0.017974 0.024938
0 0.008987 0.013716 0.017974 0.027431
0 0.008987 0.013716 0.017974 0.027431
0 0.008987 0.013716 0.017974 0.027431
0 0.008987 0.013716 0.017974 0.027431
0 0.008987 0.013716 0.017974 0.027431
0 0.008987 0.013716 0.017974 0.027431
0 0.008987 0.013716 0.017974 0.027431
0 0.008987 0.013716 0.017974 0.027431
0 0.008987 0.012469 0.017974 0.024938
0 0.008987 0.013716 0.017974 0.027431
0 0.008987 0.013716 0.017974 0.027431
0 0.008987 0.013716 0.017974 0.027431
0 0.008987 0.012469 0.017974 0.024938
0 0.008987 0.013716 0.017974 0.027431
0 0.008987 0.013716 0.017974 0.027431
0 0.008987 0.013716 0.017974 0.027431
0 0.008987 0.013716 0.017974 0.027431
0 0.008987 0.013716 0.017974 0.027431
0 0.008987 0.012469 0.017974 0.024938
0 0.008987 0.012469 0.017974 0.024938
0 0.008987 0.013716 0.017974 0.027431
0 0.008987 0.013716 0.017974 0.027431
0 0.008987 0.013716 0.017974 0.027431
0 0.008987 0.013716 0.017974 0.027431
0 0.010621 0.012469 0.021242 0.024938
0 0.008987 0.013716 0.017974 0.027431
0 0.008987 0.012469 0.017974 0.024938
0 0.008987 0.013716 0.017974 0.027431
0 0.008987 0.013716 0.017974 0.027431
0 0.008987 0.013716 0.017974 0.027431
0 0.008987 0.012469 0.017974 0.024938
0 0.008987 0.013716 0.017974 0.027431
0 0.008987 0.013716 0.017974 0.027431
0 0.008987 0.013716 0.017974 0.027431
0 0.008987 0.012469 0.017974 0.024938
0 0.008987 0.013716 0.017974 0.027431
0 0.008987 0.013716 0.017974 0.027431
0 0.008987 0.013716 0.017974 0.027431
0 0.008987 0.013716 0.017974 0.027431
0 0.008987 0.013716 0.017974 0.027431
0 0.008987 0.013716 0.017974 0.027431
0 0.008987 0.013716 0.017974 0.027431
0 0.008987 0.013716 0.017974 0.027431
0 0.008987 0.013716 0.017974 0.027431
0 0.008987 0.012469 0.017974 0.024938
0 0.008987 0.012469 0.017974 0.024938
0 0.008987 0.013716 0.017974 0.027431
0 0.008987 0.013716 0.017974 0.027431
0 0.008987 0.013716 0.017974 0.027431
0 0.008987 0.012469 0.017974 0.024938
0 0.008987 0.013716 0.017974 0.027431
0 0.008987 0.012469 0.017974 0.024938
0 0.008987 0.012469 0.017974 0.024938
0 0.008987 0.012469 0.017974 0.024938
0 0.008987 0.013716 0.017974 0.027431
0 0.008987 0.012469 0.017974 0.024938
0 0.008987 0.013716 0.017974 0.027431
0 0.008987 0.013716 0.017974 0.027431
0 0.008987 0.013716 0.017974 0.027431
0 0.008987 0.013716 0.017974 0.027431
0 0.008987 0.012469 0.017974 0.024938
0 0.008987 0.013716 0.017974 0.027431
0 0.008987 0.013716 0.017974 0.027431
0 0.008987 0.013716 0.017974 0.027431
0 0.008987 0.013716 0.017974 0.027431
0 0.008987 0.012469 0.017974 0.024938
0 0.008987 0.013716 0.017974 0.027431
0 0.008987 0.012469 0.017974 0.024938
0 0.008987 0.013716 0.017974 0.027431
0 0.008987 0.012469 0.017974 0.024938
0 0.008987 0.013716 0.017974 0.027431
0 0.008987 0.013716 0.017974 0.027431
0 0.008987 0.013716 0.017974 0.027431