0 0.010577 0.014368 0.021154 0.028736
0 0.010577 0.014368 0.021154 0.028736
0 0.010577 0.014368 0.021154 0.028736
0 0.010577 0.014368 0.021154 0.028736
0 0.010577 0.014368 0.021154 0.028736
0 0.010577 0.014368 0.021154 0.028736
0 0.010577 0.014368 0.021154 0.028736
0 0.010577 0.014368 0.021154 0.028736
0 0.010577 0.014368 0.021154 0.028736
0 0.010577 0.014368 0.021154 0.028736
0 0.010577 0.014368 0.021154 0.028736
0 0.010577 0.014368 0.021154 0.028736
0 0.010577 0.014368 0.021154 0.028736
0 0.010577 0.014368 0.021154 0.028736
0 0.010577 0.014368 0.021154 0.028736
0 0.010577 0.014368 0.021154 0.028736
0 0.010577 0.014368 0.021154 0.028736
0 0.010577 0.014368 0.021154 0.028736
0 0.010577 0.014368 0.021154 0.028736
0 0.010577 0.014368 0.021154 0.028736
0 0.010577 0.014368 0.021154 0.028736
0 0.010577 0.014368 0.021154 0.028736
0 0.010577 0.014368 0.021154 0.028736
0 0.010577 0.014368 0.021154 0.028736
0 0.010577 0.014368 0.021154 0.028736
0 0.010577 0.014368 0.021154 0.028736
0 0.010577 0.014368 0.021154 0.028736
0 0.010577 0.014368 0.021154 0.028736
0 0.010577 0.014368 0.021154 0.028736
0 0.010577 0.014368 0.021154 0.028736
0 0.010577 0.014368 0.021154 0.028736
0 0.010577 0.014368 0.021154 0.028736
0 0.010577 0.014368 0.021154 0.028736
0 0.010577 0.014368 0.021154 0.028736
0 0.010577 0.014368 0.021154 0.028736
0 0.010577 0.014368 0.021154 0.028736
0 0.010577 0.014368 0.021154 0.028736
0 0.010577 0.014368 0.021154 0.028736
0 0.010577 0.014368 0.021154 0.028736