0 0.007639 0.004686 0.015278 0.009372
0 0.007639 0.004686 0.015278 0.009372
0 0.007639 0.004686 0.015278 0.009372
0 0.007639 0.004686 0.015278 0.009372
0 0.007639 0.004686 0.015278 0.009372
0 0.007639 0.004686 0.015278 0.009372
0 0.007639 0.004686 0.015278 0.009372
0 0.007639 0.004686 0.015278 0.009372
0 0.007639 0.005155 0.015278 0.010309
0 0.007639 0.004686 0.015278 0.009372
0 0.007639 0.004686 0.015278 0.009372
0 0.007639 0.004686 0.015278 0.009372
0 0.007639 0.004686 0.015278 0.009372
0 0.007639 0.004686 0.015278 0.009372
0 0.007639 0.005155 0.015278 0.010309
0 0.007639 0.004686 0.015278 0.009372
0 0.007639 0.004686 0.015278 0.009372
0 0.007639 0.004686 0.015278 0.009372
0 0.007639 0.004686 0.015278 0.009372
0 0.007639 0.004686 0.015278 0.009372
0 0.007639 0.005155 0.015278 0.010309
0 0.007639 0.005155 0.015278 0.010309
0 0.007639 0.004686 0.015278 0.009372
0 0.007639 0.004686 0.015278 0.009372
0 0.007639 0.004686 0.015278 0.009372
0 0.007639 0.004686 0.015278 0.009372
0 0.007639 0.004686 0.015278 0.009372
0 0.007639 0.005155 0.015278 0.010309
0 0.007639 0.005155 0.015278 0.010309
0 0.007639 0.004686 0.015278 0.009372
0 0.007639 0.004686 0.015278 0.009372
0 0.007639 0.004686 0.015278 0.009372
0 0.007639 0.004686 0.015278 0.009372