0 0.005729 0.007310 0.011458 0.014620
0 0.005729 0.007310 0.011458 0.014620
0 0.005729 0.008041 0.011458 0.016082
0 0.005729 0.007310 0.011458 0.014620
0 0.005729 0.007310 0.011458 0.014620
0 0.005729 0.007310 0.011458 0.014620
0 0.005729 0.007310 0.011458 0.014620
0 0.005729 0.007310 0.011458 0.014620
0 0.005729 0.007310 0.011458 0.014620
0 0.005729 0.007310 0.011458 0.014620
0 0.005729 0.007310 0.011458 0.014620
0 0.005729 0.007310 0.011458 0.014620
0 0.005729 0.007310 0.011458 0.014620
0 0.005729 0.007310 0.011458 0.014620
0 0.005729 0.007310 0.011458 0.014620
0 0.005729 0.007310 0.011458 0.014620
0 0.005729 0.007310 0.011458 0.014620
0 0.005729 0.007310 0.011458 0.014620
0 0.005729 0.007310 0.011458 0.014620
0 0.005729 0.007310 0.011458 0.014620
0 0.005729 0.007310 0.011458 0.014620
0 0.005729 0.007310 0.011458 0.014620
0 0.005729 0.007310 0.011458 0.014620
0 0.005729 0.007310 0.011458 0.014620
0 0.005729 0.007310 0.011458 0.014620
0 0.005729 0.007310 0.011458 0.014620
0 0.005729 0.007310 0.011458 0.014620
0 0.005729 0.007310 0.011458 0.014620
0 0.005729 0.007310 0.011458 0.014620
0 0.005729 0.007310 0.011458 0.014620