0 0.001390 0.002085 0.002780 0.004170
0 0.001390 0.002085 0.002780 0.004170
0 0.001390 0.001895 0.002780 0.003791
0 0.001390 0.002085 0.002780 0.004170
0 0.001390 0.001895 0.002780 0.003791
0 0.001390 0.001895 0.002780 0.003791
0 0.001390 0.002085 0.002780 0.004170
0 0.001390 0.001895 0.002780 0.003791
0 0.001390 0.001895 0.002780 0.003791
0 0.001390 0.002085 0.002780 0.004170
0 0.001390 0.002085 0.002780 0.004170
0 0.001390 0.001895 0.002780 0.003791
0 0.001390 0.001895 0.002780 0.003791
0 0.001390 0.001895 0.002780 0.003791
0 0.001390 0.001895 0.002780 0.003791
0 0.001390 0.001895 0.002780 0.003791
0 0.001390 0.002085 0.002780 0.004170
0 0.001390 0.002085 0.002780 0.004170
0 0.001390 0.002085 0.002780 0.004170
0 0.001390 0.001895 0.002780 0.003791
0 0.001390 0.001895 0.002780 0.003791
0 0.001390 0.001895 0.002780 0.003791
0 0.001390 0.001895 0.002780 0.003791
0 0.001390 0.001895 0.002780 0.003791
0 0.001390 0.001895 0.002780 0.003791
0 0.001390 0.001895 0.002780 0.003791
0 0.001390 0.001895 0.002780 0.003791
0 0.001390 0.002085 0.002780 0.004170
0 0.001390 0.002085 0.002780 0.004170
0 0.001390 0.002085 0.002780 0.004170
0 0.001390 0.001895 0.002780 0.003791
0 0.001390 0.001895 0.002780 0.003791
0 0.001390 0.001895 0.002780 0.003791
0 0.001390 0.002085 0.002780 0.004170
0 0.001390 0.001895 0.002780 0.003791
0 0.001390 0.001895 0.002780 0.003791
0 0.001390 0.002085 0.002780 0.004170
0 0.001390 0.001895 0.002780 0.003791
0 0.001390 0.002085 0.002780 0.004170