0 0.008730 0.013298 0.017460 0.026596
0 0.008730 0.013298 0.017460 0.026596
0 0.008730 0.013298 0.017460 0.026596
0 0.008730 0.013298 0.017460 0.026596
0 0.008730 0.013298 0.017460 0.026596
0 0.008730 0.013298 0.017460 0.026596
0 0.008730 0.013298 0.017460 0.026596
0 0.008730 0.013298 0.017460 0.026596
0 0.008730 0.013298 0.017460 0.026596
0 0.008730 0.014628 0.017460 0.029255
0 0.008730 0.013298 0.017460 0.026596
0 0.008730 0.013298 0.017460 0.026596
0 0.008730 0.013298 0.017460 0.026596
0 0.008730 0.013298 0.017460 0.026596
0 0.008730 0.013298 0.017460 0.026596
0 0.008730 0.013298 0.017460 0.026596
0 0.008730 0.013298 0.017460 0.026596
0 0.008730 0.013298 0.017460 0.026596
0 0.008730 0.013298 0.017460 0.026596
0 0.008730 0.013298 0.017460 0.026596
0 0.008730 0.013298 0.017460 0.026596
0 0.008730 0.013298 0.017460 0.026596
0 0.008730 0.013298 0.017460 0.026596
0 0.008730 0.013298 0.017460 0.026596
0 0.008730 0.013298 0.017460 0.026596
0 0.008730 0.013298 0.017460 0.026596
0 0.008730 0.013298 0.017460 0.026596
0 0.008730 0.014628 0.017460 0.029255
0 0.008730 0.013298 0.017460 0.026596
0 0.008730 0.013298 0.017460 0.026596
0 0.008730 0.013298 0.017460 0.026596
0 0.008730 0.013298 0.017460 0.026596
0 0.008730 0.013298 0.017460 0.026596
0 0.008730 0.013298 0.017460 0.026596
0 0.008730 0.013298 0.017460 0.026596
0 0.008730 0.013298 0.017460 0.026596
0 0.008730 0.013298 0.017460 0.026596
0 0.008730 0.013298 0.017460 0.026596
0 0.008730 0.013298 0.017460 0.026596
0 0.008730 0.013298 0.017460 0.026596
0 0.008730 0.013298 0.017460 0.026596
0 0.008730 0.013298 0.017460 0.026596
0 0.008730 0.013298 0.017460 0.026596
0 0.008730 0.013298 0.017460 0.026596
0 0.008730 0.013298 0.017460 0.026596
0 0.008730 0.013298 0.017460 0.026596
0 0.008730 0.013298 0.017460 0.026596
0 0.008730 0.013298 0.017460 0.026596
0 0.008730 0.013298 0.017460 0.026596
0 0.008730 0.013298 0.017460 0.026596
0 0.008730 0.013298 0.017460 0.026596
0 0.008730 0.013298 0.017460 0.026596
0 0.008730 0.013298 0.017460 0.026596
0 0.008730 0.013298 0.017460 0.026596
0 0.008730 0.013298 0.017460 0.026596
0 0.008730 0.013298 0.017460 0.026596
0 0.008730 0.013298 0.017460 0.026596
0 0.008730 0.013298 0.017460 0.026596
0 0.008730 0.013298 0.017460 0.026596
0 0.008730 0.013298 0.017460 0.026596
0 0.008730 0.013298 0.017460 0.026596
0 0.008730 0.013298 0.017460 0.026596
0 0.008730 0.013298 0.017460 0.026596
0 0.008730 0.013298 0.017460 0.026596
0 0.008730 0.013298 0.017460 0.026596
0 0.008730 0.013298 0.017460 0.026596
0 0.008730 0.013298 0.017460 0.026596
0 0.008730 0.013298 0.017460 0.026596
0 0.008730 0.013298 0.017460 0.026596
0 0.008730 0.013298 0.017460 0.026596
0 0.008730 0.013298 0.017460 0.026596
0 0.008730 0.013298 0.017460 0.026596
0 0.008730 0.014628 0.017460 0.029255
0 0.008730 0.013298 0.017460 0.026596
0 0.008730 0.013298 0.017460 0.026596
0 0.008730 0.013298 0.017460 0.026596
0 0.008730 0.013298 0.017460 0.026596
0 0.008730 0.013298 0.017460 0.026596
0 0.008730 0.013298 0.017460 0.026596
0 0.008730 0.013298 0.017460 0.026596
0 0.008730 0.013298 0.017460 0.026596
0 0.008730 0.013298 0.017460 0.026596
0 0.008730 0.013298 0.017460 0.026596
0 0.008730 0.013298 0.017460 0.026596
0 0.008730 0.013298 0.017460 0.026596
0 0.008730 0.013298 0.017460 0.026596
0 0.008730 0.013298 0.017460 0.026596