0 0.010577 0.012821 0.021154 0.025641
0 0.010577 0.012821 0.021154 0.025641
0 0.010577 0.012821 0.021154 0.025641
0 0.010577 0.012821 0.021154 0.025641
0 0.010577 0.012821 0.021154 0.025641
0 0.010577 0.012821 0.021154 0.025641
0 0.010577 0.012821 0.021154 0.025641
0 0.010577 0.012821 0.021154 0.025641
0 0.010577 0.012821 0.021154 0.025641
0 0.010577 0.012821 0.021154 0.025641
0 0.010577 0.012821 0.021154 0.025641
0 0.010577 0.012821 0.021154 0.025641
0 0.010577 0.012821 0.021154 0.025641
0 0.010577 0.012821 0.021154 0.025641
0 0.010577 0.012821 0.021154 0.025641
0 0.010577 0.012821 0.021154 0.025641
0 0.010577 0.012821 0.021154 0.025641