0 0.006455 0.010417 0.012911 0.020833
0 0.006455 0.010417 0.012911 0.020833
0 0.006455 0.010417 0.012911 0.020833
0 0.006455 0.010417 0.012911 0.020833
0 0.006455 0.010417 0.012911 0.020833
0 0.006455 0.010417 0.012911 0.020833
0 0.006455 0.010417 0.012911 0.020833
0 0.006455 0.010417 0.012911 0.020833
0 0.007042 0.010417 0.014085 0.020833
0 0.006455 0.010417 0.012911 0.020833
0 0.006455 0.010417 0.012911 0.020833
0 0.006455 0.010417 0.012911 0.020833
0 0.006455 0.010417 0.012911 0.020833
0 0.006455 0.010417 0.012911 0.020833
0 0.006455 0.010417 0.012911 0.020833
0 0.006455 0.010417 0.012911 0.020833
0 0.006455 0.010417 0.012911 0.020833
0 0.006455 0.010417 0.012911 0.020833
0 0.006455 0.010417 0.012911 0.020833
0 0.006455 0.010417 0.012911 0.020833
0 0.006455 0.010417 0.012911 0.020833
0 0.006455 0.010417 0.012911 0.020833
0 0.006455 0.010417 0.012911 0.020833
0 0.006455 0.010417 0.012911 0.020833
0 0.006455 0.010417 0.012911 0.020833
0 0.006455 0.010417 0.012911 0.020833
0 0.006455 0.010417 0.012911 0.020833
0 0.006455 0.010417 0.012911 0.020833
0 0.006455 0.010417 0.012911 0.020833
0 0.006455 0.010417 0.012911 0.020833
0 0.006455 0.010417 0.012911 0.020833
0 0.006455 0.010417 0.012911 0.020833
0 0.006455 0.010417 0.012911 0.020833
0 0.006455 0.010417 0.012911 0.020833
0 0.006455 0.010417 0.012911 0.020833
0 0.006455 0.010417 0.012911 0.020833
0 0.006455 0.010417 0.012911 0.020833
0 0.006455 0.010417 0.012911 0.020833
0 0.006455 0.010417 0.012911 0.020833
0 0.006455 0.010417 0.012911 0.020833
0 0.006455 0.010417 0.012911 0.020833
0 0.006455 0.010417 0.012911 0.020833
0 0.006455 0.010417 0.012911 0.020833
0 0.006455 0.010417 0.012911 0.020833
0 0.006455 0.010417 0.012911 0.020833
0 0.006455 0.010417 0.012911 0.020833
0 0.006455 0.010417 0.012911 0.020833
0 0.006455 0.010417 0.012911 0.020833
0 0.006455 0.010417 0.012911 0.020833
0 0.006455 0.010417 0.012911 0.020833
0 0.006455 0.010417 0.012911 0.020833
0 0.006455 0.010417 0.012911 0.020833
0 0.006455 0.010417 0.012911 0.020833
0 0.006455 0.010417 0.012911 0.020833
0 0.006455 0.010417 0.012911 0.020833
0 0.006455 0.010417 0.012911 0.020833
0 0.007042 0.010417 0.014085 0.020833
0 0.006455 0.010417 0.012911 0.020833
0 0.006455 0.010417 0.012911 0.020833
0 0.006455 0.010417 0.012911 0.020833
0 0.006455 0.010417 0.012911 0.020833
0 0.006455 0.010417 0.012911 0.020833
0 0.006455 0.010417 0.012911 0.020833