0 0.005978 0.008210 0.011957 0.016420
0 0.005978 0.008210 0.011957 0.016420
0 0.005978 0.008210 0.011957 0.016420
0 0.005978 0.008210 0.011957 0.016420
0 0.005978 0.008210 0.011957 0.016420
0 0.005978 0.008210 0.011957 0.016420
0 0.006522 0.008210 0.013043 0.016420
0 0.005978 0.008210 0.011957 0.016420
0 0.005978 0.008210 0.011957 0.016420
0 0.005978 0.008210 0.011957 0.016420
0 0.005978 0.008210 0.011957 0.016420
0 0.005978 0.008210 0.011957 0.016420
0 0.005978 0.008210 0.011957 0.016420
0 0.005978 0.008210 0.011957 0.016420
0 0.005978 0.008210 0.011957 0.016420
0 0.005978 0.008210 0.011957 0.016420
0 0.005978 0.008210 0.011957 0.016420
0 0.005978 0.008210 0.011957 0.016420
0 0.005978 0.008210 0.011957 0.016420
0 0.005978 0.008210 0.011957 0.016420
0 0.005978 0.008210 0.011957 0.016420
0 0.005978 0.008210 0.011957 0.016420
0 0.005978 0.008210 0.011957 0.016420
0 0.005978 0.008210 0.011957 0.016420
0 0.005978 0.008210 0.011957 0.016420
0 0.005978 0.008210 0.011957 0.016420
0 0.006522 0.008210 0.013043 0.016420
0 0.005978 0.008210 0.011957 0.016420
0 0.005978 0.008210 0.011957 0.016420
0 0.005978 0.008210 0.011957 0.016420
0 0.005978 0.008210 0.011957 0.016420
0 0.005978 0.008210 0.011957 0.016420
0 0.005978 0.008210 0.011957 0.016420
0 0.005978 0.008210 0.011957 0.016420
0 0.005978 0.008210 0.011957 0.016420
0 0.005978 0.008210 0.011957 0.016420
0 0.005978 0.008210 0.011957 0.016420
0 0.005978 0.008210 0.011957 0.016420
0 0.005978 0.008210 0.011957 0.016420
0 0.005978 0.008210 0.011957 0.016420
0 0.006522 0.008210 0.013043 0.016420
0 0.005978 0.008210 0.011957 0.016420
0 0.005978 0.008210 0.011957 0.016420
0 0.006522 0.008210 0.013043 0.016420
0 0.005978 0.008210 0.011957 0.016420
0 0.005978 0.008210 0.011957 0.016420
0 0.005978 0.008210 0.011957 0.016420
0 0.005978 0.008210 0.011957 0.016420
0 0.005978 0.008210 0.011957 0.016420
0 0.005978 0.008210 0.011957 0.016420
0 0.005978 0.008210 0.011957 0.016420
0 0.005978 0.008210 0.011957 0.016420
0 0.005978 0.008210 0.011957 0.016420
0 0.005978 0.008210 0.011957 0.016420
0 0.005978 0.008210 0.011957 0.016420
0 0.005978 0.008210 0.011957 0.016420
0 0.005978 0.008210 0.011957 0.016420
0 0.005978 0.008210 0.011957 0.016420
0 0.005978 0.008210 0.011957 0.016420
0 0.005978 0.008210 0.011957 0.016420
0 0.005978 0.008210 0.011957 0.016420
0 0.005978 0.008210 0.011957 0.016420
0 0.005978 0.008210 0.011957 0.016420
0 0.005978 0.008210 0.011957 0.016420
0 0.005978 0.008210 0.011957 0.016420
0 0.005978 0.008210 0.011957 0.016420
0 0.005978 0.008210 0.011957 0.016420
0 0.005978 0.008210 0.011957 0.016420
0 0.005978 0.008210 0.011957 0.016420
0 0.005978 0.008210 0.011957 0.016420
0 0.005978 0.008210 0.011957 0.016420
0 0.005978 0.008210 0.011957 0.016420
0 0.005978 0.008210 0.011957 0.016420
0 0.005978 0.008210 0.011957 0.016420
0 0.005978 0.008210 0.011957 0.016420
0 0.005978 0.008210 0.011957 0.016420
0 0.005978 0.008210 0.011957 0.016420
0 0.005978 0.008210 0.011957 0.016420
0 0.005978 0.008210 0.011957 0.016420
0 0.005978 0.008210 0.011957 0.016420