0 0.003438 0.005000 0.006875 0.010000
0 0.003438 0.005000 0.006875 0.010000
0 0.003438 0.005000 0.006875 0.010000
0 0.003438 0.005000 0.006875 0.010000
0 0.003438 0.005000 0.006875 0.010000
0 0.003438 0.005000 0.006875 0.010000
0 0.003438 0.005000 0.006875 0.010000
0 0.003438 0.005000 0.006875 0.010000
0 0.003438 0.005000 0.006875 0.010000
0 0.003438 0.005000 0.006875 0.010000
0 0.003438 0.005000 0.006875 0.010000
0 0.003438 0.005000 0.006875 0.010000
0 0.003438 0.005000 0.006875 0.010000
0 0.003438 0.005000 0.006875 0.010000
0 0.003438 0.005000 0.006875 0.010000
0 0.003438 0.005000 0.006875 0.010000
0 0.003438 0.005000 0.006875 0.010000
0 0.003438 0.005000 0.006875 0.010000
0 0.003438 0.005000 0.006875 0.010000
0 0.003438 0.005000 0.006875 0.010000
0 0.003438 0.005000 0.006875 0.010000
0 0.003438 0.005000 0.006875 0.010000
0 0.003438 0.005000 0.006875 0.010000
0 0.003438 0.005000 0.006875 0.010000
0 0.003438 0.005000 0.006875 0.010000
0 0.003438 0.005000 0.006875 0.010000
0 0.003438 0.005000 0.006875 0.010000
0 0.003438 0.005000 0.006875 0.010000
0 0.003438 0.005000 0.006875 0.010000
0 0.003438 0.005000 0.006875 0.010000
0 0.003438 0.005000 0.006875 0.010000
0 0.003438 0.005000 0.006875 0.010000