0 0.001571 0.002018 0.003143 0.004036
0 0.001571 0.002018 0.003143 0.004036
0 0.001571 0.002018 0.003143 0.004036
0 0.001571 0.002018 0.003143 0.004036
0 0.001571 0.002018 0.003143 0.004036
0 0.001571 0.002018 0.003143 0.004036
0 0.001571 0.002018 0.003143 0.004036
0 0.001571 0.002018 0.003143 0.004036
0 0.001571 0.002018 0.003143 0.004036
0 0.001571 0.002018 0.003143 0.004036
0 0.001571 0.002018 0.003143 0.004036
0 0.001571 0.002018 0.003143 0.004036
0 0.001571 0.002018 0.003143 0.004036
0 0.001571 0.002018 0.003143 0.004036
0 0.001571 0.002018 0.003143 0.004036
0 0.001571 0.002018 0.003143 0.004036
0 0.001571 0.002018 0.003143 0.004036