0 0.008088 0.017857 0.016176 0.035714
0 0.008088 0.017857 0.016176 0.035714
0 0.008088 0.017857 0.016176 0.035714
0 0.008088 0.017857 0.016176 0.035714
0 0.008088 0.017857 0.016176 0.035714
0 0.008088 0.017857 0.016176 0.035714
0 0.008088 0.017857 0.016176 0.035714
0 0.008088 0.017857 0.016176 0.035714
0 0.008088 0.017857 0.016176 0.035714
0 0.008088 0.017857 0.016176 0.035714
0 0.008088 0.017857 0.016176 0.035714
0 0.008088 0.017857 0.016176 0.035714
0 0.008088 0.017857 0.016176 0.035714
0 0.008088 0.017857 0.016176 0.035714
0 0.008088 0.017857 0.016176 0.035714
0 0.008088 0.017857 0.016176 0.035714
0 0.008088 0.017857 0.016176 0.035714
0 0.008088 0.017857 0.016176 0.035714
0 0.008088 0.017857 0.016176 0.035714
0 0.008088 0.017857 0.016176 0.035714
0 0.008088 0.017857 0.016176 0.035714
0 0.008088 0.017857 0.016176 0.035714
0 0.008088 0.017857 0.016176 0.035714
0 0.008088 0.017857 0.016176 0.035714
0 0.008088 0.017857 0.016176 0.035714
0 0.008088 0.017857 0.016176 0.035714
0 0.008088 0.017857 0.016176 0.035714
0 0.008088 0.017857 0.016176 0.035714
0 0.008088 0.017857 0.016176 0.035714
0 0.008088 0.017857 0.016176 0.035714