0 0.002865 0.004902 0.005729 0.009804
0 0.002865 0.004902 0.005729 0.009804
0 0.002865 0.004902 0.005729 0.009804
0 0.002865 0.004902 0.005729 0.009804
0 0.002865 0.004902 0.005729 0.009804
0 0.002865 0.004902 0.005729 0.009804
0 0.002865 0.004902 0.005729 0.009804
0 0.002865 0.004902 0.005729 0.009804
0 0.002865 0.004902 0.005729 0.009804
0 0.002865 0.004902 0.005729 0.009804
0 0.002865 0.004902 0.005729 0.009804
0 0.002865 0.004902 0.005729 0.009804
0 0.002865 0.004902 0.005729 0.009804
0 0.002865 0.004902 0.005729 0.009804
0 0.002865 0.004902 0.005729 0.009804
0 0.002865 0.004902 0.005729 0.009804
0 0.002865 0.004902 0.005729 0.009804
0 0.002865 0.004902 0.005729 0.009804
0 0.002865 0.004902 0.005729 0.009804
0 0.002865 0.004902 0.005729 0.009804
0 0.002865 0.004902 0.005729 0.009804
0 0.002865 0.004902 0.005729 0.009804
0 0.002865 0.004902 0.005729 0.009804
0 0.002865 0.004902 0.005729 0.009804
0 0.002865 0.004902 0.005729 0.009804
0 0.002865 0.004902 0.005729 0.009804
0 0.002865 0.004902 0.005729 0.009804
0 0.002865 0.004902 0.005729 0.009804
0 0.002865 0.004902 0.005729 0.009804
0 0.002865 0.004902 0.005729 0.009804
0 0.002865 0.004902 0.005729 0.009804
0 0.002865 0.004902 0.005729 0.009804
0 0.002865 0.004902 0.005729 0.009804
0 0.002865 0.004902 0.005729 0.009804
0 0.002865 0.004902 0.005729 0.009804
0 0.002865 0.004902 0.005729 0.009804
0 0.002865 0.004902 0.005729 0.009804
0 0.002865 0.004902 0.005729 0.009804
0 0.002865 0.004902 0.005729 0.009804
0 0.002865 0.004902 0.005729 0.009804
0 0.002865 0.004902 0.005729 0.009804
0 0.002865 0.004902 0.005729 0.009804
0 0.002865 0.004902 0.005729 0.009804
0 0.002865 0.004902 0.005729 0.009804
0 0.002865 0.004902 0.005729 0.009804
0 0.002865 0.004902 0.005729 0.009804
0 0.002865 0.004902 0.005729 0.009804
0 0.002865 0.004902 0.005729 0.009804
0 0.002865 0.004902 0.005729 0.009804
0 0.002865 0.004902 0.005729 0.009804