0 0.013750 0.012500 0.027500 0.025000
0 0.013750 0.012500 0.027500 0.025000
0 0.013750 0.012500 0.027500 0.025000
0 0.013750 0.012500 0.027500 0.025000
0 0.013750 0.012500 0.027500 0.025000
0 0.013750 0.012500 0.027500 0.025000
0 0.013750 0.012500 0.027500 0.025000
0 0.013750 0.012500 0.027500 0.025000
0 0.013750 0.012500 0.027500 0.025000
0 0.013750 0.012500 0.027500 0.025000
0 0.013750 0.012500 0.027500 0.025000
0 0.013750 0.012500 0.027500 0.025000
0 0.013750 0.012500 0.027500 0.025000
0 0.013750 0.012500 0.027500 0.025000
0 0.013750 0.012500 0.027500 0.025000
0 0.013750 0.012500 0.027500 0.025000