0 0.006111 0.008306 0.012222 0.016611
0 0.006111 0.008306 0.012222 0.016611
0 0.006111 0.008306 0.012222 0.016611
0 0.006111 0.008306 0.012222 0.016611
0 0.006111 0.008306 0.012222 0.016611
0 0.006111 0.008306 0.012222 0.016611
0 0.006111 0.008306 0.012222 0.016611
0 0.006111 0.008306 0.012222 0.016611
0 0.006111 0.008306 0.012222 0.016611
0 0.006111 0.008306 0.012222 0.016611
0 0.006111 0.008306 0.012222 0.016611
0 0.006111 0.008306 0.012222 0.016611
0 0.006111 0.008306 0.012222 0.016611
0 0.006111 0.008306 0.012222 0.016611
0 0.006111 0.008306 0.012222 0.016611
0 0.006111 0.008306 0.012222 0.016611
0 0.006111 0.008306 0.012222 0.016611
0 0.006111 0.008306 0.012222 0.016611
0 0.006111 0.008306 0.012222 0.016611
0 0.006111 0.008306 0.012222 0.016611
0 0.006111 0.008306 0.012222 0.016611
0 0.006111 0.008306 0.012222 0.016611
0 0.006111 0.008306 0.012222 0.016611
0 0.006111 0.008306 0.012222 0.016611
0 0.006111 0.008306 0.012222 0.016611
0 0.006111 0.008306 0.012222 0.016611
0 0.006111 0.008306 0.012222 0.016611
0 0.006111 0.008306 0.012222 0.016611
0 0.006111 0.008306 0.012222 0.016611
0 0.006111 0.008306 0.012222 0.016611
0 0.006111 0.008306 0.012222 0.016611
0 0.006111 0.008306 0.012222 0.016611
0 0.006111 0.008306 0.012222 0.016611
0 0.006111 0.008306 0.012222 0.016611
0 0.006111 0.008306 0.012222 0.016611
0 0.006111 0.008306 0.012222 0.016611
0 0.006111 0.008306 0.012222 0.016611
0 0.006111 0.008306 0.012222 0.016611
0 0.006111 0.008306 0.012222 0.016611
0 0.006111 0.008306 0.012222 0.016611
0 0.006111 0.008306 0.012222 0.016611
0 0.006111 0.008306 0.012222 0.016611
0 0.006111 0.008306 0.012222 0.016611
0 0.006111 0.008306 0.012222 0.016611
0 0.006111 0.008306 0.012222 0.016611
0 0.006111 0.008306 0.012222 0.016611
0 0.006111 0.008306 0.012222 0.016611
0 0.006111 0.008306 0.012222 0.016611
0 0.006111 0.008306 0.012222 0.016611
0 0.006111 0.008306 0.012222 0.016611
0 0.006111 0.008306 0.012222 0.016611
0 0.006111 0.008306 0.012222 0.016611
0 0.006111 0.008306 0.012222 0.016611
0 0.006111 0.008306 0.012222 0.016611
0 0.006111 0.008306 0.012222 0.016611
0 0.006111 0.008306 0.012222 0.016611
0 0.006111 0.008306 0.012222 0.016611
0 0.006111 0.008306 0.012222 0.016611
0 0.006111 0.008306 0.012222 0.016611
0 0.006111 0.008306 0.012222 0.016611
0 0.006111 0.008306 0.012222 0.016611
0 0.006111 0.008306 0.012222 0.016611
0 0.006111 0.008306 0.012222 0.016611
0 0.006111 0.008306 0.012222 0.016611
0 0.006111 0.008306 0.012222 0.016611
0 0.006111 0.008306 0.012222 0.016611
0 0.006111 0.008306 0.012222 0.016611
0 0.006111 0.008306 0.012222 0.016611
0 0.006111 0.008306 0.012222 0.016611
0 0.006111 0.008306 0.012222 0.016611
0 0.006111 0.008306 0.012222 0.016611
0 0.006111 0.008306 0.012222 0.016611
0 0.006111 0.008306 0.012222 0.016611
0 0.006111 0.008306 0.012222 0.016611
0 0.006111 0.008306 0.012222 0.016611
0 0.006111 0.008306 0.012222 0.016611
0 0.006111 0.008306 0.012222 0.016611
0 0.006111 0.008306 0.012222 0.016611
0 0.006111 0.008306 0.012222 0.016611
0 0.006111 0.008306 0.012222 0.016611
0 0.006111 0.008306 0.012222 0.016611
0 0.006111 0.008306 0.012222 0.016611
0 0.006111 0.008306 0.012222 0.016611
0 0.006111 0.008306 0.012222 0.016611
0 0.006111 0.008306 0.012222 0.016611
0 0.006111 0.008306 0.012222 0.016611
0 0.006111 0.008306 0.012222 0.016611
0 0.006111 0.008306 0.012222 0.016611
0 0.006111 0.008306 0.012222 0.016611
0 0.006111 0.008306 0.012222 0.016611
0 0.006111 0.008306 0.012222 0.016611
0 0.007222 0.008306 0.014444 0.016611
0 0.006111 0.008306 0.012222 0.016611
0 0.006111 0.008306 0.012222 0.016611
0 0.006111 0.008306 0.012222 0.016611
0 0.006111 0.008306 0.012222 0.016611
0 0.006111 0.008306 0.012222 0.016611
0 0.006111 0.008306 0.012222 0.016611
0 0.006111 0.008306 0.012222 0.016611
0 0.006111 0.008306 0.012222 0.016611