0 0.007857 0.011905 0.015714 0.023810
0 0.007857 0.011905 0.015714 0.023810
0 0.007857 0.011905 0.015714 0.023810
0 0.007857 0.011905 0.015714 0.023810
0 0.007857 0.011905 0.015714 0.023810
0 0.007857 0.011905 0.015714 0.023810
0 0.007857 0.011905 0.015714 0.023810
0 0.007857 0.011905 0.015714 0.023810
0 0.007857 0.011905 0.015714 0.023810
0 0.007857 0.011905 0.015714 0.023810
0 0.007857 0.011905 0.015714 0.023810
0 0.007857 0.011905 0.015714 0.023810
0 0.007857 0.011905 0.015714 0.023810
0 0.007857 0.011905 0.015714 0.023810
0 0.007857 0.011905 0.015714 0.023810
0 0.007857 0.011905 0.015714 0.023810
0 0.007857 0.011905 0.015714 0.023810
0 0.007857 0.011905 0.015714 0.023810
0 0.007857 0.011905 0.015714 0.023810
0 0.007857 0.011905 0.015714 0.023810
0 0.007857 0.011905 0.015714 0.023810
0 0.007857 0.011905 0.015714 0.023810