0 0.005500 0.007553 0.011000 0.015106
0 0.005500 0.007553 0.011000 0.015106
0 0.005500 0.007553 0.011000 0.015106
0 0.005500 0.007553 0.011000 0.015106
0 0.005500 0.007553 0.011000 0.015106
0 0.005500 0.007553 0.011000 0.015106
0 0.005500 0.007553 0.011000 0.015106
0 0.005500 0.007553 0.011000 0.015106
0 0.005500 0.007553 0.011000 0.015106
0 0.005500 0.007553 0.011000 0.015106
0 0.005500 0.007553 0.011000 0.015106
0 0.005500 0.007553 0.011000 0.015106
0 0.005500 0.007553 0.011000 0.015106
0 0.005500 0.007553 0.011000 0.015106
0 0.005500 0.007553 0.011000 0.015106
0 0.005500 0.007553 0.011000 0.015106
0 0.005500 0.007553 0.011000 0.015106
0 0.005500 0.007553 0.011000 0.015106
0 0.005500 0.007553 0.011000 0.015106
0 0.005500 0.007553 0.011000 0.015106
0 0.005500 0.007553 0.011000 0.015106
0 0.005500 0.007553 0.011000 0.015106
0 0.005500 0.007553 0.011000 0.015106
0 0.005500 0.007553 0.011000 0.015106
0 0.005500 0.007553 0.011000 0.015106
0 0.005500 0.007553 0.011000 0.015106
0 0.005500 0.007553 0.011000 0.015106
0 0.005500 0.007553 0.011000 0.015106
0 0.005500 0.007553 0.011000 0.015106