0 0.012791 0.017857 0.025581 0.035714
0 0.012791 0.017857 0.025581 0.035714
0 0.012791 0.017857 0.025581 0.035714
0 0.012791 0.017857 0.025581 0.035714
0 0.012791 0.017857 0.025581 0.035714
0 0.012791 0.017857 0.025581 0.035714
0 0.012791 0.017857 0.025581 0.035714
0 0.012791 0.017857 0.025581 0.035714
0 0.012791 0.017857 0.025581 0.035714
0 0.012791 0.017857 0.025581 0.035714
0 0.012791 0.017857 0.025581 0.035714
0 0.012791 0.017857 0.025581 0.035714
0 0.012791 0.017857 0.025581 0.035714
0 0.012791 0.017857 0.025581 0.035714
0 0.012791 0.017857 0.025581 0.035714
0 0.012791 0.017857 0.025581 0.035714
0 0.012791 0.017857 0.025581 0.035714
0 0.012791 0.017857 0.025581 0.035714