0 0.007333 0.009940 0.014667 0.019881
0 0.007333 0.009940 0.014667 0.019881
0 0.007333 0.010934 0.014667 0.021869
0 0.007333 0.009940 0.014667 0.019881
0 0.007333 0.009940 0.014667 0.019881
0 0.007333 0.009940 0.014667 0.019881
0 0.007333 0.009940 0.014667 0.019881
0 0.007333 0.009940 0.014667 0.019881
0 0.007333 0.009940 0.014667 0.019881
0 0.007333 0.010934 0.014667 0.021869
0 0.007333 0.009940 0.014667 0.019881
0 0.007333 0.009940 0.014667 0.019881
0 0.007333 0.009940 0.014667 0.019881
0 0.007333 0.009940 0.014667 0.019881
0 0.007333 0.009940 0.014667 0.019881
0 0.007333 0.009940 0.014667 0.019881
0 0.007333 0.009940 0.014667 0.019881
0 0.007333 0.009940 0.014667 0.019881
0 0.007333 0.009940 0.014667 0.019881
0 0.007333 0.009940 0.014667 0.019881
0 0.007333 0.009940 0.014667 0.019881
0 0.007333 0.009940 0.014667 0.019881
0 0.007333 0.009940 0.014667 0.019881
0 0.007333 0.009940 0.014667 0.019881
0 0.007333 0.009940 0.014667 0.019881
0 0.007333 0.009940 0.014667 0.019881
0 0.007333 0.009940 0.014667 0.019881
0 0.007333 0.009940 0.014667 0.019881
0 0.007333 0.009940 0.014667 0.019881
0 0.007333 0.009940 0.014667 0.019881
0 0.007333 0.010934 0.014667 0.021869
0 0.007333 0.010934 0.014667 0.021869
0 0.007333 0.009940 0.014667 0.019881
0 0.007333 0.009940 0.014667 0.019881
0 0.007333 0.009940 0.014667 0.019881
0 0.007333 0.009940 0.014667 0.019881
0 0.007333 0.009940 0.014667 0.019881
0 0.007333 0.009940 0.014667 0.019881
0 0.007333 0.009940 0.014667 0.019881
0 0.007333 0.009940 0.014667 0.019881
0 0.007333 0.009940 0.014667 0.019881