0 0.008209 0.005459 0.016418 0.010917
0 0.008209 0.005459 0.016418 0.010917
0 0.008209 0.005459 0.016418 0.010917
0 0.008209 0.005459 0.016418 0.010917
0 0.008209 0.005459 0.016418 0.010917
0 0.008209 0.005459 0.016418 0.010917
0 0.008209 0.005459 0.016418 0.010917
0 0.008209 0.005459 0.016418 0.010917
0 0.008209 0.005459 0.016418 0.010917
0 0.008209 0.005459 0.016418 0.010917
0 0.008209 0.005459 0.016418 0.010917
0 0.008209 0.005459 0.016418 0.010917
0 0.008209 0.005459 0.016418 0.010917
0 0.008209 0.005459 0.016418 0.010917
0 0.008209 0.005459 0.016418 0.010917
0 0.008209 0.005459 0.016418 0.010917
0 0.008209 0.005459 0.016418 0.010917
0 0.008209 0.005459 0.016418 0.010917
0 0.008209 0.005459 0.016418 0.010917
0 0.008209 0.005459 0.016418 0.010917
0 0.008209 0.005459 0.016418 0.010917
0 0.008209 0.005459 0.016418 0.010917
0 0.008209 0.005459 0.016418 0.010917
0 0.008209 0.005459 0.016418 0.010917
0 0.008209 0.005459 0.016418 0.010917
0 0.008209 0.005459 0.016418 0.010917
0 0.008209 0.005459 0.016418 0.010917
0 0.008209 0.005459 0.016418 0.010917
0 0.008209 0.005459 0.016418 0.010917
0 0.008209 0.005459 0.016418 0.010917
0 0.008209 0.005459 0.016418 0.010917
0 0.008209 0.005459 0.016418 0.010917
0 0.008209 0.005459 0.016418 0.010917
0 0.008209 0.005459 0.016418 0.010917
0 0.008209 0.005459 0.016418 0.010917
0 0.008209 0.005459 0.016418 0.010917
0 0.008209 0.005459 0.016418 0.010917
0 0.008209 0.005459 0.016418 0.010917
0 0.008209 0.005459 0.016418 0.010917
0 0.008209 0.005459 0.016418 0.010917
0 0.008209 0.005459 0.016418 0.010917
0 0.008209 0.005459 0.016418 0.010917
0 0.008209 0.005459 0.016418 0.010917
0 0.008209 0.005459 0.016418 0.010917
0 0.008209 0.005459 0.016418 0.010917
0 0.008209 0.005459 0.016418 0.010917