0 0.001948 0.002657 0.003897 0.005313
0 0.001948 0.002657 0.003897 0.005313
0 0.001948 0.002657 0.003897 0.005313
0 0.001948 0.002657 0.003897 0.005313
0 0.001948 0.002657 0.003897 0.005313
0 0.001948 0.002657 0.003897 0.005313
0 0.001948 0.002657 0.003897 0.005313
0 0.001948 0.002657 0.003897 0.005313
0 0.001948 0.002657 0.003897 0.005313
0 0.001948 0.002657 0.003897 0.005313
0 0.001948 0.002657 0.003897 0.005313
0 0.001948 0.002657 0.003897 0.005313
0 0.001948 0.002657 0.003897 0.005313
0 0.001948 0.002657 0.003897 0.005313
0 0.001948 0.002657 0.003897 0.005313
0 0.001948 0.002657 0.003897 0.005313
0 0.001948 0.002657 0.003897 0.005313
0 0.001948 0.002657 0.003897 0.005313
0 0.001948 0.002657 0.003897 0.005313
0 0.001948 0.002657 0.003897 0.005313
0 0.001948 0.002657 0.003897 0.005313
0 0.001948 0.002657 0.003897 0.005313
0 0.001948 0.002657 0.003897 0.005313
0 0.001948 0.002657 0.003897 0.005313
0 0.001948 0.002657 0.003897 0.005313
0 0.001948 0.002657 0.003897 0.005313
0 0.001948 0.002657 0.003897 0.005313
0 0.001948 0.002657 0.003897 0.005313
0 0.001948 0.002657 0.003897 0.005313
0 0.001948 0.002657 0.003897 0.005313
0 0.001948 0.002657 0.003897 0.005313
0 0.001948 0.002657 0.003897 0.005313
0 0.001948 0.002657 0.003897 0.005313
0 0.001948 0.002657 0.003897 0.005313
0 0.001948 0.002657 0.003897 0.005313
0 0.001948 0.002657 0.003897 0.005313
0 0.001948 0.002657 0.003897 0.005313
0 0.001948 0.002657 0.003897 0.005313