0 0.002865 0.004630 0.005729 0.009259
0 0.002865 0.004630 0.005729 0.009259
0 0.002865 0.004630 0.005729 0.009259
0 0.002865 0.004630 0.005729 0.009259
0 0.002865 0.004630 0.005729 0.009259
0 0.003385 0.004630 0.006771 0.009259
0 0.002865 0.004630 0.005729 0.009259
0 0.002865 0.004630 0.005729 0.009259
0 0.002865 0.004630 0.005729 0.009259
0 0.002865 0.004630 0.005729 0.009259
0 0.002865 0.004630 0.005729 0.009259
0 0.002865 0.004630 0.005729 0.009259
0 0.002865 0.004630 0.005729 0.009259
0 0.002865 0.004630 0.005729 0.009259
0 0.002865 0.004630 0.005729 0.009259
0 0.002865 0.004630 0.005729 0.009259
0 0.002865 0.004630 0.005729 0.009259
0 0.002865 0.004630 0.005729 0.009259
0 0.002865 0.004630 0.005729 0.009259
0 0.002865 0.004630 0.005729 0.009259
0 0.002865 0.004630 0.005729 0.009259
0 0.002865 0.004630 0.005729 0.009259
0 0.002865 0.004630 0.005729 0.009259
0 0.002865 0.004630 0.005729 0.009259
0 0.002865 0.004630 0.005729 0.009259
0 0.002865 0.004630 0.005729 0.009259
0 0.002865 0.004630 0.005729 0.009259
0 0.002865 0.004630 0.005729 0.009259
0 0.002865 0.004630 0.005729 0.009259
0 0.002865 0.004630 0.005729 0.009259
0 0.002865 0.004630 0.005729 0.009259
0 0.002865 0.004630 0.005729 0.009259
0 0.002865 0.004630 0.005729 0.009259
0 0.002865 0.004630 0.005729 0.009259
0 0.002865 0.004630 0.005729 0.009259
0 0.002865 0.004630 0.005729 0.009259
0 0.002865 0.004630 0.005729 0.009259
0 0.002865 0.004630 0.005729 0.009259
0 0.002865 0.004630 0.005729 0.009259
0 0.002865 0.004630 0.005729 0.009259
0 0.002865 0.004630 0.005729 0.009259
0 0.002865 0.004630 0.005729 0.009259
0 0.002865 0.004630 0.005729 0.009259
0 0.002865 0.004630 0.005729 0.009259
0 0.002865 0.004630 0.005729 0.009259
0 0.002865 0.004630 0.005729 0.009259
0 0.002865 0.004630 0.005729 0.009259
0 0.002865 0.004630 0.005729 0.009259
0 0.002865 0.004630 0.005729 0.009259