0 0.018333 0.020000 0.036667 0.040000
0 0.018333 0.020000 0.036667 0.040000
0 0.018333 0.020000 0.036667 0.040000
0 0.018333 0.020000 0.036667 0.040000
0 0.018333 0.020000 0.036667 0.040000
0 0.018333 0.020000 0.036667 0.040000
0 0.018333 0.020000 0.036667 0.040000
0 0.018333 0.020000 0.036667 0.040000
0 0.018333 0.020000 0.036667 0.040000
0 0.018333 0.020000 0.036667 0.040000
0 0.018333 0.020000 0.036667 0.040000
0 0.018333 0.020000 0.036667 0.040000
0 0.018333 0.020000 0.036667 0.040000
0 0.018333 0.020000 0.036667 0.040000
0 0.018333 0.020000 0.036667 0.040000
0 0.018333 0.020000 0.036667 0.040000
0 0.018333 0.020000 0.036667 0.040000
0 0.018333 0.020000 0.036667 0.040000
0 0.018333 0.020000 0.036667 0.040000
0 0.018333 0.020000 0.036667 0.040000
0 0.018333 0.020000 0.036667 0.040000
0 0.018333 0.020000 0.036667 0.040000
0 0.018333 0.020000 0.036667 0.040000
0 0.018333 0.020000 0.036667 0.040000