0 0.005093 0.009259 0.010185 0.018519
0 0.005093 0.009259 0.010185 0.018519
0 0.005093 0.009259 0.010185 0.018519
0 0.005093 0.009259 0.010185 0.018519
0 0.005093 0.009259 0.010185 0.018519
0 0.005093 0.009259 0.010185 0.018519
0 0.005093 0.009259 0.010185 0.018519
0 0.005093 0.009259 0.010185 0.018519
0 0.005093 0.009259 0.010185 0.018519
0 0.005093 0.009259 0.010185 0.018519
0 0.005093 0.009259 0.010185 0.018519
0 0.005093 0.009259 0.010185 0.018519
0 0.005093 0.009259 0.010185 0.018519
0 0.005093 0.009259 0.010185 0.018519
0 0.005093 0.009259 0.010185 0.018519
0 0.005093 0.009259 0.010185 0.018519
0 0.005093 0.009259 0.010185 0.018519
0 0.005093 0.009259 0.010185 0.018519
0 0.005093 0.009259 0.010185 0.018519
0 0.005093 0.009259 0.010185 0.018519
0 0.005093 0.009259 0.010185 0.018519
0 0.005556 0.009259 0.011111 0.018519
0 0.005093 0.009259 0.010185 0.018519
0 0.005556 0.009259 0.011111 0.018519
0 0.005093 0.009259 0.010185 0.018519
0 0.005093 0.009259 0.010185 0.018519
0 0.005093 0.009259 0.010185 0.018519
0 0.005093 0.009259 0.010185 0.018519
0 0.005093 0.009259 0.010185 0.018519
0 0.005093 0.009259 0.010185 0.018519