0 0.004077 0.002662 0.008154 0.005325
0 0.004077 0.002662 0.008154 0.005325
0 0.004077 0.002662 0.008154 0.005325
0 0.004077 0.002662 0.008154 0.005325
0 0.004077 0.002662 0.008154 0.005325
0 0.004077 0.002662 0.008154 0.005325
0 0.004077 0.002662 0.008154 0.005325
0 0.004077 0.002662 0.008154 0.005325
0 0.004077 0.002662 0.008154 0.005325
0 0.004077 0.002662 0.008154 0.005325
0 0.004077 0.002662 0.008154 0.005325
0 0.004077 0.002662 0.008154 0.005325
0 0.004077 0.002662 0.008154 0.005325
0 0.004077 0.002662 0.008154 0.005325
0 0.004077 0.002662 0.008154 0.005325
0 0.004077 0.002662 0.008154 0.005325
0 0.004077 0.002662 0.008154 0.005325
0 0.004448 0.002662 0.008895 0.005325
0 0.004077 0.002662 0.008154 0.005325
0 0.004077 0.002662 0.008154 0.005325
0 0.004077 0.002662 0.008154 0.005325
0 0.004077 0.002662 0.008154 0.005325
0 0.004077 0.002662 0.008154 0.005325
0 0.004077 0.002662 0.008154 0.005325
0 0.004077 0.002662 0.008154 0.005325
0 0.004077 0.002662 0.008154 0.005325
0 0.004077 0.002662 0.008154 0.005325
0 0.004448 0.002662 0.008895 0.005325
0 0.004077 0.002662 0.008154 0.005325
0 0.004077 0.002662 0.008154 0.005325
0 0.004077 0.002662 0.008154 0.005325
0 0.004077 0.002662 0.008154 0.005325
0 0.004077 0.002662 0.008154 0.005325
0 0.004077 0.002662 0.008154 0.005325
0 0.004077 0.002662 0.008154 0.005325
0 0.004077 0.002662 0.008154 0.005325