0 0.007161 0.010417 0.014323 0.020833
0 0.007161 0.010417 0.014323 0.020833
0 0.007161 0.010417 0.014323 0.020833
0 0.007161 0.010417 0.014323 0.020833
0 0.007161 0.010417 0.014323 0.020833
0 0.007161 0.010417 0.014323 0.020833
0 0.007161 0.010417 0.014323 0.020833
0 0.007161 0.010417 0.014323 0.020833
0 0.007161 0.010417 0.014323 0.020833
0 0.007161 0.010417 0.014323 0.020833
0 0.007161 0.010417 0.014323 0.020833
0 0.007161 0.010417 0.014323 0.020833
0 0.007161 0.010417 0.014323 0.020833
0 0.007161 0.011458 0.014323 0.022917
0 0.007161 0.010417 0.014323 0.020833
0 0.007161 0.010417 0.014323 0.020833
0 0.007161 0.010417 0.014323 0.020833
0 0.007161 0.010417 0.014323 0.020833
0 0.007161 0.010417 0.014323 0.020833
0 0.007161 0.010417 0.014323 0.020833
0 0.007812 0.010417 0.015625 0.020833
0 0.007161 0.010417 0.014323 0.020833
0 0.007161 0.010417 0.014323 0.020833
0 0.007161 0.010417 0.014323 0.020833
0 0.007161 0.010417 0.014323 0.020833
0 0.007161 0.010417 0.014323 0.020833
0 0.007161 0.010417 0.014323 0.020833
0 0.007161 0.010417 0.014323 0.020833
0 0.007161 0.010417 0.014323 0.020833
0 0.007161 0.010417 0.014323 0.020833
0 0.007161 0.010417 0.014323 0.020833
0 0.007161 0.010417 0.014323 0.020833
0 0.007161 0.010417 0.014323 0.020833
0 0.007161 0.010417 0.014323 0.020833
0 0.007161 0.010417 0.014323 0.020833
0 0.007161 0.010417 0.014323 0.020833
0 0.007161 0.010417 0.014323 0.020833
0 0.007161 0.010417 0.014323 0.020833
0 0.007161 0.010417 0.014323 0.020833
0 0.007161 0.011458 0.014323 0.022917
0 0.007161 0.010417 0.014323 0.020833
0 0.007161 0.010417 0.014323 0.020833
0 0.007161 0.010417 0.014323 0.020833
0 0.007161 0.010417 0.014323 0.020833
0 0.007161 0.010417 0.014323 0.020833
0 0.007161 0.010417 0.014323 0.020833
0 0.007161 0.010417 0.014323 0.020833
0 0.007161 0.010417 0.014323 0.020833
0 0.007161 0.010417 0.014323 0.020833
0 0.007161 0.010417 0.014323 0.020833
0 0.007161 0.010417 0.014323 0.020833
0 0.007161 0.010417 0.014323 0.020833
0 0.007161 0.011458 0.014323 0.022917
0 0.007812 0.010417 0.015625 0.020833
0 0.007161 0.010417 0.014323 0.020833
0 0.007161 0.010417 0.014323 0.020833
0 0.007161 0.010417 0.014323 0.020833
0 0.007161 0.010417 0.014323 0.020833
0 0.007161 0.011458 0.014323 0.022917
0 0.007161 0.011458 0.014323 0.022917
0 0.007161 0.010417 0.014323 0.020833
0 0.007161 0.010417 0.014323 0.020833
0 0.007161 0.010417 0.014323 0.020833
0 0.007161 0.010417 0.014323 0.020833
0 0.007161 0.010417 0.014323 0.020833
0 0.007161 0.010417 0.014323 0.020833
0 0.007161 0.010417 0.014323 0.020833
0 0.007161 0.010417 0.014323 0.020833
0 0.007161 0.010417 0.014323 0.020833
0 0.007161 0.010417 0.014323 0.020833
0 0.007161 0.010417 0.014323 0.020833
0 0.007161 0.010417 0.014323 0.020833
0 0.007161 0.010417 0.014323 0.020833
0 0.007161 0.010417 0.014323 0.020833
0 0.007161 0.010417 0.014323 0.020833
0 0.007161 0.010417 0.014323 0.020833
0 0.007161 0.010417 0.014323 0.020833
0 0.007161 0.010417 0.014323 0.020833
0 0.007161 0.010417 0.014323 0.020833
0 0.007812 0.010417 0.015625 0.020833
0 0.007161 0.010417 0.014323 0.020833
0 0.007161 0.010417 0.014323 0.020833
0 0.007161 0.010417 0.014323 0.020833
0 0.007161 0.010417 0.014323 0.020833
0 0.007161 0.010417 0.014323 0.020833
0 0.007161 0.010417 0.014323 0.020833
0 0.007161 0.010417 0.014323 0.020833
0 0.007161 0.010417 0.014323 0.020833
0 0.007161 0.010417 0.014323 0.020833
0 0.007161 0.010417 0.014323 0.020833
0 0.007161 0.010417 0.014323 0.020833
0 0.007161 0.010417 0.014323 0.020833
0 0.007161 0.010417 0.014323 0.020833
0 0.007161 0.010417 0.014323 0.020833
0 0.007161 0.010417 0.014323 0.020833
0 0.007161 0.010417 0.014323 0.020833
0 0.007161 0.010417 0.014323 0.020833
0 0.007161 0.010417 0.014323 0.020833
0 0.007161 0.010417 0.014323 0.020833
0 0.007161 0.010417 0.014323 0.020833
0 0.007161 0.010417 0.014323 0.020833
0 0.007812 0.010417 0.015625 0.020833
0 0.007161 0.010417 0.014323 0.020833
0 0.007161 0.010417 0.014323 0.020833
0 0.007161 0.011458 0.014323 0.022917
0 0.007161 0.011458 0.014323 0.022917
0 0.007161 0.010417 0.014323 0.020833
0 0.007161 0.010417 0.014323 0.020833
0 0.007161 0.010417 0.014323 0.020833
0 0.007161 0.010417 0.014323 0.020833
0 0.007161 0.010417 0.014323 0.020833
0 0.007161 0.010417 0.014323 0.020833
0 0.007161 0.010417 0.014323 0.020833
0 0.007161 0.010417 0.014323 0.020833
0 0.007161 0.010417 0.014323 0.020833
0 0.007161 0.010417 0.014323 0.020833
0 0.007161 0.011458 0.014323 0.022917
0 0.007161 0.010417 0.014323 0.020833
0 0.007161 0.010417 0.014323 0.020833
0 0.007161 0.010417 0.014323 0.020833
0 0.007161 0.010417 0.014323 0.020833
0 0.007161 0.011458 0.014323 0.022917
0 0.007161 0.010417 0.014323 0.020833
0 0.007161 0.010417 0.014323 0.020833
0 0.007161 0.010417 0.014323 0.020833
0 0.007161 0.010417 0.014323 0.020833
0 0.007161 0.011458 0.014323 0.022917
0 0.007161 0.010417 0.014323 0.020833
0 0.007161 0.010417 0.014323 0.020833
0 0.007161 0.010417 0.014323 0.020833
0 0.007161 0.011458 0.014323 0.022917
0 0.007161 0.010417 0.014323 0.020833
0 0.007161 0.010417 0.014323 0.020833
0 0.007161 0.010417 0.014323 0.020833
0 0.007161 0.010417 0.014323 0.020833
0 0.007161 0.010417 0.014323 0.020833
0 0.007161 0.010417 0.014323 0.020833
0 0.007161 0.010417 0.014323 0.020833
0 0.007161 0.010417 0.014323 0.020833
0 0.007161 0.010417 0.014323 0.020833
0 0.007161 0.010417 0.014323 0.020833