0 0.005612 0.009058 0.011224 0.018116
0 0.005612 0.009058 0.011224 0.018116
0 0.005612 0.009058 0.011224 0.018116
0 0.005612 0.009058 0.011224 0.018116
0 0.005612 0.009058 0.011224 0.018116
0 0.005612 0.009058 0.011224 0.018116
0 0.005612 0.009058 0.011224 0.018116
0 0.005612 0.009058 0.011224 0.018116
0 0.005612 0.009058 0.011224 0.018116
0 0.005612 0.009058 0.011224 0.018116
0 0.005612 0.009058 0.011224 0.018116
0 0.005612 0.009058 0.011224 0.018116
0 0.005612 0.009058 0.011224 0.018116
0 0.005612 0.009058 0.011224 0.018116
0 0.005612 0.009058 0.011224 0.018116
0 0.005612 0.009058 0.011224 0.018116
0 0.005612 0.009058 0.011224 0.018116
0 0.005612 0.009058 0.011224 0.018116
0 0.005612 0.009058 0.011224 0.018116
0 0.005612 0.009058 0.011224 0.018116
0 0.005612 0.009058 0.011224 0.018116
0 0.005612 0.009058 0.011224 0.018116
0 0.005612 0.009058 0.011224 0.018116
0 0.005612 0.009058 0.011224 0.018116
0 0.005612 0.009058 0.011224 0.018116
0 0.005612 0.009058 0.011224 0.018116
0 0.005612 0.009058 0.011224 0.018116
0 0.005612 0.009058 0.011224 0.018116
0 0.005612 0.009058 0.011224 0.018116
0 0.005612 0.009058 0.011224 0.018116
0 0.005612 0.009058 0.011224 0.018116
0 0.005612 0.009058 0.011224 0.018116
0 0.005612 0.009058 0.011224 0.018116
0 0.005612 0.009058 0.011224 0.018116
0 0.005612 0.009058 0.011224 0.018116
0 0.005612 0.009058 0.011224 0.018116
0 0.005612 0.009058 0.011224 0.018116
0 0.005612 0.009058 0.011224 0.018116
0 0.005612 0.009058 0.011224 0.018116
0 0.005612 0.009058 0.011224 0.018116