0 0.005000 0.006849 0.010000 0.013699
0 0.005000 0.006849 0.010000 0.013699
0 0.005000 0.006849 0.010000 0.013699
0 0.005000 0.006849 0.010000 0.013699
0 0.005000 0.006849 0.010000 0.013699
0 0.005000 0.006849 0.010000 0.013699
0 0.005000 0.006849 0.010000 0.013699
0 0.005909 0.006849 0.011818 0.013699
0 0.005000 0.006849 0.010000 0.013699
0 0.005909 0.006849 0.011818 0.013699
0 0.005000 0.006849 0.010000 0.013699
0 0.005000 0.006849 0.010000 0.013699
0 0.005000 0.006849 0.010000 0.013699
0 0.005000 0.006849 0.010000 0.013699
0 0.005909 0.006849 0.011818 0.013699
0 0.005000 0.006849 0.010000 0.013699
0 0.005000 0.006849 0.010000 0.013699
0 0.005909 0.006849 0.011818 0.013699
0 0.005909 0.006849 0.011818 0.013699
0 0.005000 0.006849 0.010000 0.013699
0 0.005000 0.006849 0.010000 0.013699
0 0.005000 0.006849 0.010000 0.013699