0 0.000917 0.001481 0.001833 0.002962
0 0.000917 0.001481 0.001833 0.002962
0 0.000917 0.001481 0.001833 0.002962
0 0.000917 0.001481 0.001833 0.002962
0 0.000917 0.001481 0.001833 0.002962
0 0.000917 0.001481 0.001833 0.002962
0 0.000917 0.001481 0.001833 0.002962
0 0.000917 0.001481 0.001833 0.002962
0 0.000917 0.001481 0.001833 0.002962
0 0.000917 0.001481 0.001833 0.002962
0 0.000917 0.001481 0.001833 0.002962
0 0.000917 0.001481 0.001833 0.002962
0 0.000917 0.001481 0.001833 0.002962
0 0.000917 0.001481 0.001833 0.002962
0 0.000917 0.001481 0.001833 0.002962
0 0.001000 0.001481 0.002000 0.002962
0 0.000917 0.001481 0.001833 0.002962
0 0.000917 0.001481 0.001833 0.002962
0 0.000917 0.001481 0.001833 0.002962
0 0.000917 0.001481 0.001833 0.002962
0 0.000917 0.001481 0.001833 0.002962
0 0.000917 0.001481 0.001833 0.002962
0 0.000917 0.001481 0.001833 0.002962
0 0.000917 0.001481 0.001833 0.002962
0 0.000917 0.001481 0.001833 0.002962
0 0.000917 0.001481 0.001833 0.002962
0 0.000917 0.001481 0.001833 0.002962
0 0.001000 0.001481 0.002000 0.002962
0 0.000917 0.001481 0.001833 0.002962
0 0.000917 0.001481 0.001833 0.002962
0 0.000917 0.001481 0.001833 0.002962
0 0.000917 0.001481 0.001833 0.002962
0 0.000917 0.001481 0.001833 0.002962