0 0.002686 0.003427 0.005371 0.006854
0 0.002686 0.003427 0.005371 0.006854
0 0.002686 0.003427 0.005371 0.006854
0 0.002686 0.003427 0.005371 0.006854
0 0.002686 0.003427 0.005371 0.006854
0 0.002686 0.003427 0.005371 0.006854
0 0.002686 0.003427 0.005371 0.006854
0 0.002686 0.003427 0.005371 0.006854
0 0.002686 0.003427 0.005371 0.006854
0 0.002686 0.003427 0.005371 0.006854
0 0.002686 0.003427 0.005371 0.006854
0 0.002686 0.003427 0.005371 0.006854
0 0.002686 0.003427 0.005371 0.006854
0 0.002686 0.003427 0.005371 0.006854
0 0.002686 0.003427 0.005371 0.006854