0 0.007801 0.010638 0.015603 0.021277
0 0.007801 0.010638 0.015603 0.021277
0 0.007801 0.010638 0.015603 0.021277
0 0.007801 0.010638 0.015603 0.021277
0 0.007801 0.010638 0.015603 0.021277
0 0.007801 0.010638 0.015603 0.021277
0 0.007801 0.010638 0.015603 0.021277
0 0.007801 0.010638 0.015603 0.021277
0 0.007801 0.010638 0.015603 0.021277
0 0.007801 0.010638 0.015603 0.021277
0 0.007801 0.010638 0.015603 0.021277
0 0.007801 0.010638 0.015603 0.021277
0 0.007801 0.010638 0.015603 0.021277
0 0.007801 0.010638 0.015603 0.021277
0 0.007801 0.010638 0.015603 0.021277
0 0.007801 0.010638 0.015603 0.021277
0 0.007801 0.010638 0.015603 0.021277
0 0.007801 0.010638 0.015603 0.021277
0 0.007801 0.010638 0.015603 0.021277
0 0.007801 0.010638 0.015603 0.021277
0 0.007801 0.010638 0.015603 0.021277