0 0.015000 0.022321 0.030000 0.044643
0 0.015000 0.022321 0.030000 0.044643
0 0.013750 0.022321 0.027500 0.044643
0 0.013750 0.022321 0.027500 0.044643
0 0.015000 0.022321 0.030000 0.044643
0 0.013750 0.022321 0.027500 0.044643
0 0.013750 0.022321 0.027500 0.044643
0 0.013750 0.022321 0.027500 0.044643
0 0.013750 0.022321 0.027500 0.044643
0 0.013750 0.022321 0.027500 0.044643
0 0.013750 0.022321 0.027500 0.044643
0 0.013750 0.022321 0.027500 0.044643
0 0.013750 0.022321 0.027500 0.044643
0 0.013750 0.022321 0.027500 0.044643
0 0.013750 0.022321 0.027500 0.044643
0 0.013750 0.022321 0.027500 0.044643
0 0.013750 0.022321 0.027500 0.044643
0 0.013750 0.022321 0.027500 0.044643
0 0.013750 0.022321 0.027500 0.044643
0 0.013750 0.022321 0.027500 0.044643
0 0.013750 0.022321 0.027500 0.044643
0 0.013750 0.022321 0.027500 0.044643
0 0.013750 0.022321 0.027500 0.044643
0 0.013750 0.022321 0.027500 0.044643
0 0.013750 0.022321 0.027500 0.044643
0 0.015000 0.022321 0.030000 0.044643
0 0.013750 0.022321 0.027500 0.044643
0 0.013750 0.022321 0.027500 0.044643
0 0.013750 0.022321 0.027500 0.044643
0 0.013750 0.022321 0.027500 0.044643
0 0.013750 0.022321 0.027500 0.044643
0 0.013750 0.022321 0.027500 0.044643
0 0.013750 0.022321 0.027500 0.044643
0 0.013750 0.022321 0.027500 0.044643
0 0.013750 0.022321 0.027500 0.044643
0 0.013750 0.022321 0.027500 0.044643
0 0.015000 0.022321 0.030000 0.044643
0 0.013750 0.022321 0.027500 0.044643
0 0.013750 0.022321 0.027500 0.044643
0 0.013750 0.022321 0.027500 0.044643
0 0.013750 0.022321 0.027500 0.044643
0 0.013750 0.022321 0.027500 0.044643
0 0.013750 0.022321 0.027500 0.044643
0 0.013750 0.022321 0.027500 0.044643
0 0.013750 0.022321 0.027500 0.044643
0 0.013750 0.022321 0.027500 0.044643
0 0.013750 0.022321 0.027500 0.044643
0 0.015000 0.022321 0.030000 0.044643
0 0.013750 0.022321 0.027500 0.044643
0 0.013750 0.022321 0.027500 0.044643
0 0.013750 0.022321 0.027500 0.044643
0 0.013750 0.022321 0.027500 0.044643
0 0.013750 0.022321 0.027500 0.044643
0 0.015000 0.022321 0.030000 0.044643
0 0.015000 0.022321 0.030000 0.044643
0 0.013750 0.022321 0.027500 0.044643
0 0.013750 0.022321 0.027500 0.044643
0 0.015000 0.022321 0.030000 0.044643
0 0.013750 0.022321 0.027500 0.044643
0 0.013750 0.022321 0.027500 0.044643
0 0.015000 0.022321 0.030000 0.044643
0 0.013750 0.022321 0.027500 0.044643
0 0.013750 0.022321 0.027500 0.044643
0 0.013750 0.022321 0.027500 0.044643
0 0.015000 0.022321 0.030000 0.044643
0 0.013750 0.022321 0.027500 0.044643
0 0.013750 0.022321 0.027500 0.044643
0 0.013750 0.022321 0.027500 0.044643
0 0.013750 0.022321 0.027500 0.044643
0 0.015000 0.022321 0.030000 0.044643
0 0.013750 0.022321 0.027500 0.044643
0 0.013750 0.022321 0.027500 0.044643
0 0.013750 0.022321 0.027500 0.044643