0 0.003929 0.005933 0.007857 0.011866
0 0.004286 0.005933 0.008571 0.011866
0 0.003929 0.005933 0.007857 0.011866
0 0.003929 0.005933 0.007857 0.011866
0 0.003929 0.005933 0.007857 0.011866
0 0.003929 0.005933 0.007857 0.011866
0 0.003929 0.005933 0.007857 0.011866
0 0.003929 0.005933 0.007857 0.011866
0 0.003929 0.005933 0.007857 0.011866
0 0.004286 0.005933 0.008571 0.011866
0 0.004286 0.005933 0.008571 0.011866
0 0.003929 0.005933 0.007857 0.011866
0 0.003929 0.005933 0.007857 0.011866
0 0.003929 0.005933 0.007857 0.011866
0 0.003929 0.005933 0.007857 0.011866
0 0.004286 0.005933 0.008571 0.011866
0 0.003929 0.005933 0.007857 0.011866
0 0.003929 0.005933 0.007857 0.011866
0 0.003929 0.005933 0.007857 0.011866
0 0.004286 0.005933 0.008571 0.011866
0 0.004286 0.005933 0.008571 0.011866
0 0.004286 0.005933 0.008571 0.011866
0 0.004286 0.005933 0.008571 0.011866
0 0.004286 0.005933 0.008571 0.011866
0 0.003929 0.005933 0.007857 0.011866
0 0.003929 0.005933 0.007857 0.011866
0 0.003929 0.005933 0.007857 0.011866
0 0.003929 0.005933 0.007857 0.011866
0 0.003929 0.005933 0.007857 0.011866
0 0.003929 0.005933 0.007857 0.011866
0 0.004286 0.005933 0.008571 0.011866
0 0.004286 0.005933 0.008571 0.011866
0 0.003929 0.005933 0.007857 0.011866
0 0.003929 0.005933 0.007857 0.011866
0 0.004286 0.005933 0.008571 0.011866
0 0.003929 0.005933 0.007857 0.011866
0 0.003929 0.005933 0.007857 0.011866
0 0.003929 0.005933 0.007857 0.011866
0 0.004286 0.005933 0.008571 0.011866
0 0.004286 0.005933 0.008571 0.011866
0 0.003929 0.005933 0.007857 0.011866
0 0.003929 0.005933 0.007857 0.011866
0 0.003929 0.005933 0.007857 0.011866
0 0.003929 0.005933 0.007857 0.011866
0 0.004286 0.005933 0.008571 0.011866
0 0.003929 0.005933 0.007857 0.011866
0 0.003929 0.005933 0.007857 0.011866
0 0.003929 0.005933 0.007857 0.011866
0 0.003929 0.005933 0.007857 0.011866
0 0.003929 0.005933 0.007857 0.011866
0 0.003929 0.005933 0.007857 0.011866
0 0.003929 0.005933 0.007857 0.011866
0 0.003929 0.005933 0.007857 0.011866
0 0.003929 0.005933 0.007857 0.011866
0 0.004286 0.005933 0.008571 0.011866
0 0.003929 0.005933 0.007857 0.011866
0 0.003929 0.005933 0.007857 0.011866
0 0.003929 0.005933 0.007857 0.011866
0 0.003929 0.005933 0.007857 0.011866
0 0.003929 0.005933 0.007857 0.011866
0 0.003929 0.005933 0.007857 0.011866
0 0.003929 0.005933 0.007857 0.011866
0 0.004286 0.005933 0.008571 0.011866
0 0.003929 0.005933 0.007857 0.011866
0 0.003929 0.005933 0.007857 0.011866
0 0.003929 0.005933 0.007857 0.011866