0 0.007639 0.010417 0.015278 0.020833
0 0.007639 0.010417 0.015278 0.020833
0 0.007639 0.010417 0.015278 0.020833
0 0.007639 0.010417 0.015278 0.020833
0 0.007639 0.010417 0.015278 0.020833
0 0.007639 0.010417 0.015278 0.020833
0 0.007639 0.010417 0.015278 0.020833
0 0.007639 0.010417 0.015278 0.020833
0 0.007639 0.010417 0.015278 0.020833
0 0.007639 0.010417 0.015278 0.020833
0 0.007639 0.010417 0.015278 0.020833
0 0.007639 0.010417 0.015278 0.020833
0 0.007639 0.010417 0.015278 0.020833
0 0.007639 0.010417 0.015278 0.020833
0 0.007639 0.010417 0.015278 0.020833
0 0.007639 0.010417 0.015278 0.020833
0 0.007639 0.010417 0.015278 0.020833
0 0.007639 0.010417 0.015278 0.020833
0 0.007639 0.010417 0.015278 0.020833
0 0.007639 0.010417 0.015278 0.020833
0 0.009028 0.010417 0.018056 0.020833
0 0.007639 0.010417 0.015278 0.020833
0 0.007639 0.010417 0.015278 0.020833
0 0.007639 0.010417 0.015278 0.020833