0 0.001188 0.001371 0.002376 0.002741
0 0.001005 0.001371 0.002010 0.002741
0 0.001005 0.001371 0.002010 0.002741
0 0.001005 0.001371 0.002010 0.002741
0 0.001005 0.001371 0.002010 0.002741
0 0.001005 0.001371 0.002010 0.002741
0 0.001005 0.001371 0.002010 0.002741
0 0.001005 0.001371 0.002010 0.002741
0 0.001005 0.001371 0.002010 0.002741
0 0.001005 0.001371 0.002010 0.002741
0 0.001005 0.001371 0.002010 0.002741
0 0.001005 0.001371 0.002010 0.002741
0 0.001005 0.001371 0.002010 0.002741
0 0.001005 0.001371 0.002010 0.002741
0 0.001188 0.001371 0.002376 0.002741
0 0.001005 0.001371 0.002010 0.002741
0 0.001005 0.001371 0.002010 0.002741
0 0.001005 0.001371 0.002010 0.002741
0 0.001005 0.001371 0.002010 0.002741
0 0.001005 0.001371 0.002010 0.002741
0 0.001005 0.001371 0.002010 0.002741
0 0.001005 0.001371 0.002010 0.002741
0 0.001005 0.001371 0.002010 0.002741
0 0.001005 0.001371 0.002010 0.002741
0 0.001005 0.001371 0.002010 0.002741
0 0.001005 0.001371 0.002010 0.002741
0 0.001005 0.001371 0.002010 0.002741
0 0.001005 0.001371 0.002010 0.002741
0 0.001005 0.001371 0.002010 0.002741
0 0.001005 0.001371 0.002010 0.002741
0 0.001005 0.001371 0.002010 0.002741
0 0.001005 0.001371 0.002010 0.002741
0 0.001005 0.001371 0.002010 0.002741
0 0.001005 0.001371 0.002010 0.002741
0 0.001005 0.001371 0.002010 0.002741
0 0.001005 0.001371 0.002010 0.002741
0 0.001005 0.001371 0.002010 0.002741
0 0.001005 0.001371 0.002010 0.002741
0 0.001005 0.001371 0.002010 0.002741