0 0.001473 0.002217 0.002945 0.004434
0 0.001473 0.002015 0.002945 0.004031
0 0.001473 0.002015 0.002945 0.004031
0 0.001473 0.002015 0.002945 0.004031
0 0.001473 0.002015 0.002945 0.004031
0 0.001473 0.002015 0.002945 0.004031
0 0.001473 0.002015 0.002945 0.004031
0 0.001473 0.002015 0.002945 0.004031
0 0.001473 0.002015 0.002945 0.004031
0 0.001473 0.002015 0.002945 0.004031
0 0.001473 0.002015 0.002945 0.004031
0 0.001473 0.002217 0.002945 0.004434
0 0.001473 0.002015 0.002945 0.004031
0 0.001473 0.002015 0.002945 0.004031
0 0.001473 0.002015 0.002945 0.004031
0 0.001473 0.002015 0.002945 0.004031
0 0.001473 0.002015 0.002945 0.004031
0 0.001473 0.002015 0.002945 0.004031
0 0.001473 0.002015 0.002945 0.004031
0 0.001473 0.002015 0.002945 0.004031
0 0.001473 0.002015 0.002945 0.004031
0 0.001473 0.002015 0.002945 0.004031
0 0.001473 0.002015 0.002945 0.004031
0 0.001473 0.002015 0.002945 0.004031
0 0.001473 0.002015 0.002945 0.004031
0 0.001473 0.002015 0.002945 0.004031
0 0.001473 0.002015 0.002945 0.004031
0 0.001473 0.002015 0.002945 0.004031
0 0.001473 0.002217 0.002945 0.004434
0 0.001473 0.002015 0.002945 0.004031
0 0.001473 0.002217 0.002945 0.004434
0 0.001473 0.002015 0.002945 0.004031
0 0.001473 0.002015 0.002945 0.004031
0 0.001473 0.002015 0.002945 0.004031
0 0.001473 0.002015 0.002945 0.004031
0 0.001473 0.002015 0.002945 0.004031
0 0.001473 0.002015 0.002945 0.004031
0 0.001473 0.002015 0.002945 0.004031
0 0.001473 0.002015 0.002945 0.004031
0 0.001473 0.002015 0.002945 0.004031
0 0.001473 0.002015 0.002945 0.004031
0 0.001473 0.002015 0.002945 0.004031
0 0.001473 0.002015 0.002945 0.004031