0 0.009016 0.010917 0.018033 0.021834
0 0.009016 0.010917 0.018033 0.021834
0 0.009016 0.010917 0.018033 0.021834
0 0.009016 0.010917 0.018033 0.021834
0 0.009016 0.010917 0.018033 0.021834
0 0.009016 0.010917 0.018033 0.021834
0 0.009016 0.010917 0.018033 0.021834
0 0.009016 0.010917 0.018033 0.021834
0 0.009016 0.010917 0.018033 0.021834
0 0.009016 0.010917 0.018033 0.021834
0 0.009016 0.010917 0.018033 0.021834
0 0.009016 0.010917 0.018033 0.021834
0 0.009016 0.010917 0.018033 0.021834
0 0.009016 0.010917 0.018033 0.021834
0 0.009016 0.010917 0.018033 0.021834
0 0.009016 0.010917 0.018033 0.021834
0 0.009016 0.010917 0.018033 0.021834
0 0.009016 0.010917 0.018033 0.021834
0 0.009016 0.010917 0.018033 0.021834
0 0.009016 0.010917 0.018033 0.021834
0 0.009016 0.010917 0.018033 0.021834
0 0.009016 0.010917 0.018033 0.021834
0 0.009016 0.010917 0.018033 0.021834
0 0.009016 0.010917 0.018033 0.021834
0 0.009016 0.010917 0.018033 0.021834
0 0.009016 0.010917 0.018033 0.021834
0 0.009016 0.010917 0.018033 0.021834
0 0.009016 0.010917 0.018033 0.021834
0 0.009016 0.010917 0.018033 0.021834
0 0.009016 0.010917 0.018033 0.021834
0 0.009016 0.010917 0.018033 0.021834
0 0.009016 0.010917 0.018033 0.021834
0 0.009016 0.010917 0.018033 0.021834