0 0.004117 0.006676 0.008234 0.013351
0 0.004117 0.006676 0.008234 0.013351
0 0.004117 0.006676 0.008234 0.013351
0 0.004117 0.006676 0.008234 0.013351
0 0.004117 0.006676 0.008234 0.013351
0 0.004117 0.006676 0.008234 0.013351
0 0.004117 0.006676 0.008234 0.013351
0 0.004117 0.006676 0.008234 0.013351
0 0.004117 0.006676 0.008234 0.013351
0 0.004117 0.006676 0.008234 0.013351
0 0.004117 0.006676 0.008234 0.013351
0 0.004117 0.006676 0.008234 0.013351
0 0.004117 0.006676 0.008234 0.013351
0 0.004117 0.006676 0.008234 0.013351
0 0.004117 0.006676 0.008234 0.013351
0 0.004117 0.006676 0.008234 0.013351
0 0.004117 0.006676 0.008234 0.013351
0 0.004117 0.006676 0.008234 0.013351
0 0.004117 0.006676 0.008234 0.013351
0 0.004117 0.006676 0.008234 0.013351
0 0.004117 0.006676 0.008234 0.013351
0 0.004117 0.006676 0.008234 0.013351
0 0.004117 0.006676 0.008234 0.013351
0 0.004117 0.006676 0.008234 0.013351
0 0.004117 0.006676 0.008234 0.013351
0 0.004117 0.006676 0.008234 0.013351
0 0.004117 0.006676 0.008234 0.013351
0 0.004117 0.006676 0.008234 0.013351
0 0.004117 0.006676 0.008234 0.013351
0 0.004117 0.006676 0.008234 0.013351
0 0.004117 0.006676 0.008234 0.013351
0 0.004117 0.006676 0.008234 0.013351
0 0.004117 0.006676 0.008234 0.013351
0 0.004117 0.006676 0.008234 0.013351
0 0.004117 0.006676 0.008234 0.013351
0 0.004117 0.006676 0.008234 0.013351
0 0.004117 0.006676 0.008234 0.013351
0 0.004117 0.006676 0.008234 0.013351
0 0.004117 0.006676 0.008234 0.013351
0 0.004117 0.006676 0.008234 0.013351
0 0.004117 0.006676 0.008234 0.013351
0 0.004117 0.006676 0.008234 0.013351
0 0.004117 0.006676 0.008234 0.013351
0 0.004117 0.006676 0.008234 0.013351
0 0.004117 0.006676 0.008234 0.013351
0 0.004117 0.006676 0.008234 0.013351
0 0.004117 0.006676 0.008234 0.013351