0 0.008462 0.013699 0.016923 0.027397
0 0.008462 0.013699 0.016923 0.027397
0 0.008462 0.013699 0.016923 0.027397
0 0.008462 0.013699 0.016923 0.027397
0 0.008462 0.013699 0.016923 0.027397
0 0.008462 0.013699 0.016923 0.027397
0 0.008462 0.013699 0.016923 0.027397
0 0.008462 0.013699 0.016923 0.027397
0 0.008462 0.013699 0.016923 0.027397
0 0.008462 0.013699 0.016923 0.027397
0 0.008462 0.013699 0.016923 0.027397
0 0.008462 0.013699 0.016923 0.027397
0 0.008462 0.013699 0.016923 0.027397
0 0.008462 0.013699 0.016923 0.027397
0 0.008462 0.013699 0.016923 0.027397
0 0.008462 0.013699 0.016923 0.027397
0 0.008462 0.013699 0.016923 0.027397
0 0.008462 0.013699 0.016923 0.027397
0 0.008462 0.013699 0.016923 0.027397
0 0.008462 0.013699 0.016923 0.027397
0 0.008462 0.013699 0.016923 0.027397