0 0.007857 0.011848 0.015714 0.023697
0 0.007857 0.011848 0.015714 0.023697
0 0.007857 0.011848 0.015714 0.023697
0 0.007857 0.011848 0.015714 0.023697
0 0.007857 0.011848 0.015714 0.023697
0 0.007857 0.011848 0.015714 0.023697
0 0.007857 0.011848 0.015714 0.023697
0 0.007857 0.011848 0.015714 0.023697
0 0.007857 0.011848 0.015714 0.023697
0 0.007857 0.011848 0.015714 0.023697
0 0.007857 0.011848 0.015714 0.023697
0 0.007857 0.011848 0.015714 0.023697
0 0.007857 0.011848 0.015714 0.023697
0 0.007857 0.011848 0.015714 0.023697
0 0.007857 0.011848 0.015714 0.023697
0 0.007857 0.011848 0.015714 0.023697
0 0.007857 0.011848 0.015714 0.023697
0 0.007857 0.011848 0.015714 0.023697
0 0.007857 0.011848 0.015714 0.023697
0 0.007857 0.011848 0.015714 0.023697
0 0.007857 0.011848 0.015714 0.023697
0 0.007857 0.011848 0.015714 0.023697
0 0.007857 0.011848 0.015714 0.023697
0 0.007857 0.011848 0.015714 0.023697
0 0.007857 0.011848 0.015714 0.023697
0 0.007857 0.011848 0.015714 0.023697
0 0.007857 0.011848 0.015714 0.023697
0 0.007857 0.011848 0.015714 0.023697
0 0.007857 0.011848 0.015714 0.023697
0 0.007857 0.011848 0.015714 0.023697
0 0.007857 0.011848 0.015714 0.023697
0 0.007857 0.011848 0.015714 0.023697
0 0.007857 0.011848 0.015714 0.023697
0 0.007857 0.011848 0.015714 0.023697