0 0.004583 0.004167 0.009167 0.008333
0 0.004583 0.004167 0.009167 0.008333
0 0.004583 0.004167 0.009167 0.008333
0 0.004583 0.004167 0.009167 0.008333
0 0.004583 0.004167 0.009167 0.008333
0 0.004583 0.004167 0.009167 0.008333
0 0.004583 0.004167 0.009167 0.008333
0 0.004583 0.004167 0.009167 0.008333
0 0.004583 0.004167 0.009167 0.008333
0 0.004583 0.004167 0.009167 0.008333
0 0.004583 0.004167 0.009167 0.008333
0 0.004583 0.004167 0.009167 0.008333
0 0.004583 0.004167 0.009167 0.008333
0 0.004583 0.004167 0.009167 0.008333
0 0.004583 0.004167 0.009167 0.008333
0 0.004583 0.004167 0.009167 0.008333
0 0.004583 0.004167 0.009167 0.008333
0 0.004583 0.004167 0.009167 0.008333
0 0.004583 0.004167 0.009167 0.008333
0 0.004583 0.004167 0.009167 0.008333
0 0.004583 0.004167 0.009167 0.008333
0 0.004583 0.004167 0.009167 0.008333
0 0.004583 0.004167 0.009167 0.008333
0 0.004583 0.004167 0.009167 0.008333
0 0.004583 0.004167 0.009167 0.008333
0 0.004583 0.004167 0.009167 0.008333
0 0.004583 0.004167 0.009167 0.008333
0 0.004583 0.004167 0.009167 0.008333
0 0.004583 0.004167 0.009167 0.008333
0 0.004583 0.004167 0.009167 0.008333
0 0.004583 0.004167 0.009167 0.008333
0 0.004583 0.004167 0.009167 0.008333
0 0.004583 0.004167 0.009167 0.008333
0 0.004583 0.004167 0.009167 0.008333
0 0.004583 0.004167 0.009167 0.008333
0 0.004583 0.004167 0.009167 0.008333
0 0.004583 0.004167 0.009167 0.008333
0 0.004583 0.004167 0.009167 0.008333
0 0.004583 0.004167 0.009167 0.008333
0 0.004583 0.004167 0.009167 0.008333
0 0.004583 0.004167 0.009167 0.008333
0 0.004583 0.004167 0.009167 0.008333