0 0.004297 0.005862 0.008594 0.011723
0 0.004297 0.005862 0.008594 0.011723
0 0.004297 0.005862 0.008594 0.011723
0 0.004297 0.005862 0.008594 0.011723
0 0.005078 0.005862 0.010156 0.011723
0 0.004297 0.005862 0.008594 0.011723
0 0.004297 0.005862 0.008594 0.011723
0 0.004297 0.005862 0.008594 0.011723
0 0.004297 0.005862 0.008594 0.011723
0 0.004297 0.005862 0.008594 0.011723
0 0.004297 0.005862 0.008594 0.011723
0 0.004297 0.005862 0.008594 0.011723
0 0.004297 0.005862 0.008594 0.011723
0 0.004297 0.005862 0.008594 0.011723
0 0.004297 0.005862 0.008594 0.011723
0 0.004297 0.005862 0.008594 0.011723
0 0.004297 0.005862 0.008594 0.011723
0 0.004297 0.005862 0.008594 0.011723
0 0.004297 0.005862 0.008594 0.011723
0 0.004297 0.005862 0.008594 0.011723
0 0.005078 0.005862 0.010156 0.011723
0 0.004297 0.005862 0.008594 0.011723
0 0.004297 0.006448 0.008594 0.012896
0 0.004297 0.005862 0.008594 0.011723
0 0.004297 0.005862 0.008594 0.011723
0 0.004297 0.005862 0.008594 0.011723
0 0.004297 0.005862 0.008594 0.011723
0 0.004297 0.005862 0.008594 0.011723
0 0.004297 0.005862 0.008594 0.011723
0 0.004297 0.005862 0.008594 0.011723
0 0.004297 0.005862 0.008594 0.011723
0 0.004297 0.005862 0.008594 0.011723
0 0.004297 0.005862 0.008594 0.011723
0 0.004297 0.005862 0.008594 0.011723
0 0.004297 0.005862 0.008594 0.011723
0 0.004297 0.005862 0.008594 0.011723
0 0.004297 0.005862 0.008594 0.011723
0 0.004297 0.005862 0.008594 0.011723
0 0.004297 0.005862 0.008594 0.011723
0 0.005078 0.005862 0.010156 0.011723
0 0.004297 0.005862 0.008594 0.011723
0 0.004297 0.005862 0.008594 0.011723
0 0.004297 0.005862 0.008594 0.011723
0 0.004297 0.005862 0.008594 0.011723
0 0.004297 0.005862 0.008594 0.011723
0 0.004297 0.005862 0.008594 0.011723
0 0.004297 0.005862 0.008594 0.011723
0 0.004297 0.005862 0.008594 0.011723
0 0.004297 0.005862 0.008594 0.011723
0 0.004297 0.005862 0.008594 0.011723
0 0.004297 0.005862 0.008594 0.011723
0 0.004297 0.005862 0.008594 0.011723
0 0.004297 0.005862 0.008594 0.011723
0 0.004297 0.005862 0.008594 0.011723
0 0.004297 0.005862 0.008594 0.011723
0 0.004297 0.005862 0.008594 0.011723
0 0.005078 0.005862 0.010156 0.011723
0 0.004297 0.006448 0.008594 0.012896
0 0.004297 0.005862 0.008594 0.011723
0 0.004297 0.005862 0.008594 0.011723
0 0.004297 0.005862 0.008594 0.011723
0 0.004297 0.005862 0.008594 0.011723
0 0.004297 0.005862 0.008594 0.011723
0 0.004297 0.005862 0.008594 0.011723
0 0.004297 0.005862 0.008594 0.011723
0 0.004297 0.005862 0.008594 0.011723
0 0.004297 0.005862 0.008594 0.011723
0 0.004297 0.005862 0.008594 0.011723
0 0.004297 0.005862 0.008594 0.011723
0 0.005078 0.005862 0.010156 0.011723
0 0.004297 0.005862 0.008594 0.011723
0 0.004297 0.005862 0.008594 0.011723
0 0.004297 0.005862 0.008594 0.011723
0 0.004297 0.005862 0.008594 0.011723
0 0.004297 0.005862 0.008594 0.011723
0 0.004297 0.005862 0.008594 0.011723
0 0.004297 0.005862 0.008594 0.011723
0 0.004297 0.005862 0.008594 0.011723
0 0.004297 0.006448 0.008594 0.012896
0 0.004297 0.005862 0.008594 0.011723
0 0.004297 0.005862 0.008594 0.011723
0 0.004297 0.005862 0.008594 0.011723
0 0.005078 0.005862 0.010156 0.011723
0 0.004297 0.005862 0.008594 0.011723
0 0.004297 0.005862 0.008594 0.011723
0 0.004297 0.005862 0.008594 0.011723
0 0.004297 0.005862 0.008594 0.011723
0 0.004297 0.005862 0.008594 0.011723
0 0.004297 0.005862 0.008594 0.011723
0 0.004297 0.005862 0.008594 0.011723
0 0.004297 0.005862 0.008594 0.011723
0 0.004297 0.005862 0.008594 0.011723
0 0.004297 0.005862 0.008594 0.011723
0 0.004297 0.005862 0.008594 0.011723
0 0.004297 0.005862 0.008594 0.011723
0 0.004297 0.005862 0.008594 0.011723
0 0.004297 0.005862 0.008594 0.011723
0 0.004297 0.005862 0.008594 0.011723
0 0.004297 0.005862 0.008594 0.011723
0 0.004297 0.005862 0.008594 0.011723
0 0.004297 0.005862 0.008594 0.011723
0 0.004297 0.005862 0.008594 0.011723
0 0.004297 0.005862 0.008594 0.011723
0 0.004297 0.005862 0.008594 0.011723
0 0.004297 0.005862 0.008594 0.011723
0 0.004297 0.005862 0.008594 0.011723
0 0.004297 0.005862 0.008594 0.011723
0 0.004297 0.005862 0.008594 0.011723
0 0.004297 0.005862 0.008594 0.011723
0 0.004297 0.005862 0.008594 0.011723
0 0.004297 0.005862 0.008594 0.011723
0 0.004297 0.005862 0.008594 0.011723
0 0.004297 0.005862 0.008594 0.011723
0 0.004297 0.005862 0.008594 0.011723
0 0.004297 0.005862 0.008594 0.011723
0 0.004297 0.005862 0.008594 0.011723
0 0.004297 0.005862 0.008594 0.011723
0 0.004297 0.005862 0.008594 0.011723
0 0.004297 0.005862 0.008594 0.011723
0 0.004297 0.005862 0.008594 0.011723
0 0.004297 0.005862 0.008594 0.011723
0 0.004297 0.005862 0.008594 0.011723
0 0.004297 0.005862 0.008594 0.011723
0 0.004297 0.005862 0.008594 0.011723
0 0.004297 0.005862 0.008594 0.011723
0 0.004297 0.005862 0.008594 0.011723
0 0.004297 0.005862 0.008594 0.011723
0 0.004297 0.005862 0.008594 0.011723
0 0.004297 0.005862 0.008594 0.011723
0 0.004297 0.005862 0.008594 0.011723
0 0.004297 0.005862 0.008594 0.011723
0 0.004297 0.005862 0.008594 0.011723
0 0.004297 0.005862 0.008594 0.011723
0 0.004297 0.005862 0.008594 0.011723
0 0.004297 0.005862 0.008594 0.011723
0 0.004297 0.005862 0.008594 0.011723
0 0.004297 0.005862 0.008594 0.011723
0 0.004297 0.005862 0.008594 0.011723