0 0.005500 0.009506 0.011000 0.019011
0 0.005500 0.010456 0.011000 0.020913
0 0.005500 0.009506 0.011000 0.019011
0 0.005500 0.009506 0.011000 0.019011
0 0.005500 0.009506 0.011000 0.019011
0 0.005500 0.009506 0.011000 0.019011
0 0.005500 0.009506 0.011000 0.019011
0 0.005500 0.009506 0.011000 0.019011
0 0.006000 0.009506 0.012000 0.019011
0 0.005500 0.009506 0.011000 0.019011
0 0.005500 0.009506 0.011000 0.019011
0 0.005500 0.009506 0.011000 0.019011
0 0.005500 0.009506 0.011000 0.019011
0 0.005500 0.009506 0.011000 0.019011
0 0.005500 0.009506 0.011000 0.019011
0 0.005500 0.009506 0.011000 0.019011
0 0.005500 0.009506 0.011000 0.019011
0 0.005500 0.009506 0.011000 0.019011
0 0.005500 0.009506 0.011000 0.019011
0 0.005500 0.009506 0.011000 0.019011
0 0.005500 0.009506 0.011000 0.019011
0 0.005500 0.009506 0.011000 0.019011
0 0.005500 0.009506 0.011000 0.019011
0 0.005500 0.009506 0.011000 0.019011
0 0.005500 0.009506 0.011000 0.019011
0 0.005500 0.009506 0.011000 0.019011
0 0.005500 0.009506 0.011000 0.019011
0 0.005500 0.010456 0.011000 0.020913
0 0.005500 0.010456 0.011000 0.020913
0 0.005500 0.009506 0.011000 0.019011
0 0.005500 0.009506 0.011000 0.019011
0 0.005500 0.009506 0.011000 0.019011
0 0.005500 0.009506 0.011000 0.019011
0 0.005500 0.009506 0.011000 0.019011
0 0.006000 0.009506 0.012000 0.019011
0 0.005500 0.009506 0.011000 0.019011
0 0.005500 0.009506 0.011000 0.019011
0 0.005500 0.009506 0.011000 0.019011
0 0.006000 0.010456 0.012000 0.020913
0 0.005500 0.009506 0.011000 0.019011
0 0.005500 0.010456 0.011000 0.020913
0 0.005500 0.009506 0.011000 0.019011
0 0.005500 0.009506 0.011000 0.019011
0 0.005500 0.009506 0.011000 0.019011
0 0.006000 0.009506 0.012000 0.019011
0 0.006000 0.010456 0.012000 0.020913
0 0.005500 0.009506 0.011000 0.019011
0 0.006000 0.010456 0.012000 0.020913
0 0.005500 0.009506 0.011000 0.019011
0 0.005500 0.009506 0.011000 0.019011
0 0.005500 0.009506 0.011000 0.019011
0 0.005500 0.010456 0.011000 0.020913
0 0.005500 0.009506 0.011000 0.019011
0 0.005500 0.010456 0.011000 0.020913
0 0.005500 0.010456 0.011000 0.020913
0 0.005500 0.009506 0.011000 0.019011
0 0.005500 0.009506 0.011000 0.019011
0 0.005500 0.009506 0.011000 0.019011
0 0.005500 0.009506 0.011000 0.019011