0 0.008772 0.022624 0.017544 0.045249
0 0.008772 0.022624 0.017544 0.045249
0 0.008772 0.022624 0.017544 0.045249
0 0.008772 0.022624 0.017544 0.045249
0 0.008772 0.022624 0.017544 0.045249
0 0.008772 0.022624 0.017544 0.045249
0 0.008772 0.022624 0.017544 0.045249
0 0.008772 0.022624 0.017544 0.045249
0 0.009569 0.022624 0.019139 0.045249
0 0.008772 0.022624 0.017544 0.045249
0 0.008772 0.022624 0.017544 0.045249
0 0.008772 0.022624 0.017544 0.045249
0 0.008772 0.022624 0.017544 0.045249
0 0.008772 0.022624 0.017544 0.045249
0 0.008772 0.022624 0.017544 0.045249
0 0.008772 0.022624 0.017544 0.045249
0 0.008772 0.022624 0.017544 0.045249
0 0.008772 0.022624 0.017544 0.045249
0 0.008772 0.022624 0.017544 0.045249
0 0.008772 0.022624 0.017544 0.045249
0 0.008772 0.022624 0.017544 0.045249
0 0.008772 0.022624 0.017544 0.045249
0 0.008772 0.022624 0.017544 0.045249
0 0.008772 0.022624 0.017544 0.045249
0 0.008772 0.022624 0.017544 0.045249
0 0.008772 0.022624 0.017544 0.045249
0 0.008772 0.022624 0.017544 0.045249
0 0.008772 0.022624 0.017544 0.045249
0 0.008772 0.022624 0.017544 0.045249
0 0.008772 0.022624 0.017544 0.045249
0 0.008772 0.022624 0.017544 0.045249
0 0.008772 0.022624 0.017544 0.045249
0 0.008772 0.022624 0.017544 0.045249
0 0.008772 0.022624 0.017544 0.045249
0 0.008772 0.022624 0.017544 0.045249
0 0.008772 0.022624 0.017544 0.045249
0 0.008772 0.022624 0.017544 0.045249
0 0.008772 0.022624 0.017544 0.045249
0 0.008772 0.022624 0.017544 0.045249
0 0.008772 0.022624 0.017544 0.045249
0 0.008772 0.022624 0.017544 0.045249
0 0.008772 0.022624 0.017544 0.045249
0 0.008772 0.022624 0.017544 0.045249
0 0.008772 0.022624 0.017544 0.045249
0 0.008772 0.022624 0.017544 0.045249
0 0.008772 0.022624 0.017544 0.045249
0 0.008772 0.022624 0.017544 0.045249
0 0.008772 0.022624 0.017544 0.045249
0 0.008772 0.022624 0.017544 0.045249
0 0.008772 0.022624 0.017544 0.045249
0 0.008772 0.022624 0.017544 0.045249
0 0.008772 0.022624 0.017544 0.045249
0 0.009569 0.022624 0.019139 0.045249
0 0.008772 0.022624 0.017544 0.045249
0 0.008772 0.022624 0.017544 0.045249
0 0.008772 0.022624 0.017544 0.045249
0 0.008772 0.022624 0.017544 0.045249
0 0.008772 0.022624 0.017544 0.045249
0 0.008772 0.022624 0.017544 0.045249
0 0.008772 0.022624 0.017544 0.045249
0 0.008772 0.022624 0.017544 0.045249
0 0.008772 0.022624 0.017544 0.045249
0 0.008772 0.022624 0.017544 0.045249
0 0.008772 0.022624 0.017544 0.045249
0 0.008772 0.022624 0.017544 0.045249
0 0.008772 0.022624 0.017544 0.045249
0 0.008772 0.022624 0.017544 0.045249
0 0.008772 0.022624 0.017544 0.045249
0 0.008772 0.022624 0.017544 0.045249
0 0.008772 0.022624 0.017544 0.045249
0 0.008772 0.022624 0.017544 0.045249
0 0.008772 0.022624 0.017544 0.045249