0 0.001685 0.002042 0.003370 0.004085
0 0.001685 0.002042 0.003370 0.004085
0 0.001685 0.002042 0.003370 0.004085
0 0.001685 0.002042 0.003370 0.004085
0 0.001685 0.002042 0.003370 0.004085
0 0.001685 0.002042 0.003370 0.004085
0 0.001685 0.002042 0.003370 0.004085
0 0.001685 0.002042 0.003370 0.004085
0 0.001685 0.002042 0.003370 0.004085
0 0.001685 0.002042 0.003370 0.004085
0 0.001991 0.002042 0.003983 0.004085
0 0.001685 0.002042 0.003370 0.004085
0 0.001685 0.002042 0.003370 0.004085
0 0.001685 0.002247 0.003370 0.004493
0 0.001685 0.002247 0.003370 0.004493
0 0.001685 0.002042 0.003370 0.004085
0 0.001685 0.002042 0.003370 0.004085
0 0.001685 0.002042 0.003370 0.004085
0 0.001685 0.002042 0.003370 0.004085
0 0.001685 0.002042 0.003370 0.004085
0 0.001685 0.002042 0.003370 0.004085
0 0.001685 0.002042 0.003370 0.004085
0 0.001685 0.002042 0.003370 0.004085
0 0.001685 0.002042 0.003370 0.004085
0 0.001685 0.002042 0.003370 0.004085
0 0.001685 0.002042 0.003370 0.004085