0 0.003438 0.008278 0.006875 0.016556
0 0.003438 0.008278 0.006875 0.016556
0 0.003438 0.008278 0.006875 0.016556
0 0.003438 0.008278 0.006875 0.016556
0 0.003438 0.008278 0.006875 0.016556
0 0.003438 0.008278 0.006875 0.016556
0 0.003438 0.008278 0.006875 0.016556
0 0.003438 0.008278 0.006875 0.016556
0 0.003438 0.009106 0.006875 0.018212
0 0.003438 0.008278 0.006875 0.016556
0 0.003438 0.008278 0.006875 0.016556
0 0.003438 0.008278 0.006875 0.016556
0 0.003438 0.008278 0.006875 0.016556
0 0.003438 0.008278 0.006875 0.016556
0 0.003438 0.009106 0.006875 0.018212
0 0.003438 0.008278 0.006875 0.016556
0 0.003438 0.008278 0.006875 0.016556