0 0.002500 0.003441 0.005000 0.006882
0 0.002500 0.003441 0.005000 0.006882
0 0.002500 0.003441 0.005000 0.006882
0 0.002500 0.003441 0.005000 0.006882
0 0.002500 0.003441 0.005000 0.006882
0 0.002500 0.003441 0.005000 0.006882
0 0.002500 0.003441 0.005000 0.006882
0 0.002500 0.003441 0.005000 0.006882
0 0.002500 0.003441 0.005000 0.006882
0 0.002500 0.003441 0.005000 0.006882
0 0.002500 0.003441 0.005000 0.006882
0 0.002500 0.003441 0.005000 0.006882
0 0.002500 0.003441 0.005000 0.006882
0 0.002500 0.003441 0.005000 0.006882
0 0.002500 0.003441 0.005000 0.006882
0 0.002500 0.003441 0.005000 0.006882
0 0.002500 0.003441 0.005000 0.006882
0 0.002500 0.003441 0.005000 0.006882
0 0.002500 0.003441 0.005000 0.006882
0 0.002500 0.003441 0.005000 0.006882
0 0.002500 0.003441 0.005000 0.006882
0 0.002500 0.003441 0.005000 0.006882
0 0.002500 0.003441 0.005000 0.006882
0 0.002500 0.003441 0.005000 0.006882
0 0.002500 0.003441 0.005000 0.006882
0 0.002500 0.003441 0.005000 0.006882
0 0.002500 0.003441 0.005000 0.006882
0 0.002500 0.003441 0.005000 0.006882