0 0.007333 0.013333 0.014667 0.026667
0 0.007333 0.013333 0.014667 0.026667
0 0.007333 0.013333 0.014667 0.026667
0 0.007333 0.013333 0.014667 0.026667
0 0.007333 0.013333 0.014667 0.026667
0 0.007333 0.013333 0.014667 0.026667
0 0.007333 0.013333 0.014667 0.026667
0 0.007333 0.013333 0.014667 0.026667
0 0.007333 0.013333 0.014667 0.026667
0 0.007333 0.013333 0.014667 0.026667
0 0.007333 0.013333 0.014667 0.026667
0 0.007333 0.013333 0.014667 0.026667
0 0.007333 0.013333 0.014667 0.026667
0 0.007333 0.013333 0.014667 0.026667
0 0.007333 0.013333 0.014667 0.026667
0 0.007333 0.013333 0.014667 0.026667
0 0.007333 0.013333 0.014667 0.026667
0 0.007333 0.013333 0.014667 0.026667
0 0.007333 0.013333 0.014667 0.026667
0 0.007333 0.013333 0.014667 0.026667
0 0.007333 0.013333 0.014667 0.026667
0 0.007333 0.013333 0.014667 0.026667
0 0.007333 0.013333 0.014667 0.026667
0 0.007333 0.013333 0.014667 0.026667
0 0.007333 0.013333 0.014667 0.026667
0 0.007333 0.013333 0.014667 0.026667
0 0.007333 0.013333 0.014667 0.026667