0 0.007902 0.010989 0.015805 0.021978
0 0.007902 0.010989 0.015805 0.021978
0 0.007902 0.010989 0.015805 0.021978
0 0.007902 0.010989 0.015805 0.021978
0 0.007902 0.010989 0.015805 0.021978
0 0.007902 0.010989 0.015805 0.021978
0 0.007902 0.010989 0.015805 0.021978
0 0.007902 0.010989 0.015805 0.021978
0 0.007902 0.010989 0.015805 0.021978
0 0.007902 0.010989 0.015805 0.021978
0 0.007902 0.010989 0.015805 0.021978
0 0.007902 0.010989 0.015805 0.021978
0 0.007902 0.010989 0.015805 0.021978
0 0.007902 0.010989 0.015805 0.021978
0 0.007902 0.010989 0.015805 0.021978
0 0.007902 0.010989 0.015805 0.021978
0 0.007902 0.010989 0.015805 0.021978
0 0.007902 0.010989 0.015805 0.021978
0 0.007902 0.010989 0.015805 0.021978
0 0.007902 0.010989 0.015805 0.021978
0 0.007902 0.010989 0.015805 0.021978
0 0.007902 0.010989 0.015805 0.021978
0 0.007902 0.010989 0.015805 0.021978
0 0.007902 0.010989 0.015805 0.021978
0 0.007902 0.010989 0.015805 0.021978
0 0.007902 0.010989 0.015805 0.021978
0 0.007902 0.010989 0.015805 0.021978
0 0.007902 0.010989 0.015805 0.021978
0 0.007902 0.010989 0.015805 0.021978
0 0.007902 0.010989 0.015805 0.021978
0 0.007902 0.010989 0.015805 0.021978
0 0.007902 0.010989 0.015805 0.021978
0 0.007902 0.010989 0.015805 0.021978
0 0.007902 0.010989 0.015805 0.021978
0 0.007902 0.010989 0.015805 0.021978
0 0.007902 0.010989 0.015805 0.021978
0 0.007902 0.010989 0.015805 0.021978
0 0.007902 0.010989 0.015805 0.021978
0 0.007902 0.010989 0.015805 0.021978
0 0.007902 0.010989 0.015805 0.021978
0 0.007902 0.010989 0.015805 0.021978
0 0.007902 0.010989 0.015805 0.021978
0 0.007902 0.010989 0.015805 0.021978
0 0.007902 0.010989 0.015805 0.021978
0 0.007902 0.010989 0.015805 0.021978
0 0.007902 0.010989 0.015805 0.021978
0 0.007902 0.010989 0.015805 0.021978
0 0.007902 0.010989 0.015805 0.021978