0 0.005371 0.008850 0.010742 0.017699
0 0.005371 0.008850 0.010742 0.017699
0 0.005371 0.008850 0.010742 0.017699
0 0.005371 0.008850 0.010742 0.017699
0 0.005371 0.008850 0.010742 0.017699
0 0.005371 0.008850 0.010742 0.017699
0 0.005371 0.008850 0.010742 0.017699
0 0.005371 0.008850 0.010742 0.017699
0 0.005371 0.008850 0.010742 0.017699
0 0.005371 0.008850 0.010742 0.017699
0 0.005371 0.008850 0.010742 0.017699
0 0.005371 0.008850 0.010742 0.017699
0 0.005371 0.008850 0.010742 0.017699
0 0.005371 0.008850 0.010742 0.017699
0 0.005371 0.008850 0.010742 0.017699
0 0.005371 0.008850 0.010742 0.017699
0 0.005371 0.008850 0.010742 0.017699
0 0.005371 0.008850 0.010742 0.017699
0 0.005371 0.008850 0.010742 0.017699
0 0.005371 0.008850 0.010742 0.017699
0 0.005371 0.008850 0.010742 0.017699
0 0.005371 0.008850 0.010742 0.017699
0 0.005371 0.008850 0.010742 0.017699
0 0.005371 0.008850 0.010742 0.017699
0 0.005371 0.008850 0.010742 0.017699
0 0.005371 0.008850 0.010742 0.017699
0 0.005371 0.008850 0.010742 0.017699
0 0.005371 0.008850 0.010742 0.017699
0 0.005371 0.008850 0.010742 0.017699
0 0.005371 0.008850 0.010742 0.017699
0 0.005371 0.008850 0.010742 0.017699
0 0.005371 0.008850 0.010742 0.017699
0 0.005371 0.008850 0.010742 0.017699
0 0.005371 0.008850 0.010742 0.017699
0 0.005371 0.008850 0.010742 0.017699
0 0.005371 0.008850 0.010742 0.017699
0 0.005371 0.008850 0.010742 0.017699
0 0.005371 0.008850 0.010742 0.017699
0 0.005371 0.008850 0.010742 0.017699
0 0.005371 0.008850 0.010742 0.017699
0 0.005371 0.008850 0.010742 0.017699
0 0.005371 0.008850 0.010742 0.017699