0 0.002865 0.005000 0.005729 0.010000
0 0.002865 0.005000 0.005729 0.010000
0 0.002865 0.005000 0.005729 0.010000
0 0.002865 0.005000 0.005729 0.010000
0 0.003125 0.005000 0.006250 0.010000
0 0.002865 0.005000 0.005729 0.010000
0 0.002865 0.005000 0.005729 0.010000
0 0.002865 0.005000 0.005729 0.010000
0 0.002865 0.005000 0.005729 0.010000
0 0.002865 0.005000 0.005729 0.010000
0 0.002865 0.005000 0.005729 0.010000
0 0.003125 0.005000 0.006250 0.010000
0 0.002865 0.005000 0.005729 0.010000
0 0.003125 0.005000 0.006250 0.010000
0 0.002865 0.005000 0.005729 0.010000
0 0.002865 0.005000 0.005729 0.010000
0 0.002865 0.005000 0.005729 0.010000
0 0.002865 0.005000 0.005729 0.010000
0 0.002865 0.005000 0.005729 0.010000
0 0.002865 0.005000 0.005729 0.010000
0 0.002865 0.005000 0.005729 0.010000
0 0.002865 0.005000 0.005729 0.010000
0 0.002865 0.005000 0.005729 0.010000
0 0.002865 0.005000 0.005729 0.010000
0 0.002865 0.005000 0.005729 0.010000
0 0.002865 0.005000 0.005729 0.010000
0 0.002865 0.005000 0.005729 0.010000
0 0.003125 0.005000 0.006250 0.010000
0 0.002865 0.005000 0.005729 0.010000
0 0.003125 0.005000 0.006250 0.010000
0 0.002865 0.005000 0.005729 0.010000
0 0.002865 0.005000 0.005729 0.010000
0 0.003125 0.005000 0.006250 0.010000
0 0.002865 0.005000 0.005729 0.010000
0 0.002865 0.005000 0.005729 0.010000
0 0.002865 0.005000 0.005729 0.010000
0 0.002865 0.005000 0.005729 0.010000
0 0.002865 0.005000 0.005729 0.010000
0 0.002865 0.005000 0.005729 0.010000
0 0.003125 0.005000 0.006250 0.010000