0 0.005371 0.007902 0.010742 0.015805
0 0.005371 0.007902 0.010742 0.015805
0 0.005371 0.007902 0.010742 0.015805
0 0.005371 0.007902 0.010742 0.015805
0 0.005371 0.007902 0.010742 0.015805
0 0.005371 0.007902 0.010742 0.015805
0 0.005371 0.007902 0.010742 0.015805
0 0.005371 0.007184 0.010742 0.014368
0 0.005371 0.007902 0.010742 0.015805
0 0.005371 0.007902 0.010742 0.015805
0 0.005371 0.007902 0.010742 0.015805
0 0.005371 0.007902 0.010742 0.015805
0 0.005371 0.007902 0.010742 0.015805
0 0.005371 0.007902 0.010742 0.015805
0 0.005371 0.007902 0.010742 0.015805
0 0.005371 0.007902 0.010742 0.015805
0 0.005371 0.007902 0.010742 0.015805
0 0.005371 0.007902 0.010742 0.015805
0 0.005371 0.007902 0.010742 0.015805
0 0.005371 0.007902 0.010742 0.015805
0 0.005371 0.007902 0.010742 0.015805
0 0.005371 0.007902 0.010742 0.015805
0 0.005371 0.007902 0.010742 0.015805
0 0.005371 0.007902 0.010742 0.015805
0 0.005371 0.007902 0.010742 0.015805
0 0.005371 0.007902 0.010742 0.015805
0 0.005371 0.007902 0.010742 0.015805
0 0.005371 0.007902 0.010742 0.015805
0 0.005371 0.007902 0.010742 0.015805
0 0.005371 0.007902 0.010742 0.015805
0 0.005371 0.007902 0.010742 0.015805
0 0.005371 0.007902 0.010742 0.015805
0 0.005371 0.007902 0.010742 0.015805
0 0.005371 0.007902 0.010742 0.015805
0 0.005371 0.007902 0.010742 0.015805
0 0.005371 0.007902 0.010742 0.015805
0 0.005371 0.007902 0.010742 0.015805
0 0.005371 0.007902 0.010742 0.015805
0 0.005371 0.007902 0.010742 0.015805
0 0.005371 0.007902 0.010742 0.015805
0 0.005371 0.007902 0.010742 0.015805
0 0.005371 0.007902 0.010742 0.015805
0 0.005371 0.007902 0.010742 0.015805
0 0.005371 0.007902 0.010742 0.015805
0 0.005371 0.007902 0.010742 0.015805
0 0.005371 0.007902 0.010742 0.015805
0 0.005371 0.007902 0.010742 0.015805
0 0.005371 0.007902 0.010742 0.015805
0 0.005371 0.007902 0.010742 0.015805
0 0.005371 0.007902 0.010742 0.015805
0 0.005371 0.007902 0.010742 0.015805
0 0.005371 0.007902 0.010742 0.015805
0 0.005371 0.007902 0.010742 0.015805
0 0.005371 0.007902 0.010742 0.015805
0 0.005371 0.007902 0.010742 0.015805
0 0.005371 0.007902 0.010742 0.015805
0 0.005371 0.007902 0.010742 0.015805
0 0.005371 0.007902 0.010742 0.015805
0 0.005371 0.007902 0.010742 0.015805
0 0.005371 0.007902 0.010742 0.015805
0 0.005371 0.007902 0.010742 0.015805
0 0.005371 0.007902 0.010742 0.015805
0 0.005371 0.007902 0.010742 0.015805
0 0.005371 0.007902 0.010742 0.015805
0 0.005371 0.007902 0.010742 0.015805
0 0.005371 0.007902 0.010742 0.015805
0 0.005371 0.007902 0.010742 0.015805
0 0.005371 0.007902 0.010742 0.015805
0 0.005371 0.007902 0.010742 0.015805
0 0.005371 0.007902 0.010742 0.015805
0 0.005371 0.007902 0.010742 0.015805
0 0.005371 0.007902 0.010742 0.015805
0 0.005371 0.007902 0.010742 0.015805
0 0.005371 0.007902 0.010742 0.015805
0 0.005371 0.007184 0.010742 0.014368
0 0.005371 0.007902 0.010742 0.015805
0 0.005371 0.007902 0.010742 0.015805
0 0.005371 0.007902 0.010742 0.015805
0 0.005371 0.007184 0.010742 0.014368
0 0.005371 0.007902 0.010742 0.015805
0 0.005371 0.007902 0.010742 0.015805
0 0.005371 0.007184 0.010742 0.014368
0 0.005371 0.007902 0.010742 0.015805
0 0.005371 0.007902 0.010742 0.015805
0 0.005371 0.007902 0.010742 0.015805
0 0.005371 0.007902 0.010742 0.015805
0 0.005371 0.007902 0.010742 0.015805
0 0.005371 0.007902 0.010742 0.015805
0 0.005371 0.007902 0.010742 0.015805
0 0.005371 0.007902 0.010742 0.015805
0 0.005371 0.007902 0.010742 0.015805
0 0.005371 0.007902 0.010742 0.015805
0 0.005371 0.007902 0.010742 0.015805
0 0.005371 0.007902 0.010742 0.015805
0 0.005371 0.007902 0.010742 0.015805
0 0.005371 0.007902 0.010742 0.015805
0 0.005371 0.007902 0.010742 0.015805
0 0.005371 0.007902 0.010742 0.015805