0 0.002619 0.003579 0.005238 0.007158
0 0.002619 0.003579 0.005238 0.007158
0 0.002619 0.003579 0.005238 0.007158
0 0.002619 0.003579 0.005238 0.007158
0 0.002619 0.003579 0.005238 0.007158
0 0.002619 0.003579 0.005238 0.007158
0 0.002619 0.003579 0.005238 0.007158
0 0.002619 0.003579 0.005238 0.007158
0 0.002619 0.003579 0.005238 0.007158
0 0.002619 0.003579 0.005238 0.007158
0 0.002619 0.003579 0.005238 0.007158
0 0.002619 0.003579 0.005238 0.007158
0 0.002619 0.003579 0.005238 0.007158
0 0.002619 0.003579 0.005238 0.007158
0 0.002619 0.003579 0.005238 0.007158
0 0.002619 0.003579 0.005238 0.007158
0 0.002619 0.003579 0.005238 0.007158
0 0.002619 0.003579 0.005238 0.007158
0 0.002619 0.003579 0.005238 0.007158