0 0.006111 0.007364 0.012222 0.014728
0 0.006111 0.007364 0.012222 0.014728
0 0.006111 0.007364 0.012222 0.014728
0 0.006111 0.007364 0.012222 0.014728
0 0.006111 0.007364 0.012222 0.014728
0 0.006111 0.007364 0.012222 0.014728
0 0.006111 0.007364 0.012222 0.014728
0 0.006111 0.007364 0.012222 0.014728
0 0.006111 0.007364 0.012222 0.014728
0 0.006111 0.007364 0.012222 0.014728
0 0.006111 0.007364 0.012222 0.014728
0 0.006111 0.007364 0.012222 0.014728
0 0.006111 0.007364 0.012222 0.014728
0 0.006111 0.007364 0.012222 0.014728
0 0.006111 0.007364 0.012222 0.014728