0 0.008871 0.011820 0.017742 0.023641
0 0.008871 0.011820 0.017742 0.023641
0 0.009677 0.011820 0.019355 0.023641
0 0.008871 0.011820 0.017742 0.023641
0 0.008871 0.011820 0.017742 0.023641
0 0.008871 0.011820 0.017742 0.023641
0 0.008871 0.011820 0.017742 0.023641
0 0.008871 0.011820 0.017742 0.023641
0 0.008871 0.011820 0.017742 0.023641
0 0.008871 0.011820 0.017742 0.023641
0 0.009677 0.011820 0.019355 0.023641
0 0.008871 0.011820 0.017742 0.023641
0 0.008871 0.011820 0.017742 0.023641
0 0.008871 0.011820 0.017742 0.023641
0 0.009677 0.011820 0.019355 0.023641
0 0.008871 0.011820 0.017742 0.023641
0 0.008871 0.011820 0.017742 0.023641
0 0.008871 0.011820 0.017742 0.023641
0 0.008871 0.011820 0.017742 0.023641
0 0.008871 0.011820 0.017742 0.023641
0 0.008871 0.011820 0.017742 0.023641
0 0.008871 0.011820 0.017742 0.023641
0 0.008871 0.011820 0.017742 0.023641
0 0.008871 0.011820 0.017742 0.023641
0 0.008871 0.011820 0.017742 0.023641
0 0.008871 0.011820 0.017742 0.023641
0 0.008871 0.011820 0.017742 0.023641
0 0.009677 0.011820 0.019355 0.023641
0 0.008871 0.011820 0.017742 0.023641
0 0.008871 0.011820 0.017742 0.023641
0 0.008871 0.011820 0.017742 0.023641
0 0.009677 0.011820 0.019355 0.023641
0 0.008871 0.011820 0.017742 0.023641
0 0.008871 0.011820 0.017742 0.023641
0 0.008871 0.011820 0.017742 0.023641
0 0.008871 0.011820 0.017742 0.023641
0 0.008871 0.011820 0.017742 0.023641
0 0.008871 0.011820 0.017742 0.023641
0 0.008871 0.011820 0.017742 0.023641
0 0.008871 0.011820 0.017742 0.023641
0 0.009677 0.011820 0.019355 0.023641
0 0.008871 0.011820 0.017742 0.023641
0 0.008871 0.011820 0.017742 0.023641
0 0.008871 0.011820 0.017742 0.023641
0 0.008871 0.011820 0.017742 0.023641
0 0.008871 0.011820 0.017742 0.023641
0 0.008871 0.011820 0.017742 0.023641
0 0.008871 0.011820 0.017742 0.023641
0 0.008871 0.011820 0.017742 0.023641
0 0.008871 0.011820 0.017742 0.023641
0 0.008871 0.011820 0.017742 0.023641
0 0.008871 0.011820 0.017742 0.023641
0 0.008871 0.011820 0.017742 0.023641
0 0.009677 0.011820 0.019355 0.023641
0 0.008871 0.011820 0.017742 0.023641
0 0.008871 0.011820 0.017742 0.023641
0 0.008871 0.011820 0.017742 0.023641
0 0.008871 0.011820 0.017742 0.023641
0 0.008871 0.011820 0.017742 0.023641
0 0.009677 0.011820 0.019355 0.023641
0 0.009677 0.011820 0.019355 0.023641
0 0.009677 0.011820 0.019355 0.023641
0 0.008871 0.011820 0.017742 0.023641
0 0.008871 0.011820 0.017742 0.023641
0 0.008871 0.011820 0.017742 0.023641
0 0.008871 0.011820 0.017742 0.023641