0 0.006311 0.007289 0.012621 0.014577
0 0.005340 0.007289 0.010680 0.014577
0 0.005340 0.008017 0.010680 0.016035
0 0.005340 0.007289 0.010680 0.014577
0 0.005340 0.007289 0.010680 0.014577
0 0.005340 0.007289 0.010680 0.014577
0 0.005340 0.008017 0.010680 0.016035
0 0.005340 0.007289 0.010680 0.014577
0 0.005340 0.008017 0.010680 0.016035
0 0.006311 0.007289 0.012621 0.014577
0 0.005340 0.007289 0.010680 0.014577
0 0.005340 0.007289 0.010680 0.014577
0 0.005340 0.007289 0.010680 0.014577
0 0.005340 0.007289 0.010680 0.014577
0 0.005340 0.007289 0.010680 0.014577
0 0.005340 0.007289 0.010680 0.014577
0 0.005340 0.007289 0.010680 0.014577
0 0.005340 0.008017 0.010680 0.016035
0 0.005340 0.007289 0.010680 0.014577
0 0.006311 0.007289 0.012621 0.014577
0 0.005340 0.007289 0.010680 0.014577
0 0.005340 0.007289 0.010680 0.014577
0 0.005340 0.007289 0.010680 0.014577
0 0.005340 0.007289 0.010680 0.014577
0 0.005340 0.007289 0.010680 0.014577
0 0.005340 0.007289 0.010680 0.014577
0 0.005340 0.007289 0.010680 0.014577
0 0.005340 0.007289 0.010680 0.014577