0 0.001343 0.002109 0.002686 0.004218
0 0.001343 0.002109 0.002686 0.004218
0 0.001343 0.001917 0.002686 0.003834
0 0.001343 0.001917 0.002686 0.003834
0 0.001343 0.001917 0.002686 0.003834
0 0.001343 0.001917 0.002686 0.003834
0 0.001343 0.001917 0.002686 0.003834
0 0.001343 0.002109 0.002686 0.004218
0 0.001343 0.001917 0.002686 0.003834
0 0.001343 0.001917 0.002686 0.003834
0 0.001343 0.001917 0.002686 0.003834
0 0.001465 0.001917 0.002930 0.003834
0 0.001343 0.001917 0.002686 0.003834
0 0.001343 0.001917 0.002686 0.003834
0 0.001343 0.001917 0.002686 0.003834
0 0.001343 0.001917 0.002686 0.003834
0 0.001343 0.001917 0.002686 0.003834
0 0.001343 0.001917 0.002686 0.003834
0 0.001343 0.001917 0.002686 0.003834
0 0.001343 0.001917 0.002686 0.003834
0 0.001343 0.002109 0.002686 0.004218
0 0.001343 0.001917 0.002686 0.003834
0 0.001343 0.002109 0.002686 0.004218
0 0.001343 0.001917 0.002686 0.003834
0 0.001343 0.001917 0.002686 0.003834
0 0.001343 0.002109 0.002686 0.004218
0 0.001465 0.001917 0.002930 0.003834
0 0.001343 0.001917 0.002686 0.003834
0 0.001465 0.001917 0.002930 0.003834
0 0.001343 0.001917 0.002686 0.003834
0 0.001343 0.001917 0.002686 0.003834
0 0.001465 0.001917 0.002930 0.003834
0 0.001343 0.001917 0.002686 0.003834
0 0.001343 0.001917 0.002686 0.003834
0 0.001343 0.001917 0.002686 0.003834
0 0.001465 0.001917 0.002930 0.003834
0 0.001343 0.001917 0.002686 0.003834
0 0.001343 0.001917 0.002686 0.003834
0 0.001343 0.001917 0.002686 0.003834
0 0.001343 0.001917 0.002686 0.003834
0 0.001343 0.001917 0.002686 0.003834
0 0.001343 0.001917 0.002686 0.003834
0 0.001343 0.001917 0.002686 0.003834
0 0.001343 0.001917 0.002686 0.003834
0 0.001343 0.002109 0.002686 0.004218
0 0.001343 0.001917 0.002686 0.003834
0 0.001343 0.002109 0.002686 0.004218
0 0.001343 0.001917 0.002686 0.003834
0 0.001343 0.001917 0.002686 0.003834
0 0.001343 0.001917 0.002686 0.003834
0 0.001343 0.001917 0.002686 0.003834
0 0.001343 0.001917 0.002686 0.003834
0 0.001343 0.001917 0.002686 0.003834
0 0.001343 0.001917 0.002686 0.003834
0 0.001465 0.001917 0.002930 0.003834
0 0.001343 0.001917 0.002686 0.003834
0 0.001343 0.001917 0.002686 0.003834
0 0.001343 0.001917 0.002686 0.003834
0 0.001343 0.002109 0.002686 0.004218
0 0.001343 0.002109 0.002686 0.004218
0 0.001343 0.001917 0.002686 0.003834
0 0.001343 0.002109 0.002686 0.004218
0 0.001343 0.001917 0.002686 0.003834
0 0.001343 0.001917 0.002686 0.003834
0 0.001343 0.001917 0.002686 0.003834
0 0.001343 0.001917 0.002686 0.003834
0 0.001343 0.002109 0.002686 0.004218
0 0.001343 0.002109 0.002686 0.004218
0 0.001343 0.001917 0.002686 0.003834
0 0.001343 0.001917 0.002686 0.003834
0 0.001343 0.001917 0.002686 0.003834
0 0.001465 0.001917 0.002930 0.003834
0 0.001343 0.001917 0.002686 0.003834
0 0.001343 0.001917 0.002686 0.003834
0 0.001343 0.001917 0.002686 0.003834
0 0.001343 0.002109 0.002686 0.004218
0 0.001343 0.002109 0.002686 0.004218
0 0.001343 0.001917 0.002686 0.003834
0 0.001343 0.001917 0.002686 0.003834
0 0.001343 0.001917 0.002686 0.003834
0 0.001343 0.001917 0.002686 0.003834
0 0.001343 0.001917 0.002686 0.003834
0 0.001343 0.001917 0.002686 0.003834
0 0.001343 0.001917 0.002686 0.003834
0 0.001343 0.001917 0.002686 0.003834
0 0.001343 0.001917 0.002686 0.003834
0 0.001343 0.001917 0.002686 0.003834
0 0.001465 0.001917 0.002930 0.003834
0 0.001343 0.001917 0.002686 0.003834
0 0.001343 0.001917 0.002686 0.003834
0 0.001343 0.001917 0.002686 0.003834
0 0.001343 0.002109 0.002686 0.004218
0 0.001465 0.001917 0.002930 0.003834
0 0.001343 0.001917 0.002686 0.003834
0 0.001343 0.002109 0.002686 0.004218
0 0.001343 0.001917 0.002686 0.003834
0 0.001343 0.001917 0.002686 0.003834
0 0.001343 0.001917 0.002686 0.003834
0 0.001343 0.002109 0.002686 0.004218
0 0.001343 0.002109 0.002686 0.004218
0 0.001343 0.001917 0.002686 0.003834
0 0.001343 0.001917 0.002686 0.003834
0 0.001343 0.001917 0.002686 0.003834
0 0.001343 0.001917 0.002686 0.003834
0 0.001343 0.001917 0.002686 0.003834
0 0.001343 0.001917 0.002686 0.003834
0 0.001343 0.001917 0.002686 0.003834
0 0.001465 0.001917 0.002930 0.003834
0 0.001343 0.001917 0.002686 0.003834
0 0.001343 0.001917 0.002686 0.003834
0 0.001343 0.001917 0.002686 0.003834
0 0.001343 0.002109 0.002686 0.004218
0 0.001343 0.001917 0.002686 0.003834
0 0.001343 0.001917 0.002686 0.003834
0 0.001343 0.001917 0.002686 0.003834
0 0.001343 0.001917 0.002686 0.003834
0 0.001343 0.001917 0.002686 0.003834
0 0.001343 0.001917 0.002686 0.003834
0 0.001343 0.001917 0.002686 0.003834
0 0.001343 0.001917 0.002686 0.003834
0 0.001343 0.001917 0.002686 0.003834
0 0.001343 0.001917 0.002686 0.003834
0 0.001465 0.001917 0.002930 0.003834
0 0.001343 0.001917 0.002686 0.003834
0 0.001343 0.002109 0.002686 0.004218
0 0.001465 0.001917 0.002930 0.003834
0 0.001343 0.001917 0.002686 0.003834
0 0.001343 0.001917 0.002686 0.003834
0 0.001343 0.001917 0.002686 0.003834
0 0.001343 0.002109 0.002686 0.004218