0 0.006111 0.008711 0.012222 0.017422
0 0.006111 0.008711 0.012222 0.017422
0 0.006111 0.008711 0.012222 0.017422
0 0.006111 0.008711 0.012222 0.017422
0 0.006111 0.008711 0.012222 0.017422
0 0.006111 0.008711 0.012222 0.017422
0 0.006111 0.008711 0.012222 0.017422
0 0.006111 0.008711 0.012222 0.017422
0 0.006111 0.008711 0.012222 0.017422
0 0.006111 0.008711 0.012222 0.017422
0 0.006111 0.008711 0.012222 0.017422
0 0.006111 0.008711 0.012222 0.017422
0 0.006111 0.008711 0.012222 0.017422
0 0.006111 0.008711 0.012222 0.017422
0 0.006111 0.008711 0.012222 0.017422
0 0.006111 0.009582 0.012222 0.019164
0 0.006111 0.008711 0.012222 0.017422
0 0.006111 0.008711 0.012222 0.017422
0 0.006111 0.008711 0.012222 0.017422
0 0.006111 0.009582 0.012222 0.019164
0 0.006111 0.008711 0.012222 0.017422
0 0.006111 0.008711 0.012222 0.017422
0 0.006111 0.008711 0.012222 0.017422
0 0.006111 0.008711 0.012222 0.017422
0 0.006111 0.008711 0.012222 0.017422
0 0.006111 0.008711 0.012222 0.017422
0 0.006111 0.008711 0.012222 0.017422
0 0.006111 0.009582 0.012222 0.019164