0 0.007639 0.009259 0.015278 0.018519
0 0.008333 0.009259 0.016667 0.018519
0 0.007639 0.009259 0.015278 0.018519
0 0.007639 0.009259 0.015278 0.018519
0 0.007639 0.009259 0.015278 0.018519
0 0.007639 0.009259 0.015278 0.018519
0 0.007639 0.009259 0.015278 0.018519
0 0.007639 0.009259 0.015278 0.018519
0 0.007639 0.009259 0.015278 0.018519
0 0.007639 0.009259 0.015278 0.018519
0 0.007639 0.009259 0.015278 0.018519
0 0.007639 0.009259 0.015278 0.018519
0 0.007639 0.009259 0.015278 0.018519
0 0.007639 0.009259 0.015278 0.018519
0 0.007639 0.009259 0.015278 0.018519
0 0.008333 0.009259 0.016667 0.018519
0 0.007639 0.009259 0.015278 0.018519
0 0.007639 0.009259 0.015278 0.018519
0 0.007639 0.009259 0.015278 0.018519
0 0.007639 0.009259 0.015278 0.018519
0 0.007639 0.009259 0.015278 0.018519
0 0.007639 0.009259 0.015278 0.018519
0 0.007639 0.009259 0.015278 0.018519
0 0.007639 0.009259 0.015278 0.018519
0 0.007639 0.009259 0.015278 0.018519
0 0.007639 0.009259 0.015278 0.018519
0 0.007639 0.009259 0.015278 0.018519
0 0.007639 0.009259 0.015278 0.018519
0 0.007639 0.009259 0.015278 0.018519
0 0.007639 0.009259 0.015278 0.018519
0 0.007639 0.009259 0.015278 0.018519
0 0.007639 0.009259 0.015278 0.018519
0 0.007639 0.009259 0.015278 0.018519
0 0.007639 0.009259 0.015278 0.018519
0 0.007639 0.009259 0.015278 0.018519
0 0.007639 0.009259 0.015278 0.018519
0 0.007639 0.009259 0.015278 0.018519
0 0.007639 0.009259 0.015278 0.018519
0 0.007639 0.009259 0.015278 0.018519
0 0.007639 0.009259 0.015278 0.018519
0 0.007639 0.009259 0.015278 0.018519
0 0.007639 0.009259 0.015278 0.018519
0 0.007639 0.009259 0.015278 0.018519
0 0.007639 0.009259 0.015278 0.018519
0 0.007639 0.009259 0.015278 0.018519
0 0.007639 0.009259 0.015278 0.018519
0 0.007639 0.009259 0.015278 0.018519
0 0.007639 0.009259 0.015278 0.018519
0 0.007639 0.009259 0.015278 0.018519