0 0.001194 0.001628 0.002387 0.003255
0 0.001194 0.001628 0.002387 0.003255
0 0.001194 0.001628 0.002387 0.003255
0 0.001194 0.001628 0.002387 0.003255
0 0.001194 0.001628 0.002387 0.003255
0 0.001194 0.001628 0.002387 0.003255
0 0.001194 0.001628 0.002387 0.003255
0 0.001194 0.001628 0.002387 0.003255
0 0.001194 0.001628 0.002387 0.003255
0 0.001194 0.001628 0.002387 0.003255
0 0.001194 0.001628 0.002387 0.003255
0 0.001194 0.001628 0.002387 0.003255
0 0.001194 0.001628 0.002387 0.003255
0 0.001194 0.001628 0.002387 0.003255
0 0.001194 0.001628 0.002387 0.003255
0 0.001194 0.001628 0.002387 0.003255
0 0.001194 0.001628 0.002387 0.003255
0 0.001194 0.001628 0.002387 0.003255
0 0.001302 0.001628 0.002604 0.003255
0 0.001194 0.001628 0.002387 0.003255
0 0.001194 0.001628 0.002387 0.003255
0 0.001194 0.001628 0.002387 0.003255
0 0.001194 0.001628 0.002387 0.003255
0 0.001194 0.001628 0.002387 0.003255
0 0.001194 0.001628 0.002387 0.003255
0 0.001194 0.001628 0.002387 0.003255
0 0.001194 0.001628 0.002387 0.003255
0 0.001194 0.001628 0.002387 0.003255
0 0.001194 0.001628 0.002387 0.003255
0 0.001194 0.001628 0.002387 0.003255
0 0.001194 0.001628 0.002387 0.003255
0 0.001194 0.001628 0.002387 0.003255
0 0.001194 0.001628 0.002387 0.003255
0 0.001194 0.001628 0.002387 0.003255
0 0.001194 0.001628 0.002387 0.003255
0 0.001194 0.001628 0.002387 0.003255
0 0.001194 0.001628 0.002387 0.003255
0 0.001194 0.001628 0.002387 0.003255
0 0.001194 0.001628 0.002387 0.003255
0 0.001194 0.001628 0.002387 0.003255
0 0.001194 0.001628 0.002387 0.003255
0 0.001302 0.001628 0.002604 0.003255
0 0.001194 0.001628 0.002387 0.003255
0 0.001194 0.001628 0.002387 0.003255
0 0.001194 0.001628 0.002387 0.003255
0 0.001194 0.001628 0.002387 0.003255