0 0.002750 0.004933 0.005500 0.009865
0 0.002750 0.004484 0.005500 0.008969
0 0.002750 0.004933 0.005500 0.009865
0 0.002750 0.004933 0.005500 0.009865
0 0.002750 0.004933 0.005500 0.009865
0 0.002750 0.004484 0.005500 0.008969
0 0.002750 0.004933 0.005500 0.009865
0 0.002750 0.004933 0.005500 0.009865
0 0.002750 0.004933 0.005500 0.009865
0 0.002750 0.004933 0.005500 0.009865
0 0.002750 0.004933 0.005500 0.009865
0 0.002750 0.004933 0.005500 0.009865
0 0.002750 0.004933 0.005500 0.009865
0 0.002750 0.004933 0.005500 0.009865
0 0.002750 0.004933 0.005500 0.009865
0 0.002750 0.004933 0.005500 0.009865
0 0.002750 0.004933 0.005500 0.009865
0 0.002750 0.004933 0.005500 0.009865
0 0.002750 0.004933 0.005500 0.009865
0 0.002750 0.004933 0.005500 0.009865
0 0.002750 0.004933 0.005500 0.009865
0 0.002750 0.004933 0.005500 0.009865
0 0.002750 0.004484 0.005500 0.008969
0 0.002750 0.004933 0.005500 0.009865
0 0.002750 0.004933 0.005500 0.009865
0 0.002750 0.004933 0.005500 0.009865
0 0.002750 0.004933 0.005500 0.009865
0 0.002750 0.004484 0.005500 0.008969
0 0.002750 0.004933 0.005500 0.009865
0 0.002750 0.004933 0.005500 0.009865
0 0.002750 0.004933 0.005500 0.009865
0 0.002750 0.004933 0.005500 0.009865
0 0.002750 0.004933 0.005500 0.009865
0 0.002750 0.004484 0.005500 0.008969
0 0.002750 0.004933 0.005500 0.009865
0 0.002750 0.004484 0.005500 0.008969
0 0.002750 0.004933 0.005500 0.009865
0 0.002750 0.004933 0.005500 0.009865
0 0.002750 0.004933 0.005500 0.009865
0 0.002750 0.004933 0.005500 0.009865
0 0.002750 0.004933 0.005500 0.009865
0 0.002750 0.004484 0.005500 0.008969
0 0.002750 0.004933 0.005500 0.009865
0 0.002750 0.004933 0.005500 0.009865
0 0.002750 0.004933 0.005500 0.009865
0 0.002750 0.004933 0.005500 0.009865
0 0.002750 0.004933 0.005500 0.009865
0 0.002750 0.004933 0.005500 0.009865
0 0.002750 0.004484 0.005500 0.008969
0 0.002750 0.004484 0.005500 0.008969
0 0.002750 0.004933 0.005500 0.009865
0 0.002750 0.004933 0.005500 0.009865
0 0.002750 0.004933 0.005500 0.009865
0 0.002750 0.004933 0.005500 0.009865
0 0.002750 0.004484 0.005500 0.008969
0 0.002750 0.004933 0.005500 0.009865