0 0.004583 0.006002 0.009167 0.012005
0 0.004583 0.006002 0.009167 0.012005
0 0.004583 0.006002 0.009167 0.012005
0 0.004583 0.006002 0.009167 0.012005
0 0.004583 0.006002 0.009167 0.012005
0 0.004583 0.006002 0.009167 0.012005
0 0.004583 0.006002 0.009167 0.012005
0 0.004583 0.006002 0.009167 0.012005
0 0.004583 0.006002 0.009167 0.012005
0 0.004583 0.006002 0.009167 0.012005
0 0.004583 0.006002 0.009167 0.012005
0 0.004583 0.006002 0.009167 0.012005
0 0.004583 0.006002 0.009167 0.012005
0 0.004583 0.006002 0.009167 0.012005
0 0.004583 0.006002 0.009167 0.012005
0 0.004583 0.006002 0.009167 0.012005
0 0.004583 0.006002 0.009167 0.012005
0 0.004583 0.006002 0.009167 0.012005
0 0.004583 0.006002 0.009167 0.012005
0 0.004583 0.006002 0.009167 0.012005
0 0.004583 0.006002 0.009167 0.012005
0 0.004583 0.006002 0.009167 0.012005
0 0.004583 0.006002 0.009167 0.012005
0 0.004583 0.006002 0.009167 0.012005
0 0.004583 0.006002 0.009167 0.012005
0 0.004583 0.006002 0.009167 0.012005
0 0.004583 0.006002 0.009167 0.012005
0 0.004583 0.006002 0.009167 0.012005
0 0.004583 0.006002 0.009167 0.012005
0 0.004583 0.006002 0.009167 0.012005
0 0.004583 0.006002 0.009167 0.012005
0 0.004583 0.006002 0.009167 0.012005
0 0.004583 0.006002 0.009167 0.012005
0 0.004583 0.006002 0.009167 0.012005
0 0.004583 0.006002 0.009167 0.012005
0 0.004583 0.006002 0.009167 0.012005
0 0.004583 0.006002 0.009167 0.012005
0 0.004583 0.006002 0.009167 0.012005
0 0.004583 0.006002 0.009167 0.012005
0 0.004583 0.006002 0.009167 0.012005
0 0.004583 0.006002 0.009167 0.012005
0 0.004583 0.006002 0.009167 0.012005
0 0.004583 0.006002 0.009167 0.012005
0 0.004583 0.006002 0.009167 0.012005
0 0.004583 0.006002 0.009167 0.012005
0 0.004583 0.006002 0.009167 0.012005
0 0.004583 0.006002 0.009167 0.012005
0 0.004583 0.006002 0.009167 0.012005
0 0.004583 0.006002 0.009167 0.012005
0 0.004583 0.006002 0.009167 0.012005
0 0.004583 0.006002 0.009167 0.012005
0 0.004583 0.006002 0.009167 0.012005
0 0.004583 0.006002 0.009167 0.012005
0 0.004583 0.006002 0.009167 0.012005
0 0.004583 0.006002 0.009167 0.012005
0 0.004583 0.006002 0.009167 0.012005
0 0.004583 0.006002 0.009167 0.012005
0 0.004583 0.006002 0.009167 0.012005
0 0.004583 0.006002 0.009167 0.012005
0 0.004583 0.006002 0.009167 0.012005
0 0.004583 0.006002 0.009167 0.012005
0 0.004583 0.006002 0.009167 0.012005
0 0.004583 0.006002 0.009167 0.012005
0 0.005000 0.006002 0.010000 0.012005
0 0.004583 0.006002 0.009167 0.012005
0 0.004583 0.006002 0.009167 0.012005
0 0.004583 0.006002 0.009167 0.012005
0 0.004583 0.006002 0.009167 0.012005
0 0.004583 0.006002 0.009167 0.012005
0 0.004583 0.006002 0.009167 0.012005
0 0.005000 0.006002 0.010000 0.012005
0 0.004583 0.006002 0.009167 0.012005
0 0.004583 0.006002 0.009167 0.012005
0 0.004583 0.006002 0.009167 0.012005
0 0.004583 0.006002 0.009167 0.012005
0 0.004583 0.006002 0.009167 0.012005
0 0.004583 0.006002 0.009167 0.012005
0 0.004583 0.006002 0.009167 0.012005
0 0.004583 0.006002 0.009167 0.012005
0 0.004583 0.006002 0.009167 0.012005
0 0.004583 0.006002 0.009167 0.012005
0 0.004583 0.006002 0.009167 0.012005
0 0.004583 0.006002 0.009167 0.012005
0 0.004583 0.006002 0.009167 0.012005
0 0.004583 0.006002 0.009167 0.012005
0 0.004583 0.006002 0.009167 0.012005
0 0.004583 0.006002 0.009167 0.012005
0 0.004583 0.006002 0.009167 0.012005
0 0.004583 0.006002 0.009167 0.012005
0 0.004583 0.006002 0.009167 0.012005
0 0.004583 0.006002 0.009167 0.012005
0 0.004583 0.006002 0.009167 0.012005
0 0.004583 0.006002 0.009167 0.012005
0 0.004583 0.006002 0.009167 0.012005
0 0.004583 0.006002 0.009167 0.012005
0 0.004583 0.006002 0.009167 0.012005
0 0.004583 0.006002 0.009167 0.012005