0 0.007432 0.010142 0.014865 0.020284
0 0.007432 0.010142 0.014865 0.020284
0 0.007432 0.010142 0.014865 0.020284
0 0.007432 0.010142 0.014865 0.020284
0 0.007432 0.010142 0.014865 0.020284
0 0.007432 0.010142 0.014865 0.020284
0 0.007432 0.010142 0.014865 0.020284
0 0.007432 0.010142 0.014865 0.020284
0 0.007432 0.010142 0.014865 0.020284
0 0.007432 0.010142 0.014865 0.020284
0 0.007432 0.010142 0.014865 0.020284
0 0.007432 0.010142 0.014865 0.020284
0 0.007432 0.010142 0.014865 0.020284
0 0.007432 0.010142 0.014865 0.020284
0 0.007432 0.010142 0.014865 0.020284
0 0.007432 0.010142 0.014865 0.020284
0 0.007432 0.010142 0.014865 0.020284
0 0.007432 0.010142 0.014865 0.020284
0 0.007432 0.010142 0.014865 0.020284
0 0.007432 0.010142 0.014865 0.020284
0 0.007432 0.010142 0.014865 0.020284
0 0.007432 0.010142 0.014865 0.020284
0 0.007432 0.010142 0.014865 0.020284
0 0.007432 0.010142 0.014865 0.020284
0 0.007432 0.010142 0.014865 0.020284
0 0.007432 0.010142 0.014865 0.020284
0 0.007432 0.010142 0.014865 0.020284
0 0.007432 0.010142 0.014865 0.020284
0 0.007432 0.010142 0.014865 0.020284