0 0.003657 0.005297 0.007314 0.010593
0 0.003657 0.005826 0.007314 0.011653
0 0.003657 0.005297 0.007314 0.010593
0 0.003657 0.005826 0.007314 0.011653
0 0.003657 0.005297 0.007314 0.010593
0 0.003657 0.005826 0.007314 0.011653
0 0.003657 0.005297 0.007314 0.010593
0 0.003657 0.005297 0.007314 0.010593
0 0.003657 0.005297 0.007314 0.010593
0 0.003657 0.005297 0.007314 0.010593
0 0.003657 0.005826 0.007314 0.011653
0 0.003657 0.005826 0.007314 0.011653
0 0.003657 0.005297 0.007314 0.010593
0 0.003657 0.005826 0.007314 0.011653
0 0.003657 0.005297 0.007314 0.010593
0 0.003657 0.005297 0.007314 0.010593
0 0.003657 0.005297 0.007314 0.010593
0 0.003657 0.005297 0.007314 0.010593
0 0.003657 0.005297 0.007314 0.010593
0 0.003657 0.005826 0.007314 0.011653
0 0.003657 0.005826 0.007314 0.011653
0 0.003657 0.005297 0.007314 0.010593
0 0.003657 0.005826 0.007314 0.011653
0 0.003657 0.005297 0.007314 0.010593
0 0.003657 0.005297 0.007314 0.010593
0 0.003657 0.005826 0.007314 0.011653
0 0.003657 0.005297 0.007314 0.010593
0 0.003657 0.005297 0.007314 0.010593
0 0.003657 0.005826 0.007314 0.011653
0 0.003657 0.005826 0.007314 0.011653
0 0.003657 0.005297 0.007314 0.010593
0 0.003657 0.005297 0.007314 0.010593
0 0.003657 0.005826 0.007314 0.011653
0 0.003657 0.005297 0.007314 0.010593
0 0.003657 0.005826 0.007314 0.011653
0 0.003657 0.005297 0.007314 0.010593
0 0.003657 0.005297 0.007314 0.010593
0 0.003657 0.005297 0.007314 0.010593
0 0.003657 0.005826 0.007314 0.011653
0 0.003657 0.005826 0.007314 0.011653
0 0.003657 0.005826 0.007314 0.011653
0 0.003657 0.005826 0.007314 0.011653
0 0.003657 0.005297 0.007314 0.010593
0 0.003657 0.005297 0.007314 0.010593
0 0.003657 0.005826 0.007314 0.011653
0 0.003657 0.005826 0.007314 0.011653
0 0.003657 0.005297 0.007314 0.010593