0 0.009322 0.007716 0.018644 0.015432
0 0.009322 0.007716 0.018644 0.015432
0 0.009322 0.007716 0.018644 0.015432
0 0.009322 0.007716 0.018644 0.015432
0 0.009322 0.007716 0.018644 0.015432
0 0.009322 0.007716 0.018644 0.015432
0 0.009322 0.007716 0.018644 0.015432
0 0.009322 0.007716 0.018644 0.015432
0 0.009322 0.007716 0.018644 0.015432
0 0.009322 0.007716 0.018644 0.015432
0 0.009322 0.007716 0.018644 0.015432
0 0.009322 0.007716 0.018644 0.015432
0 0.009322 0.007716 0.018644 0.015432
0 0.009322 0.007716 0.018644 0.015432
0 0.009322 0.007716 0.018644 0.015432