0 0.002750 0.004019 0.005500 0.008039
0 0.002750 0.004019 0.005500 0.008039
0 0.002750 0.004019 0.005500 0.008039
0 0.002750 0.004019 0.005500 0.008039
0 0.002750 0.004019 0.005500 0.008039
0 0.002750 0.004019 0.005500 0.008039
0 0.002750 0.004019 0.005500 0.008039
0 0.002750 0.004019 0.005500 0.008039
0 0.002750 0.004019 0.005500 0.008039
0 0.002750 0.004421 0.005500 0.008842
0 0.002750 0.004019 0.005500 0.008039
0 0.002750 0.004019 0.005500 0.008039
0 0.002750 0.004019 0.005500 0.008039
0 0.002750 0.004019 0.005500 0.008039
0 0.002750 0.004019 0.005500 0.008039
0 0.002750 0.004019 0.005500 0.008039
0 0.002750 0.004019 0.005500 0.008039
0 0.002750 0.004019 0.005500 0.008039
0 0.002750 0.004019 0.005500 0.008039
0 0.002750 0.004019 0.005500 0.008039
0 0.002750 0.004019 0.005500 0.008039
0 0.002750 0.004421 0.005500 0.008842
0 0.002750 0.004019 0.005500 0.008039
0 0.002750 0.004019 0.005500 0.008039
0 0.002750 0.004019 0.005500 0.008039
0 0.002750 0.004019 0.005500 0.008039
0 0.002750 0.004421 0.005500 0.008842
0 0.002750 0.004019 0.005500 0.008039
0 0.002750 0.004019 0.005500 0.008039
0 0.002750 0.004019 0.005500 0.008039
0 0.002750 0.004421 0.005500 0.008842
0 0.002750 0.004421 0.005500 0.008842
0 0.002750 0.004019 0.005500 0.008039
0 0.002750 0.004421 0.005500 0.008842
0 0.002750 0.004019 0.005500 0.008039
0 0.002750 0.004019 0.005500 0.008039