0 0.004583 0.006361 0.009167 0.012723
0 0.004583 0.006361 0.009167 0.012723
0 0.004583 0.006361 0.009167 0.012723
0 0.004583 0.006361 0.009167 0.012723
0 0.004583 0.006361 0.009167 0.012723
0 0.004583 0.006361 0.009167 0.012723
0 0.004583 0.006361 0.009167 0.012723
0 0.004583 0.006361 0.009167 0.012723
0 0.004583 0.006361 0.009167 0.012723
0 0.004583 0.006361 0.009167 0.012723
0 0.004583 0.006361 0.009167 0.012723
0 0.004583 0.006361 0.009167 0.012723
0 0.004583 0.006361 0.009167 0.012723
0 0.004583 0.006361 0.009167 0.012723
0 0.004583 0.006361 0.009167 0.012723
0 0.004583 0.006361 0.009167 0.012723
0 0.004583 0.006361 0.009167 0.012723
0 0.004583 0.006361 0.009167 0.012723
0 0.004583 0.006361 0.009167 0.012723
0 0.004583 0.006361 0.009167 0.012723
0 0.004583 0.006361 0.009167 0.012723
0 0.004583 0.006361 0.009167 0.012723
0 0.004583 0.006361 0.009167 0.012723
0 0.004583 0.006361 0.009167 0.012723
0 0.004583 0.006361 0.009167 0.012723
0 0.004583 0.006361 0.009167 0.012723
0 0.004583 0.006361 0.009167 0.012723
0 0.004583 0.006361 0.009167 0.012723
0 0.004583 0.006361 0.009167 0.012723
0 0.004583 0.006361 0.009167 0.012723
0 0.004583 0.006361 0.009167 0.012723
0 0.004583 0.006361 0.009167 0.012723