0 0.001571 0.002201 0.003143 0.004402
0 0.001571 0.002001 0.003143 0.004002
0 0.001571 0.002001 0.003143 0.004002
0 0.001571 0.002201 0.003143 0.004402
0 0.001571 0.002201 0.003143 0.004402
0 0.001714 0.002201 0.003429 0.004402
0 0.001571 0.002201 0.003143 0.004402
0 0.001571 0.002001 0.003143 0.004002
0 0.001571 0.002001 0.003143 0.004002
0 0.001571 0.002001 0.003143 0.004002
0 0.001714 0.002201 0.003429 0.004402
0 0.001714 0.002201 0.003429 0.004402
0 0.001571 0.002001 0.003143 0.004002
0 0.001571 0.002201 0.003143 0.004402
0 0.001571 0.002001 0.003143 0.004002
0 0.001714 0.002001 0.003429 0.004002
0 0.001571 0.002201 0.003143 0.004402
0 0.001571 0.002201 0.003143 0.004402
0 0.001571 0.002201 0.003143 0.004402
0 0.001714 0.002001 0.003429 0.004002
0 0.001571 0.002001 0.003143 0.004002
0 0.001571 0.002001 0.003143 0.004002
0 0.001571 0.002001 0.003143 0.004002
0 0.001571 0.002001 0.003143 0.004002
0 0.001571 0.002201 0.003143 0.004402
0 0.001571 0.002001 0.003143 0.004002
0 0.001571 0.002001 0.003143 0.004002
0 0.001571 0.002201 0.003143 0.004402
0 0.001571 0.002201 0.003143 0.004402
0 0.001571 0.002001 0.003143 0.004002
0 0.001571 0.002201 0.003143 0.004402
0 0.001571 0.002201 0.003143 0.004402
0 0.001571 0.002201 0.003143 0.004402
0 0.001571 0.002201 0.003143 0.004402
0 0.001571 0.002201 0.003143 0.004402
0 0.001571 0.002201 0.003143 0.004402
0 0.001571 0.002201 0.003143 0.004402
0 0.001571 0.002201 0.003143 0.004402
0 0.001571 0.002201 0.003143 0.004402
0 0.001714 0.002201 0.003429 0.004402
0 0.001571 0.002001 0.003143 0.004002
0 0.001571 0.002201 0.003143 0.004402
0 0.001571 0.002001 0.003143 0.004002