0 0.005729 0.008726 0.011458 0.017452
0 0.005729 0.008726 0.011458 0.017452
0 0.005729 0.008726 0.011458 0.017452
0 0.005729 0.008726 0.011458 0.017452
0 0.005729 0.008726 0.011458 0.017452
0 0.006250 0.008726 0.012500 0.017452
0 0.006250 0.008726 0.012500 0.017452
0 0.005729 0.008726 0.011458 0.017452
0 0.005729 0.008726 0.011458 0.017452
0 0.005729 0.008726 0.011458 0.017452
0 0.005729 0.008726 0.011458 0.017452
0 0.005729 0.008726 0.011458 0.017452
0 0.005729 0.008726 0.011458 0.017452
0 0.005729 0.008726 0.011458 0.017452
0 0.005729 0.008726 0.011458 0.017452
0 0.005729 0.008726 0.011458 0.017452
0 0.005729 0.008726 0.011458 0.017452
0 0.005729 0.008726 0.011458 0.017452
0 0.005729 0.008726 0.011458 0.017452
0 0.005729 0.008726 0.011458 0.017452
0 0.005729 0.009599 0.011458 0.019197
0 0.005729 0.008726 0.011458 0.017452
0 0.005729 0.008726 0.011458 0.017452
0 0.005729 0.008726 0.011458 0.017452