0 0.005851 0.008621 0.011702 0.017241
0 0.005851 0.009483 0.011702 0.018966
0 0.005851 0.008621 0.011702 0.017241
0 0.005851 0.008621 0.011702 0.017241
0 0.005851 0.009483 0.011702 0.018966
0 0.005851 0.008621 0.011702 0.017241
0 0.005851 0.008621 0.011702 0.017241
0 0.005851 0.009483 0.011702 0.018966
0 0.005851 0.008621 0.011702 0.017241
0 0.005851 0.009483 0.011702 0.018966
0 0.005851 0.009483 0.011702 0.018966
0 0.005851 0.009483 0.011702 0.018966
0 0.005851 0.008621 0.011702 0.017241
0 0.005851 0.008621 0.011702 0.017241
0 0.005851 0.008621 0.011702 0.017241
0 0.006915 0.008621 0.013830 0.017241
0 0.005851 0.008621 0.011702 0.017241
0 0.005851 0.009483 0.011702 0.018966
0 0.005851 0.009483 0.011702 0.018966
0 0.005851 0.008621 0.011702 0.017241
0 0.005851 0.009483 0.011702 0.018966
0 0.005851 0.008621 0.011702 0.017241
0 0.005851 0.008621 0.011702 0.017241
0 0.005851 0.009483 0.011702 0.018966
0 0.005851 0.009483 0.011702 0.018966
0 0.005851 0.008621 0.011702 0.017241
0 0.005851 0.008621 0.011702 0.017241
0 0.005851 0.009483 0.011702 0.018966
0 0.005851 0.009483 0.011702 0.018966
0 0.005851 0.008621 0.011702 0.017241
0 0.005851 0.009483 0.011702 0.018966
0 0.005851 0.008621 0.011702 0.017241
0 0.005851 0.008621 0.011702 0.017241
0 0.005851 0.008621 0.011702 0.017241
0 0.005851 0.008621 0.011702 0.017241
0 0.005851 0.008621 0.011702 0.017241
0 0.005851 0.008621 0.011702 0.017241
0 0.005851 0.009483 0.011702 0.018966
0 0.005851 0.008621 0.011702 0.017241
0 0.005851 0.008621 0.011702 0.017241
0 0.005851 0.008621 0.011702 0.017241
0 0.005851 0.009483 0.011702 0.018966
0 0.005851 0.009483 0.011702 0.018966
0 0.005851 0.009483 0.011702 0.018966
0 0.005851 0.008621 0.011702 0.017241
0 0.005851 0.009483 0.011702 0.018966
0 0.005851 0.009483 0.011702 0.018966
0 0.005851 0.009483 0.011702 0.018966