0 0.003360 0.004673 0.006720 0.009346
0 0.003360 0.004673 0.006720 0.009346
0 0.003360 0.004673 0.006720 0.009346
0 0.003360 0.004673 0.006720 0.009346
0 0.003360 0.004673 0.006720 0.009346
0 0.003360 0.004673 0.006720 0.009346
0 0.003360 0.004673 0.006720 0.009346
0 0.003360 0.004673 0.006720 0.009346
0 0.003360 0.004673 0.006720 0.009346
0 0.003360 0.004673 0.006720 0.009346
0 0.003360 0.004673 0.006720 0.009346
0 0.003360 0.004673 0.006720 0.009346
0 0.003360 0.004673 0.006720 0.009346
0 0.003360 0.004673 0.006720 0.009346
0 0.003360 0.004673 0.006720 0.009346
0 0.003360 0.004673 0.006720 0.009346
0 0.003360 0.004673 0.006720 0.009346
0 0.003360 0.004673 0.006720 0.009346
0 0.003360 0.004673 0.006720 0.009346
0 0.003360 0.004673 0.006720 0.009346
0 0.003360 0.004673 0.006720 0.009346
0 0.003360 0.004673 0.006720 0.009346
0 0.003360 0.004673 0.006720 0.009346
0 0.003360 0.004673 0.006720 0.009346
0 0.003360 0.004673 0.006720 0.009346
0 0.003360 0.004673 0.006720 0.009346
0 0.003360 0.004673 0.006720 0.009346
0 0.003360 0.004673 0.006720 0.009346
0 0.003360 0.004673 0.006720 0.009346
0 0.003360 0.004673 0.006720 0.009346
0 0.003360 0.004673 0.006720 0.009346
0 0.003360 0.004673 0.006720 0.009346
0 0.003360 0.004673 0.006720 0.009346
0 0.003360 0.004673 0.006720 0.009346
0 0.003360 0.004673 0.006720 0.009346
0 0.003360 0.004673 0.006720 0.009346
0 0.003360 0.004673 0.006720 0.009346
0 0.003360 0.004673 0.006720 0.009346