0 0.007545 0.010288 0.015089 0.020576
0 0.007545 0.010288 0.015089 0.020576
0 0.007545 0.010288 0.015089 0.020576
0 0.007545 0.010288 0.015089 0.020576
0 0.007545 0.010288 0.015089 0.020576
0 0.007545 0.010288 0.015089 0.020576
0 0.007545 0.010288 0.015089 0.020576
0 0.007545 0.010288 0.015089 0.020576
0 0.007545 0.010288 0.015089 0.020576
0 0.007545 0.010288 0.015089 0.020576
0 0.008230 0.010288 0.016461 0.020576
0 0.007545 0.010288 0.015089 0.020576
0 0.007545 0.010288 0.015089 0.020576
0 0.007545 0.010288 0.015089 0.020576
0 0.007545 0.010288 0.015089 0.020576
0 0.007545 0.010288 0.015089 0.020576
0 0.007545 0.010288 0.015089 0.020576
0 0.007545 0.010288 0.015089 0.020576
0 0.007545 0.010288 0.015089 0.020576
0 0.007545 0.010288 0.015089 0.020576
0 0.007545 0.010288 0.015089 0.020576
0 0.007545 0.010288 0.015089 0.020576
0 0.007545 0.010288 0.015089 0.020576
0 0.007545 0.010288 0.015089 0.020576
0 0.007545 0.010288 0.015089 0.020576
0 0.007545 0.010288 0.015089 0.020576
0 0.007545 0.010288 0.015089 0.020576
0 0.007545 0.010288 0.015089 0.020576
0 0.007545 0.010288 0.015089 0.020576
0 0.007545 0.010288 0.015089 0.020576
0 0.007545 0.010288 0.015089 0.020576
0 0.007545 0.010288 0.015089 0.020576
0 0.007545 0.010288 0.015089 0.020576
0 0.007545 0.010288 0.015089 0.020576
0 0.007545 0.010288 0.015089 0.020576
0 0.007545 0.010288 0.015089 0.020576
0 0.007545 0.010288 0.015089 0.020576
0 0.007545 0.010288 0.015089 0.020576
0 0.007545 0.010288 0.015089 0.020576
0 0.007545 0.010288 0.015089 0.020576
0 0.007545 0.010288 0.015089 0.020576
0 0.007545 0.010288 0.015089 0.020576
0 0.007545 0.010288 0.015089 0.020576
0 0.007545 0.010288 0.015089 0.020576
0 0.007545 0.010288 0.015089 0.020576
0 0.007545 0.010288 0.015089 0.020576
0 0.007545 0.010288 0.015089 0.020576
0 0.007545 0.010288 0.015089 0.020576
0 0.007545 0.010288 0.015089 0.020576
0 0.007545 0.010288 0.015089 0.020576
0 0.007545 0.010288 0.015089 0.020576
0 0.007545 0.010288 0.015089 0.020576
0 0.007545 0.010288 0.015089 0.020576
0 0.007545 0.010288 0.015089 0.020576
0 0.007545 0.010288 0.015089 0.020576
0 0.007545 0.010288 0.015089 0.020576
0 0.007545 0.010288 0.015089 0.020576
0 0.007545 0.010288 0.015089 0.020576
0 0.007545 0.010288 0.015089 0.020576
0 0.007545 0.010288 0.015089 0.020576
0 0.007545 0.010288 0.015089 0.020576
0 0.007545 0.010288 0.015089 0.020576
0 0.007545 0.010288 0.015089 0.020576
0 0.007545 0.010288 0.015089 0.020576
0 0.007545 0.010288 0.015089 0.020576
0 0.007545 0.010288 0.015089 0.020576
0 0.007545 0.010288 0.015089 0.020576
0 0.007545 0.010288 0.015089 0.020576
0 0.007545 0.010288 0.015089 0.020576
0 0.007545 0.010288 0.015089 0.020576
0 0.007545 0.010288 0.015089 0.020576
0 0.007545 0.010288 0.015089 0.020576
0 0.007545 0.010288 0.015089 0.020576
0 0.007545 0.010288 0.015089 0.020576
0 0.008230 0.010288 0.016461 0.020576
0 0.007545 0.010288 0.015089 0.020576
0 0.007545 0.010288 0.015089 0.020576
0 0.007545 0.010288 0.015089 0.020576
0 0.007545 0.010288 0.015089 0.020576
0 0.007545 0.010288 0.015089 0.020576
0 0.007545 0.010288 0.015089 0.020576
0 0.007545 0.010288 0.015089 0.020576
0 0.007545 0.010288 0.015089 0.020576
0 0.007545 0.010288 0.015089 0.020576
0 0.007545 0.010288 0.015089 0.020576