0 0.008648 0.013966 0.017296 0.027933
0 0.008648 0.013966 0.017296 0.027933
0 0.008648 0.013966 0.017296 0.027933
0 0.008648 0.013966 0.017296 0.027933
0 0.008648 0.013966 0.017296 0.027933
0 0.008648 0.013966 0.017296 0.027933
0 0.008648 0.013966 0.017296 0.027933
0 0.008648 0.013966 0.017296 0.027933
0 0.008648 0.013966 0.017296 0.027933
0 0.008648 0.013966 0.017296 0.027933
0 0.008648 0.013966 0.017296 0.027933
0 0.008648 0.013966 0.017296 0.027933
0 0.008648 0.013966 0.017296 0.027933
0 0.008648 0.013966 0.017296 0.027933
0 0.008648 0.013966 0.017296 0.027933
0 0.008648 0.013966 0.017296 0.027933
0 0.008648 0.013966 0.017296 0.027933
0 0.008648 0.013966 0.017296 0.027933
0 0.008648 0.013966 0.017296 0.027933
0 0.008648 0.013966 0.017296 0.027933
0 0.008648 0.013966 0.017296 0.027933
0 0.008648 0.013966 0.017296 0.027933
0 0.008648 0.013966 0.017296 0.027933
0 0.008648 0.013966 0.017296 0.027933
0 0.008648 0.013966 0.017296 0.027933
0 0.008648 0.013966 0.017296 0.027933
0 0.008648 0.013966 0.017296 0.027933
0 0.008648 0.013966 0.017296 0.027933
0 0.008648 0.013966 0.017296 0.027933
0 0.008648 0.013966 0.017296 0.027933
0 0.008648 0.013966 0.017296 0.027933
0 0.008648 0.013966 0.017296 0.027933
0 0.008648 0.013966 0.017296 0.027933
0 0.008648 0.013966 0.017296 0.027933
0 0.008648 0.013966 0.017296 0.027933
0 0.008648 0.013966 0.017296 0.027933
0 0.008648 0.013966 0.017296 0.027933
0 0.008648 0.013966 0.017296 0.027933
0 0.008648 0.013966 0.017296 0.027933
0 0.008648 0.013966 0.017296 0.027933
0 0.008648 0.013966 0.017296 0.027933
0 0.008648 0.013966 0.017296 0.027933
0 0.008648 0.013966 0.017296 0.027933
0 0.008648 0.013966 0.017296 0.027933
0 0.008648 0.013966 0.017296 0.027933