0 0.006440 0.008772 0.012881 0.017544
0 0.006440 0.008772 0.012881 0.017544
0 0.006440 0.008772 0.012881 0.017544
0 0.006440 0.008772 0.012881 0.017544
0 0.006440 0.008772 0.012881 0.017544
0 0.006440 0.008772 0.012881 0.017544
0 0.006440 0.008772 0.012881 0.017544
0 0.006440 0.008772 0.012881 0.017544
0 0.006440 0.008772 0.012881 0.017544
0 0.006440 0.008772 0.012881 0.017544
0 0.006440 0.008772 0.012881 0.017544
0 0.006440 0.008772 0.012881 0.017544
0 0.006440 0.008772 0.012881 0.017544
0 0.006440 0.008772 0.012881 0.017544
0 0.006440 0.008772 0.012881 0.017544
0 0.006440 0.008772 0.012881 0.017544
0 0.006440 0.008772 0.012881 0.017544
0 0.006440 0.008772 0.012881 0.017544
0 0.006440 0.008772 0.012881 0.017544
0 0.006440 0.008772 0.012881 0.017544
0 0.006440 0.008772 0.012881 0.017544
0 0.006440 0.008772 0.012881 0.017544
0 0.006440 0.008772 0.012881 0.017544
0 0.006440 0.008772 0.012881 0.017544
0 0.006440 0.008772 0.012881 0.017544
0 0.006440 0.008772 0.012881 0.017544
0 0.006440 0.008772 0.012881 0.017544
0 0.006440 0.008772 0.012881 0.017544
0 0.006440 0.008772 0.012881 0.017544
0 0.006440 0.008772 0.012881 0.017544
0 0.006440 0.008772 0.012881 0.017544
0 0.006440 0.008772 0.012881 0.017544
0 0.006440 0.008772 0.012881 0.017544
0 0.006440 0.008772 0.012881 0.017544
0 0.006440 0.008772 0.012881 0.017544
0 0.006440 0.008772 0.012881 0.017544
0 0.006440 0.008772 0.012881 0.017544
0 0.006440 0.008772 0.012881 0.017544
0 0.006440 0.008772 0.012881 0.017544
0 0.006440 0.008772 0.012881 0.017544