0 0.005851 0.007974 0.011702 0.015949
0 0.005851 0.007974 0.011702 0.015949
0 0.005851 0.007974 0.011702 0.015949
0 0.005851 0.007974 0.011702 0.015949
0 0.005851 0.007974 0.011702 0.015949
0 0.005851 0.007974 0.011702 0.015949
0 0.005851 0.007974 0.011702 0.015949
0 0.005851 0.007974 0.011702 0.015949
0 0.005851 0.007974 0.011702 0.015949
0 0.005851 0.007974 0.011702 0.015949
0 0.005851 0.007974 0.011702 0.015949
0 0.005851 0.007974 0.011702 0.015949
0 0.005851 0.007974 0.011702 0.015949
0 0.005851 0.007974 0.011702 0.015949
0 0.005851 0.007974 0.011702 0.015949
0 0.005851 0.007974 0.011702 0.015949
0 0.005851 0.007974 0.011702 0.015949
0 0.005851 0.007974 0.011702 0.015949
0 0.005851 0.007974 0.011702 0.015949
0 0.005851 0.007974 0.011702 0.015949
0 0.005851 0.007974 0.011702 0.015949
0 0.005851 0.007974 0.011702 0.015949
0 0.005851 0.007974 0.011702 0.015949
0 0.005851 0.007974 0.011702 0.015949
0 0.005851 0.007974 0.011702 0.015949
0 0.005851 0.007974 0.011702 0.015949
0 0.005851 0.007974 0.011702 0.015949
0 0.005851 0.007974 0.011702 0.015949
0 0.005851 0.007974 0.011702 0.015949
0 0.005851 0.007974 0.011702 0.015949
0 0.005851 0.007974 0.011702 0.015949
0 0.005851 0.007974 0.011702 0.015949
0 0.005851 0.007974 0.011702 0.015949
0 0.005851 0.007974 0.011702 0.015949
0 0.005851 0.007974 0.011702 0.015949
0 0.005851 0.007974 0.011702 0.015949
0 0.005851 0.007974 0.011702 0.015949
0 0.005851 0.007974 0.011702 0.015949
0 0.005851 0.007974 0.011702 0.015949
0 0.005851 0.007974 0.011702 0.015949
0 0.005851 0.007974 0.011702 0.015949
0 0.005851 0.007974 0.011702 0.015949
0 0.005851 0.007974 0.011702 0.015949
0 0.005851 0.007974 0.011702 0.015949
0 0.005851 0.007974 0.011702 0.015949