0 0.007473 0.011579 0.014946 0.023158
0 0.007473 0.011579 0.014946 0.023158
0 0.007473 0.011579 0.014946 0.023158
0 0.007473 0.010526 0.014946 0.021053
0 0.007473 0.010526 0.014946 0.021053
0 0.007473 0.011579 0.014946 0.023158
0 0.007473 0.011579 0.014946 0.023158
0 0.007473 0.010526 0.014946 0.021053
0 0.007473 0.011579 0.014946 0.023158
0 0.007473 0.011579 0.014946 0.023158
0 0.007473 0.011579 0.014946 0.023158
0 0.007473 0.011579 0.014946 0.023158
0 0.007473 0.011579 0.014946 0.023158
0 0.007473 0.011579 0.014946 0.023158
0 0.007473 0.010526 0.014946 0.021053
0 0.007473 0.011579 0.014946 0.023158
0 0.007473 0.010526 0.014946 0.021053
0 0.007473 0.011579 0.014946 0.023158
0 0.007473 0.011579 0.014946 0.023158
0 0.007473 0.011579 0.014946 0.023158
0 0.007473 0.011579 0.014946 0.023158
0 0.007473 0.010526 0.014946 0.021053
0 0.007473 0.011579 0.014946 0.023158
0 0.007473 0.011579 0.014946 0.023158
0 0.007473 0.010526 0.014946 0.021053
0 0.007473 0.011579 0.014946 0.023158
0 0.007473 0.011579 0.014946 0.023158
0 0.007473 0.010526 0.014946 0.021053
0 0.007473 0.011579 0.014946 0.023158
0 0.007473 0.011579 0.014946 0.023158
0 0.007473 0.010526 0.014946 0.021053
0 0.007473 0.010526 0.014946 0.021053
0 0.007473 0.011579 0.014946 0.023158
0 0.007473 0.011579 0.014946 0.023158
0 0.007473 0.010526 0.014946 0.021053
0 0.007473 0.011579 0.014946 0.023158
0 0.007473 0.010526 0.014946 0.021053
0 0.007473 0.010526 0.014946 0.021053
0 0.007473 0.011579 0.014946 0.023158
0 0.007473 0.010526 0.014946 0.021053
0 0.007473 0.011579 0.014946 0.023158
0 0.007473 0.011579 0.014946 0.023158
0 0.007473 0.010526 0.014946 0.021053
0 0.007473 0.011579 0.014946 0.023158
0 0.007473 0.010526 0.014946 0.021053
0 0.007473 0.011579 0.014946 0.023158
0 0.007473 0.011579 0.014946 0.023158
0 0.007473 0.011579 0.014946 0.023158
0 0.007473 0.010526 0.014946 0.021053
0 0.007473 0.011579 0.014946 0.023158
0 0.007473 0.011579 0.014946 0.023158
0 0.007473 0.010526 0.014946 0.021053
0 0.007473 0.011579 0.014946 0.023158
0 0.007473 0.011579 0.014946 0.023158
0 0.007473 0.010526 0.014946 0.021053
0 0.007473 0.010526 0.014946 0.021053
0 0.007473 0.010526 0.014946 0.021053
0 0.007473 0.011579 0.014946 0.023158
0 0.007473 0.010526 0.014946 0.021053
0 0.007473 0.011579 0.014946 0.023158
0 0.007473 0.011579 0.014946 0.023158
0 0.007473 0.010526 0.014946 0.021053
0 0.007473 0.011579 0.014946 0.023158
0 0.007473 0.011579 0.014946 0.023158
0 0.007473 0.011579 0.014946 0.023158
0 0.007473 0.011579 0.014946 0.023158
0 0.007473 0.010526 0.014946 0.021053
0 0.007473 0.010526 0.014946 0.021053
0 0.007473 0.011579 0.014946 0.023158
0 0.007473 0.011579 0.014946 0.023158
0 0.007473 0.011579 0.014946 0.023158
0 0.007473 0.011579 0.014946 0.023158
0 0.007473 0.011579 0.014946 0.023158
0 0.007473 0.010526 0.014946 0.021053