0 0.003274 0.004762 0.006548 0.009524
0 0.003274 0.004762 0.006548 0.009524
0 0.003274 0.004762 0.006548 0.009524
0 0.003274 0.004762 0.006548 0.009524
0 0.003274 0.004762 0.006548 0.009524
0 0.003274 0.004762 0.006548 0.009524
0 0.003274 0.004762 0.006548 0.009524
0 0.003274 0.004762 0.006548 0.009524
0 0.003274 0.004762 0.006548 0.009524
0 0.003274 0.004762 0.006548 0.009524
0 0.003274 0.004762 0.006548 0.009524
0 0.003274 0.004762 0.006548 0.009524
0 0.003274 0.004762 0.006548 0.009524
0 0.003274 0.004762 0.006548 0.009524
0 0.003274 0.004762 0.006548 0.009524
0 0.003274 0.004762 0.006548 0.009524
0 0.003274 0.004762 0.006548 0.009524
0 0.003274 0.004762 0.006548 0.009524
0 0.003274 0.004762 0.006548 0.009524
0 0.003274 0.004762 0.006548 0.009524
0 0.003274 0.004762 0.006548 0.009524
0 0.003274 0.004762 0.006548 0.009524
0 0.003274 0.004762 0.006548 0.009524
0 0.003274 0.004762 0.006548 0.009524
0 0.003274 0.004762 0.006548 0.009524
0 0.003274 0.004762 0.006548 0.009524
0 0.003274 0.004762 0.006548 0.009524
0 0.003274 0.004762 0.006548 0.009524
0 0.003274 0.004762 0.006548 0.009524
0 0.003274 0.004762 0.006548 0.009524
0 0.003571 0.004762 0.007143 0.009524
0 0.003274 0.004762 0.006548 0.009524
0 0.003274 0.004762 0.006548 0.009524
0 0.003274 0.004762 0.006548 0.009524
0 0.003274 0.004762 0.006548 0.009524
0 0.003274 0.004762 0.006548 0.009524
0 0.003571 0.004762 0.007143 0.009524
0 0.003274 0.004762 0.006548 0.009524
0 0.003274 0.004762 0.006548 0.009524
0 0.003274 0.004762 0.006548 0.009524
0 0.003274 0.004762 0.006548 0.009524
0 0.003274 0.004762 0.006548 0.009524
0 0.003274 0.004762 0.006548 0.009524
0 0.003274 0.004762 0.006548 0.009524
0 0.003274 0.004762 0.006548 0.009524
0 0.003274 0.004762 0.006548 0.009524
0 0.003274 0.004762 0.006548 0.009524
0 0.003274 0.004762 0.006548 0.009524
0 0.003274 0.004762 0.006548 0.009524
0 0.003274 0.004762 0.006548 0.009524
0 0.003274 0.004762 0.006548 0.009524
0 0.003274 0.004762 0.006548 0.009524
0 0.003274 0.004762 0.006548 0.009524
0 0.003274 0.004762 0.006548 0.009524