0 0.005000 0.006821 0.010000 0.013643
0 0.005000 0.006821 0.010000 0.013643
0 0.005000 0.006821 0.010000 0.013643
0 0.005000 0.006821 0.010000 0.013643
0 0.005455 0.006821 0.010909 0.013643
0 0.005000 0.006821 0.010000 0.013643
0 0.005000 0.006821 0.010000 0.013643
0 0.005000 0.006821 0.010000 0.013643
0 0.005000 0.006821 0.010000 0.013643
0 0.005455 0.006821 0.010909 0.013643
0 0.005000 0.006821 0.010000 0.013643
0 0.005000 0.006821 0.010000 0.013643
0 0.005000 0.006821 0.010000 0.013643
0 0.005000 0.006821 0.010000 0.013643
0 0.005000 0.006821 0.010000 0.013643
0 0.005000 0.006821 0.010000 0.013643
0 0.005455 0.006821 0.010909 0.013643
0 0.005000 0.006821 0.010000 0.013643
0 0.005000 0.006821 0.010000 0.013643
0 0.005000 0.006821 0.010000 0.013643
0 0.005455 0.006821 0.010909 0.013643
0 0.005000 0.006821 0.010000 0.013643
0 0.005000 0.006821 0.010000 0.013643
0 0.005000 0.006821 0.010000 0.013643
0 0.005455 0.006821 0.010909 0.013643
0 0.005000 0.006821 0.010000 0.013643
0 0.005000 0.006821 0.010000 0.013643
0 0.005000 0.006821 0.010000 0.013643
0 0.005000 0.006821 0.010000 0.013643
0 0.005000 0.006821 0.010000 0.013643
0 0.005000 0.006821 0.010000 0.013643
0 0.005455 0.006821 0.010909 0.013643
0 0.005000 0.006821 0.010000 0.013643
0 0.005000 0.006821 0.010000 0.013643
0 0.005000 0.006821 0.010000 0.013643
0 0.005000 0.006821 0.010000 0.013643
0 0.005000 0.006821 0.010000 0.013643
0 0.005000 0.006821 0.010000 0.013643
0 0.005000 0.006821 0.010000 0.013643
0 0.005000 0.006821 0.010000 0.013643
0 0.005000 0.006821 0.010000 0.013643
0 0.005000 0.006821 0.010000 0.013643
0 0.005455 0.006821 0.010909 0.013643
0 0.005000 0.006821 0.010000 0.013643
0 0.005000 0.006821 0.010000 0.013643
0 0.005000 0.006821 0.010000 0.013643
0 0.005455 0.006821 0.010909 0.013643
0 0.005000 0.006821 0.010000 0.013643
0 0.005455 0.006821 0.010909 0.013643
0 0.005455 0.006821 0.010909 0.013643
0 0.005455 0.006821 0.010909 0.013643
0 0.005455 0.006821 0.010909 0.013643
0 0.005455 0.006821 0.010909 0.013643
0 0.005455 0.006821 0.010909 0.013643
0 0.005000 0.006821 0.010000 0.013643
0 0.005455 0.006821 0.010909 0.013643
0 0.005000 0.006821 0.010000 0.013643
0 0.005000 0.006821 0.010000 0.013643
0 0.005000 0.006821 0.010000 0.013643
0 0.005000 0.006821 0.010000 0.013643
0 0.005000 0.006821 0.010000 0.013643
0 0.005455 0.006821 0.010909 0.013643
0 0.005000 0.006821 0.010000 0.013643
0 0.005000 0.006821 0.010000 0.013643
0 0.005000 0.006821 0.010000 0.013643
0 0.005000 0.006821 0.010000 0.013643
0 0.005000 0.006821 0.010000 0.013643
0 0.005000 0.006821 0.010000 0.013643
0 0.005000 0.006821 0.010000 0.013643
0 0.005000 0.006821 0.010000 0.013643
0 0.005000 0.006821 0.010000 0.013643
0 0.005455 0.006821 0.010909 0.013643
0 0.005000 0.006821 0.010000 0.013643
0 0.005000 0.006821 0.010000 0.013643
0 0.005455 0.006821 0.010909 0.013643
0 0.005000 0.006821 0.010000 0.013643
0 0.005000 0.006821 0.010000 0.013643
0 0.005000 0.006821 0.010000 0.013643
0 0.005000 0.006821 0.010000 0.013643
0 0.005000 0.006821 0.010000 0.013643
0 0.005000 0.006821 0.010000 0.013643
0 0.005000 0.006821 0.010000 0.013643
0 0.005000 0.006821 0.010000 0.013643
0 0.005000 0.006821 0.010000 0.013643
0 0.005000 0.006821 0.010000 0.013643
0 0.005000 0.006821 0.010000 0.013643
0 0.005455 0.006821 0.010909 0.013643
0 0.005000 0.006821 0.010000 0.013643
0 0.005000 0.006821 0.010000 0.013643
0 0.005455 0.006821 0.010909 0.013643
0 0.005000 0.006821 0.010000 0.013643
0 0.005000 0.006821 0.010000 0.013643
0 0.005000 0.006821 0.010000 0.013643
0 0.005000 0.006821 0.010000 0.013643
0 0.005000 0.006821 0.010000 0.013643
0 0.005000 0.006821 0.010000 0.013643
0 0.005000 0.006821 0.010000 0.013643
0 0.005000 0.006821 0.010000 0.013643
0 0.005000 0.006821 0.010000 0.013643