0 0.001334 0.001817 0.002667 0.003634
0 0.001576 0.001817 0.003152 0.003634
0 0.001334 0.001817 0.002667 0.003634
0 0.001334 0.001817 0.002667 0.003634
0 0.001334 0.001817 0.002667 0.003634
0 0.001334 0.001817 0.002667 0.003634
0 0.001334 0.001817 0.002667 0.003634
0 0.001334 0.001817 0.002667 0.003634
0 0.001334 0.001817 0.002667 0.003634
0 0.001334 0.001817 0.002667 0.003634
0 0.001334 0.001817 0.002667 0.003634
0 0.001334 0.001817 0.002667 0.003634
0 0.001334 0.001817 0.002667 0.003634
0 0.001334 0.001817 0.002667 0.003634
0 0.001334 0.001817 0.002667 0.003634
0 0.001334 0.001817 0.002667 0.003634
0 0.001334 0.001817 0.002667 0.003634
0 0.001334 0.001817 0.002667 0.003634
0 0.001334 0.001817 0.002667 0.003634
0 0.001576 0.001817 0.003152 0.003634
0 0.001334 0.001817 0.002667 0.003634
0 0.001334 0.001817 0.002667 0.003634
0 0.001334 0.001817 0.002667 0.003634
0 0.001334 0.001817 0.002667 0.003634
0 0.001334 0.001817 0.002667 0.003634
0 0.001334 0.001817 0.002667 0.003634
0 0.001334 0.001817 0.002667 0.003634
0 0.001334 0.001817 0.002667 0.003634
0 0.001334 0.001817 0.002667 0.003634
0 0.001334 0.001817 0.002667 0.003634
0 0.001334 0.001817 0.002667 0.003634
0 0.001334 0.001817 0.002667 0.003634
0 0.001334 0.001817 0.002667 0.003634
0 0.001334 0.001817 0.002667 0.003634
0 0.001334 0.001817 0.002667 0.003634
0 0.001334 0.001817 0.002667 0.003634
0 0.001334 0.001817 0.002667 0.003634
0 0.001334 0.001817 0.002667 0.003634
0 0.001334 0.001817 0.002667 0.003634
0 0.001334 0.001817 0.002667 0.003634
0 0.001334 0.001817 0.002667 0.003634
0 0.001334 0.001817 0.002667 0.003634
0 0.001334 0.001817 0.002667 0.003634
0 0.001334 0.001817 0.002667 0.003634
0 0.001334 0.001817 0.002667 0.003634
0 0.001334 0.001817 0.002667 0.003634
0 0.001334 0.001817 0.002667 0.003634
0 0.001334 0.001817 0.002667 0.003634
0 0.001334 0.001817 0.002667 0.003634
0 0.001334 0.001817 0.002667 0.003634
0 0.001334 0.001817 0.002667 0.003634
0 0.001334 0.001817 0.002667 0.003634
0 0.001334 0.001817 0.002667 0.003634
0 0.001334 0.001817 0.002667 0.003634
0 0.001334 0.001817 0.002667 0.003634
0 0.001576 0.001817 0.003152 0.003634
0 0.001334 0.001817 0.002667 0.003634
0 0.001334 0.001817 0.002667 0.003634
0 0.001576 0.001817 0.003152 0.003634
0 0.001334 0.001817 0.002667 0.003634
0 0.001334 0.001817 0.002667 0.003634
0 0.001334 0.001817 0.002667 0.003634
0 0.001334 0.001817 0.002667 0.003634
0 0.001576 0.001817 0.003152 0.003634
0 0.001576 0.001817 0.003152 0.003634
0 0.001334 0.001817 0.002667 0.003634
0 0.001334 0.001817 0.002667 0.003634
0 0.001334 0.001817 0.002667 0.003634
0 0.001576 0.001817 0.003152 0.003634
0 0.001334 0.001817 0.002667 0.003634
0 0.001334 0.001817 0.002667 0.003634
0 0.001334 0.001817 0.002667 0.003634
0 0.001334 0.001817 0.002667 0.003634
0 0.001576 0.001817 0.003152 0.003634
0 0.001334 0.001817 0.002667 0.003634
0 0.001334 0.001817 0.002667 0.003634
0 0.001334 0.001817 0.002667 0.003634
0 0.001334 0.001817 0.002667 0.003634
0 0.001334 0.001817 0.002667 0.003634
0 0.001334 0.001817 0.002667 0.003634
0 0.001334 0.001817 0.002667 0.003634
0 0.001334 0.001817 0.002667 0.003634
0 0.001334 0.001817 0.002667 0.003634
0 0.001334 0.001817 0.002667 0.003634
0 0.001334 0.001817 0.002667 0.003634
0 0.001334 0.001817 0.002667 0.003634
0 0.001334 0.001817 0.002667 0.003634
0 0.001334 0.001817 0.002667 0.003634
0 0.001334 0.001817 0.002667 0.003634