0 0.005729 0.007812 0.011458 0.015625
0 0.005729 0.007812 0.011458 0.015625
0 0.005729 0.007812 0.011458 0.015625
0 0.005729 0.007812 0.011458 0.015625
0 0.005729 0.007812 0.011458 0.015625
0 0.005729 0.007812 0.011458 0.015625
0 0.005729 0.007812 0.011458 0.015625
0 0.005729 0.007812 0.011458 0.015625
0 0.005729 0.007812 0.011458 0.015625
0 0.005729 0.007812 0.011458 0.015625
0 0.005729 0.007812 0.011458 0.015625
0 0.005729 0.007812 0.011458 0.015625
0 0.005729 0.007812 0.011458 0.015625
0 0.005729 0.007812 0.011458 0.015625
0 0.005729 0.007812 0.011458 0.015625
0 0.005729 0.007812 0.011458 0.015625
0 0.005729 0.007812 0.011458 0.015625
0 0.005729 0.007812 0.011458 0.015625
0 0.005729 0.007812 0.011458 0.015625
0 0.005729 0.007812 0.011458 0.015625
0 0.006771 0.007812 0.013542 0.015625
0 0.005729 0.007812 0.011458 0.015625
0 0.005729 0.007812 0.011458 0.015625
0 0.005729 0.007812 0.011458 0.015625
0 0.005729 0.007812 0.011458 0.015625
0 0.005729 0.007812 0.011458 0.015625
0 0.005729 0.007812 0.011458 0.015625
0 0.005729 0.007812 0.011458 0.015625
0 0.005729 0.007812 0.011458 0.015625
0 0.005729 0.007812 0.011458 0.015625
0 0.005729 0.007812 0.011458 0.015625
0 0.005729 0.007812 0.011458 0.015625
0 0.005729 0.007812 0.011458 0.015625
0 0.005729 0.007812 0.011458 0.015625
0 0.005729 0.007812 0.011458 0.015625
0 0.005729 0.007812 0.011458 0.015625
0 0.005729 0.007812 0.011458 0.015625
0 0.005729 0.007812 0.011458 0.015625
0 0.005729 0.007812 0.011458 0.015625
0 0.005729 0.007812 0.011458 0.015625
0 0.005729 0.007812 0.011458 0.015625
0 0.005729 0.007812 0.011458 0.015625
0 0.005729 0.007812 0.011458 0.015625
0 0.005729 0.007812 0.011458 0.015625
0 0.005729 0.007812 0.011458 0.015625