0 0.004297 0.006983 0.008594 0.013966
0 0.004297 0.006983 0.008594 0.013966
0 0.004297 0.006983 0.008594 0.013966
0 0.004297 0.006983 0.008594 0.013966
0 0.004297 0.006983 0.008594 0.013966
0 0.004297 0.006983 0.008594 0.013966
0 0.004297 0.006983 0.008594 0.013966
0 0.004297 0.006983 0.008594 0.013966
0 0.004297 0.006983 0.008594 0.013966
0 0.004297 0.006983 0.008594 0.013966
0 0.004297 0.006983 0.008594 0.013966
0 0.004297 0.006983 0.008594 0.013966
0 0.004297 0.006983 0.008594 0.013966
0 0.004297 0.006983 0.008594 0.013966
0 0.004297 0.006983 0.008594 0.013966
0 0.004297 0.006983 0.008594 0.013966
0 0.004297 0.006983 0.008594 0.013966
0 0.004297 0.006983 0.008594 0.013966
0 0.004297 0.006983 0.008594 0.013966
0 0.004297 0.006983 0.008594 0.013966
0 0.004297 0.006983 0.008594 0.013966
0 0.004297 0.006983 0.008594 0.013966
0 0.004297 0.006983 0.008594 0.013966
0 0.004297 0.006983 0.008594 0.013966
0 0.004297 0.006983 0.008594 0.013966
0 0.004297 0.006983 0.008594 0.013966
0 0.004297 0.006983 0.008594 0.013966
0 0.004297 0.006983 0.008594 0.013966
0 0.004687 0.006983 0.009375 0.013966
0 0.004297 0.006983 0.008594 0.013966
0 0.004297 0.006983 0.008594 0.013966
0 0.004297 0.006983 0.008594 0.013966
0 0.004297 0.006983 0.008594 0.013966
0 0.004297 0.006983 0.008594 0.013966
0 0.004297 0.006983 0.008594 0.013966
0 0.004297 0.006983 0.008594 0.013966
0 0.004297 0.006983 0.008594 0.013966
0 0.004297 0.006983 0.008594 0.013966
0 0.004297 0.006983 0.008594 0.013966
0 0.004297 0.006983 0.008594 0.013966
0 0.004297 0.006983 0.008594 0.013966
0 0.004687 0.006983 0.009375 0.013966
0 0.004297 0.006983 0.008594 0.013966
0 0.004297 0.006983 0.008594 0.013966
0 0.004297 0.006983 0.008594 0.013966
0 0.004297 0.006983 0.008594 0.013966
0 0.004297 0.006983 0.008594 0.013966