0 0.001591 0.002170 0.003183 0.004340
0 0.001591 0.002170 0.003183 0.004340
0 0.001591 0.002170 0.003183 0.004340
0 0.001591 0.002170 0.003183 0.004340
0 0.001591 0.002170 0.003183 0.004340
0 0.001591 0.002170 0.003183 0.004340
0 0.001591 0.002170 0.003183 0.004340
0 0.001591 0.002170 0.003183 0.004340
0 0.001591 0.002170 0.003183 0.004340
0 0.001591 0.002170 0.003183 0.004340
0 0.001591 0.002170 0.003183 0.004340
0 0.001591 0.002170 0.003183 0.004340
0 0.001591 0.002170 0.003183 0.004340
0 0.001591 0.002170 0.003183 0.004340
0 0.001591 0.002170 0.003183 0.004340
0 0.001591 0.002170 0.003183 0.004340
0 0.001591 0.002170 0.003183 0.004340
0 0.001591 0.002170 0.003183 0.004340
0 0.001591 0.002170 0.003183 0.004340
0 0.001591 0.002170 0.003183 0.004340
0 0.001591 0.002170 0.003183 0.004340
0 0.001591 0.002170 0.003183 0.004340
0 0.001591 0.002170 0.003183 0.004340
0 0.001591 0.002170 0.003183 0.004340
0 0.001591 0.002170 0.003183 0.004340
0 0.001591 0.002170 0.003183 0.004340
0 0.001591 0.002170 0.003183 0.004340
0 0.001591 0.002170 0.003183 0.004340
0 0.001591 0.002170 0.003183 0.004340
0 0.001591 0.002170 0.003183 0.004340
0 0.001591 0.002170 0.003183 0.004340
0 0.001591 0.002170 0.003183 0.004340
0 0.001591 0.002170 0.003183 0.004340
0 0.001591 0.002170 0.003183 0.004340
0 0.001591 0.002170 0.003183 0.004340
0 0.001591 0.002170 0.003183 0.004340
0 0.001591 0.002170 0.003183 0.004340
0 0.001591 0.002170 0.003183 0.004340
0 0.001591 0.002170 0.003183 0.004340
0 0.001591 0.002170 0.003183 0.004340
0 0.001591 0.002170 0.003183 0.004340
0 0.001591 0.002170 0.003183 0.004340
0 0.001591 0.002170 0.003183 0.004340
0 0.001591 0.002170 0.003183 0.004340
0 0.001591 0.002170 0.003183 0.004340