0 0.009167 0.014793 0.018333 0.029586
0 0.009167 0.014793 0.018333 0.029586
0 0.009167 0.014793 0.018333 0.029586
0 0.009167 0.014793 0.018333 0.029586
0 0.009167 0.014793 0.018333 0.029586
0 0.010000 0.014793 0.020000 0.029586
0 0.010000 0.014793 0.020000 0.029586
0 0.009167 0.014793 0.018333 0.029586
0 0.009167 0.014793 0.018333 0.029586
0 0.009167 0.014793 0.018333 0.029586
0 0.009167 0.014793 0.018333 0.029586
0 0.009167 0.016272 0.018333 0.032544
0 0.009167 0.014793 0.018333 0.029586
0 0.010000 0.016272 0.020000 0.032544
0 0.009167 0.014793 0.018333 0.029586
0 0.009167 0.014793 0.018333 0.029586
0 0.009167 0.016272 0.018333 0.032544
0 0.009167 0.014793 0.018333 0.029586
0 0.009167 0.016272 0.018333 0.032544
0 0.009167 0.014793 0.018333 0.029586
0 0.009167 0.014793 0.018333 0.029586
0 0.010000 0.016272 0.020000 0.032544
0 0.009167 0.014793 0.018333 0.029586
0 0.009167 0.014793 0.018333 0.029586
0 0.009167 0.014793 0.018333 0.029586
0 0.009167 0.014793 0.018333 0.029586
0 0.009167 0.014793 0.018333 0.029586
0 0.009167 0.014793 0.018333 0.029586
0 0.009167 0.014793 0.018333 0.029586
0 0.009167 0.014793 0.018333 0.029586
0 0.009167 0.014793 0.018333 0.029586
0 0.009167 0.014793 0.018333 0.029586
0 0.009167 0.014793 0.018333 0.029586
0 0.009167 0.014793 0.018333 0.029586
0 0.010000 0.014793 0.020000 0.029586
0 0.010000 0.014793 0.020000 0.029586
0 0.009167 0.014793 0.018333 0.029586
0 0.009167 0.016272 0.018333 0.032544
0 0.009167 0.016272 0.018333 0.032544
0 0.010000 0.014793 0.020000 0.029586
0 0.009167 0.016272 0.018333 0.032544
0 0.010000 0.014793 0.020000 0.029586
0 0.009167 0.014793 0.018333 0.029586
0 0.010000 0.014793 0.020000 0.029586
0 0.009167 0.016272 0.018333 0.032544
0 0.010000 0.014793 0.020000 0.029586
0 0.009167 0.014793 0.018333 0.029586
0 0.009167 0.014793 0.018333 0.029586
0 0.009167 0.014793 0.018333 0.029586
0 0.009167 0.014793 0.018333 0.029586
0 0.009167 0.016272 0.018333 0.032544
0 0.009167 0.014793 0.018333 0.029586
0 0.009167 0.014793 0.018333 0.029586
0 0.009167 0.014793 0.018333 0.029586
0 0.009167 0.016272 0.018333 0.032544
0 0.009167 0.014793 0.018333 0.029586
0 0.009167 0.014793 0.018333 0.029586
0 0.009167 0.014793 0.018333 0.029586
0 0.009167 0.014793 0.018333 0.029586
0 0.009167 0.014793 0.018333 0.029586
0 0.009167 0.014793 0.018333 0.029586
0 0.009167 0.016272 0.018333 0.032544
0 0.009167 0.014793 0.018333 0.029586
0 0.010000 0.014793 0.020000 0.029586
0 0.009167 0.014793 0.018333 0.029586
0 0.009167 0.014793 0.018333 0.029586
0 0.009167 0.014793 0.018333 0.029586
0 0.009167 0.014793 0.018333 0.029586
0 0.009167 0.014793 0.018333 0.029586
0 0.009167 0.016272 0.018333 0.032544
0 0.009167 0.014793 0.018333 0.029586
0 0.009167 0.016272 0.018333 0.032544
0 0.009167 0.016272 0.018333 0.032544
0 0.009167 0.014793 0.018333 0.029586
0 0.009167 0.014793 0.018333 0.029586
0 0.009167 0.014793 0.018333 0.029586
0 0.010000 0.016272 0.020000 0.032544
0 0.009167 0.014793 0.018333 0.029586
0 0.010000 0.016272 0.020000 0.032544
0 0.009167 0.014793 0.018333 0.029586
0 0.009167 0.014793 0.018333 0.029586
0 0.009167 0.014793 0.018333 0.029586
0 0.009167 0.014793 0.018333 0.029586
0 0.009167 0.014793 0.018333 0.029586
0 0.010000 0.014793 0.020000 0.029586
0 0.009167 0.014793 0.018333 0.029586
0 0.009167 0.014793 0.018333 0.029586
0 0.009167 0.014793 0.018333 0.029586
0 0.009167 0.014793 0.018333 0.029586
0 0.009167 0.014793 0.018333 0.029586
0 0.010000 0.014793 0.020000 0.029586
0 0.009167 0.014793 0.018333 0.029586
0 0.009167 0.014793 0.018333 0.029586
0 0.010000 0.014793 0.020000 0.029586
0 0.010000 0.014793 0.020000 0.029586
0 0.009167 0.014793 0.018333 0.029586
0 0.009167 0.014793 0.018333 0.029586
0 0.009167 0.014793 0.018333 0.029586
0 0.009167 0.016272 0.018333 0.032544
0 0.009167 0.016272 0.018333 0.032544
0 0.009167 0.014793 0.018333 0.029586
0 0.010000 0.014793 0.020000 0.029586
0 0.009167 0.014793 0.018333 0.029586
0 0.009167 0.014793 0.018333 0.029586
0 0.009167 0.016272 0.018333 0.032544
0 0.010000 0.014793 0.020000 0.029586
0 0.009167 0.014793 0.018333 0.029586
0 0.010000 0.014793 0.020000 0.029586
0 0.009167 0.014793 0.018333 0.029586
0 0.009167 0.016272 0.018333 0.032544
0 0.009167 0.014793 0.018333 0.029586
0 0.009167 0.014793 0.018333 0.029586
0 0.009167 0.016272 0.018333 0.032544
0 0.009167 0.014793 0.018333 0.029586
0 0.009167 0.014793 0.018333 0.029586
0 0.010000 0.014793 0.020000 0.029586
0 0.009167 0.014793 0.018333 0.029586
0 0.009167 0.014793 0.018333 0.029586
0 0.009167 0.014793 0.018333 0.029586
0 0.009167 0.014793 0.018333 0.029586
0 0.009167 0.016272 0.018333 0.032544
0 0.009167 0.014793 0.018333 0.029586
0 0.009167 0.014793 0.018333 0.029586
0 0.009167 0.014793 0.018333 0.029586
0 0.009167 0.016272 0.018333 0.032544
0 0.009167 0.014793 0.018333 0.029586
0 0.010000 0.014793 0.020000 0.029586
0 0.009167 0.014793 0.018333 0.029586
0 0.009167 0.014793 0.018333 0.029586
0 0.010000 0.014793 0.020000 0.029586
0 0.009167 0.014793 0.018333 0.029586
0 0.009167 0.014793 0.018333 0.029586
0 0.009167 0.014793 0.018333 0.029586
0 0.009167 0.014793 0.018333 0.029586
0 0.009167 0.016272 0.018333 0.032544
0 0.009167 0.014793 0.018333 0.029586
0 0.009167 0.014793 0.018333 0.029586
0 0.009167 0.014793 0.018333 0.029586
0 0.009167 0.014793 0.018333 0.029586
0 0.009167 0.014793 0.018333 0.029586
0 0.009167 0.014793 0.018333 0.029586
0 0.009167 0.014793 0.018333 0.029586
0 0.009167 0.014793 0.018333 0.029586
0 0.009167 0.014793 0.018333 0.029586
0 0.009167 0.014793 0.018333 0.029586
0 0.009167 0.014793 0.018333 0.029586
0 0.009167 0.016272 0.018333 0.032544
0 0.009167 0.014793 0.018333 0.029586
0 0.009167 0.014793 0.018333 0.029586
0 0.009167 0.014793 0.018333 0.029586
0 0.009167 0.014793 0.018333 0.029586
0 0.009167 0.014793 0.018333 0.029586
0 0.009167 0.014793 0.018333 0.029586
0 0.010000 0.016272 0.020000 0.032544