0 0.006691 0.008403 0.013382 0.016807
0 0.006691 0.008403 0.013382 0.016807
0 0.006691 0.008403 0.013382 0.016807
0 0.006691 0.008403 0.013382 0.016807
0 0.006691 0.008403 0.013382 0.016807
0 0.006691 0.008403 0.013382 0.016807
0 0.006691 0.008403 0.013382 0.016807
0 0.006691 0.009244 0.013382 0.018487
0 0.006691 0.008403 0.013382 0.016807
0 0.006691 0.009244 0.013382 0.018487
0 0.006691 0.008403 0.013382 0.016807
0 0.006691 0.009244 0.013382 0.018487
0 0.006691 0.008403 0.013382 0.016807
0 0.006691 0.008403 0.013382 0.016807
0 0.006691 0.008403 0.013382 0.016807
0 0.006691 0.008403 0.013382 0.016807
0 0.006691 0.008403 0.013382 0.016807
0 0.006691 0.008403 0.013382 0.016807
0 0.006691 0.008403 0.013382 0.016807
0 0.006691 0.009244 0.013382 0.018487
0 0.006691 0.008403 0.013382 0.016807
0 0.006691 0.008403 0.013382 0.016807
0 0.006691 0.009244 0.013382 0.018487
0 0.006691 0.009244 0.013382 0.018487
0 0.006691 0.008403 0.013382 0.016807
0 0.006691 0.009244 0.013382 0.018487
0 0.006691 0.009244 0.013382 0.018487
0 0.006691 0.008403 0.013382 0.016807
0 0.006691 0.008403 0.013382 0.016807
0 0.006691 0.009244 0.013382 0.018487
0 0.006691 0.009244 0.013382 0.018487
0 0.006691 0.008403 0.013382 0.016807
0 0.006691 0.008403 0.013382 0.016807