0 0.009167 0.014749 0.018333 0.029499
0 0.009167 0.014749 0.018333 0.029499
0 0.009167 0.014749 0.018333 0.029499
0 0.009167 0.014749 0.018333 0.029499
0 0.009167 0.014749 0.018333 0.029499
0 0.009167 0.014749 0.018333 0.029499
0 0.009167 0.014749 0.018333 0.029499
0 0.009167 0.014749 0.018333 0.029499
0 0.009167 0.014749 0.018333 0.029499
0 0.009167 0.014749 0.018333 0.029499
0 0.009167 0.014749 0.018333 0.029499
0 0.009167 0.014749 0.018333 0.029499
0 0.009167 0.014749 0.018333 0.029499
0 0.009167 0.014749 0.018333 0.029499
0 0.009167 0.014749 0.018333 0.029499
0 0.009167 0.014749 0.018333 0.029499
0 0.009167 0.014749 0.018333 0.029499
0 0.009167 0.014749 0.018333 0.029499