0 0.001298 0.001908 0.002596 0.003815
0 0.001298 0.001908 0.002596 0.003815
0 0.001298 0.001908 0.002596 0.003815
0 0.001298 0.001908 0.002596 0.003815
0 0.001298 0.001908 0.002596 0.003815
0 0.001416 0.001908 0.002832 0.003815
0 0.001298 0.001908 0.002596 0.003815
0 0.001298 0.001908 0.002596 0.003815
0 0.001298 0.001908 0.002596 0.003815
0 0.001298 0.001908 0.002596 0.003815
0 0.001298 0.001908 0.002596 0.003815
0 0.001298 0.001908 0.002596 0.003815
0 0.001298 0.001908 0.002596 0.003815
0 0.001298 0.001908 0.002596 0.003815
0 0.001298 0.001908 0.002596 0.003815
0 0.001298 0.001908 0.002596 0.003815
0 0.001298 0.001908 0.002596 0.003815
0 0.001298 0.001908 0.002596 0.003815
0 0.001298 0.001908 0.002596 0.003815
0 0.001298 0.001908 0.002596 0.003815
0 0.001298 0.001908 0.002596 0.003815
0 0.001298 0.001908 0.002596 0.003815
0 0.001298 0.001908 0.002596 0.003815
0 0.001298 0.001908 0.002596 0.003815
0 0.001298 0.001908 0.002596 0.003815
0 0.001298 0.001908 0.002596 0.003815
0 0.001298 0.001908 0.002596 0.003815
0 0.001298 0.001908 0.002596 0.003815
0 0.001298 0.002098 0.002596 0.004197
0 0.001298 0.001908 0.002596 0.003815
0 0.001298 0.001908 0.002596 0.003815
0 0.001298 0.001908 0.002596 0.003815
0 0.001298 0.001908 0.002596 0.003815
0 0.001298 0.001908 0.002596 0.003815
0 0.001298 0.001908 0.002596 0.003815
0 0.001298 0.001908 0.002596 0.003815
0 0.001298 0.001908 0.002596 0.003815
0 0.001298 0.001908 0.002596 0.003815
0 0.001298 0.001908 0.002596 0.003815
0 0.001298 0.001908 0.002596 0.003815
0 0.001298 0.001908 0.002596 0.003815
0 0.001298 0.001908 0.002596 0.003815
0 0.001298 0.001908 0.002596 0.003815
0 0.001298 0.001908 0.002596 0.003815
0 0.001298 0.001908 0.002596 0.003815
0 0.001298 0.001908 0.002596 0.003815
0 0.001298 0.001908 0.002596 0.003815
0 0.001416 0.001908 0.002832 0.003815
0 0.001298 0.001908 0.002596 0.003815
0 0.001298 0.001908 0.002596 0.003815
0 0.001298 0.001908 0.002596 0.003815
0 0.001298 0.001908 0.002596 0.003815
0 0.001298 0.001908 0.002596 0.003815
0 0.001298 0.001908 0.002596 0.003815
0 0.001298 0.001908 0.002596 0.003815
0 0.001298 0.001908 0.002596 0.003815