0 0.004825 0.006588 0.009649 0.013175
0 0.004825 0.007246 0.009649 0.014493
0 0.004825 0.006588 0.009649 0.013175
0 0.004825 0.007246 0.009649 0.014493
0 0.004825 0.006588 0.009649 0.013175
0 0.004825 0.006588 0.009649 0.013175
0 0.004825 0.006588 0.009649 0.013175
0 0.004825 0.007246 0.009649 0.014493
0 0.004825 0.006588 0.009649 0.013175
0 0.004825 0.006588 0.009649 0.013175
0 0.004825 0.006588 0.009649 0.013175
0 0.004825 0.006588 0.009649 0.013175
0 0.004825 0.006588 0.009649 0.013175
0 0.004825 0.007246 0.009649 0.014493
0 0.004825 0.006588 0.009649 0.013175
0 0.004825 0.006588 0.009649 0.013175
0 0.004825 0.006588 0.009649 0.013175
0 0.004825 0.006588 0.009649 0.013175
0 0.004825 0.006588 0.009649 0.013175
0 0.004825 0.006588 0.009649 0.013175
0 0.004825 0.006588 0.009649 0.013175
0 0.004825 0.006588 0.009649 0.013175
0 0.004825 0.006588 0.009649 0.013175
0 0.004825 0.006588 0.009649 0.013175