0 0.007948 0.013889 0.015896 0.027778
0 0.007948 0.013889 0.015896 0.027778
0 0.007948 0.013889 0.015896 0.027778
0 0.007948 0.013889 0.015896 0.027778
0 0.007948 0.013889 0.015896 0.027778
0 0.007948 0.013889 0.015896 0.027778
0 0.007948 0.013889 0.015896 0.027778
0 0.007948 0.013889 0.015896 0.027778
0 0.007948 0.013889 0.015896 0.027778
0 0.007948 0.013889 0.015896 0.027778
0 0.007948 0.013889 0.015896 0.027778
0 0.007948 0.013889 0.015896 0.027778
0 0.007948 0.013889 0.015896 0.027778
0 0.007948 0.013889 0.015896 0.027778
0 0.007948 0.013889 0.015896 0.027778
0 0.007948 0.013889 0.015896 0.027778