0 0.007857 0.010707 0.015714 0.021413
0 0.007857 0.010707 0.015714 0.021413
0 0.007857 0.010707 0.015714 0.021413
0 0.007857 0.010707 0.015714 0.021413
0 0.007857 0.010707 0.015714 0.021413
0 0.007857 0.010707 0.015714 0.021413
0 0.007857 0.010707 0.015714 0.021413
0 0.007857 0.010707 0.015714 0.021413
0 0.007857 0.010707 0.015714 0.021413
0 0.007857 0.010707 0.015714 0.021413
0 0.007857 0.010707 0.015714 0.021413
0 0.007857 0.010707 0.015714 0.021413
0 0.007857 0.010707 0.015714 0.021413
0 0.007857 0.010707 0.015714 0.021413
0 0.007857 0.010707 0.015714 0.021413
0 0.007857 0.010707 0.015714 0.021413
0 0.007857 0.010707 0.015714 0.021413
0 0.007857 0.010707 0.015714 0.021413
0 0.007857 0.010707 0.015714 0.021413
0 0.007857 0.010707 0.015714 0.021413
0 0.007857 0.010707 0.015714 0.021413
0 0.007857 0.010707 0.015714 0.021413
0 0.007857 0.010707 0.015714 0.021413
0 0.007857 0.010707 0.015714 0.021413
0 0.007857 0.010707 0.015714 0.021413
0 0.007857 0.010707 0.015714 0.021413
0 0.009286 0.010707 0.018571 0.021413
0 0.007857 0.010707 0.015714 0.021413
0 0.007857 0.010707 0.015714 0.021413
0 0.007857 0.010707 0.015714 0.021413
0 0.007857 0.010707 0.015714 0.021413
0 0.007857 0.010707 0.015714 0.021413
0 0.007857 0.010707 0.015714 0.021413
0 0.007857 0.010707 0.015714 0.021413
0 0.007857 0.010707 0.015714 0.021413
0 0.007857 0.010707 0.015714 0.021413
0 0.007857 0.010707 0.015714 0.021413
0 0.007857 0.010707 0.015714 0.021413
0 0.007857 0.010707 0.015714 0.021413
0 0.007857 0.010707 0.015714 0.021413
0 0.007857 0.010707 0.015714 0.021413
0 0.007857 0.010707 0.015714 0.021413
0 0.007857 0.010707 0.015714 0.021413
0 0.007857 0.010707 0.015714 0.021413
0 0.007857 0.010707 0.015714 0.021413
0 0.007857 0.010707 0.015714 0.021413
0 0.007857 0.010707 0.015714 0.021413
0 0.007857 0.010707 0.015714 0.021413
0 0.007857 0.010707 0.015714 0.021413
0 0.007857 0.010707 0.015714 0.021413
0 0.007857 0.010707 0.015714 0.021413
0 0.007857 0.010707 0.015714 0.021413
0 0.007857 0.010707 0.015714 0.021413
0 0.007857 0.010707 0.015714 0.021413
0 0.007857 0.010707 0.015714 0.021413
0 0.007857 0.010707 0.015714 0.021413
0 0.007857 0.010707 0.015714 0.021413
0 0.007857 0.010707 0.015714 0.021413
0 0.007857 0.010707 0.015714 0.021413
0 0.007857 0.010707 0.015714 0.021413
0 0.007857 0.010707 0.015714 0.021413
0 0.007857 0.010707 0.015714 0.021413
0 0.007857 0.010707 0.015714 0.021413
0 0.007857 0.010707 0.015714 0.021413
0 0.007857 0.010707 0.015714 0.021413
0 0.007857 0.010707 0.015714 0.021413
0 0.007857 0.010707 0.015714 0.021413
0 0.007857 0.010707 0.015714 0.021413
0 0.007857 0.010707 0.015714 0.021413
0 0.007857 0.010707 0.015714 0.021413
0 0.007857 0.010707 0.015714 0.021413
0 0.007857 0.010707 0.015714 0.021413
0 0.007857 0.010707 0.015714 0.021413
0 0.007857 0.010707 0.015714 0.021413
0 0.007857 0.010707 0.015714 0.021413
0 0.007857 0.010707 0.015714 0.021413
0 0.007857 0.010707 0.015714 0.021413
0 0.007857 0.010707 0.015714 0.021413
0 0.007857 0.010707 0.015714 0.021413
0 0.007857 0.010707 0.015714 0.021413
0 0.007857 0.010707 0.015714 0.021413
0 0.007857 0.010707 0.015714 0.021413
0 0.007857 0.010707 0.015714 0.021413
0 0.007857 0.010707 0.015714 0.021413
0 0.007857 0.010707 0.015714 0.021413
0 0.007857 0.010707 0.015714 0.021413
0 0.007857 0.010707 0.015714 0.021413