0 0.005500 0.007508 0.011000 0.015015
0 0.005500 0.007508 0.011000 0.015015
0 0.005500 0.007508 0.011000 0.015015
0 0.006000 0.007508 0.012000 0.015015
0 0.005500 0.007508 0.011000 0.015015
0 0.005500 0.007508 0.011000 0.015015
0 0.005500 0.007508 0.011000 0.015015
0 0.005500 0.007508 0.011000 0.015015
0 0.005500 0.007508 0.011000 0.015015
0 0.005500 0.007508 0.011000 0.015015
0 0.005500 0.007508 0.011000 0.015015
0 0.005500 0.007508 0.011000 0.015015
0 0.005500 0.007508 0.011000 0.015015
0 0.005500 0.007508 0.011000 0.015015
0 0.005500 0.007508 0.011000 0.015015
0 0.005500 0.007508 0.011000 0.015015
0 0.005500 0.007508 0.011000 0.015015
0 0.005500 0.007508 0.011000 0.015015
0 0.005500 0.007508 0.011000 0.015015
0 0.005500 0.007508 0.011000 0.015015
0 0.005500 0.007508 0.011000 0.015015
0 0.005500 0.007508 0.011000 0.015015
0 0.005500 0.007508 0.011000 0.015015
0 0.005500 0.007508 0.011000 0.015015
0 0.005500 0.007508 0.011000 0.015015
0 0.005500 0.007508 0.011000 0.015015
0 0.005500 0.007508 0.011000 0.015015
0 0.005500 0.007508 0.011000 0.015015
0 0.005500 0.007508 0.011000 0.015015
0 0.005500 0.007508 0.011000 0.015015
0 0.005500 0.007508 0.011000 0.015015
0 0.005500 0.007508 0.011000 0.015015
0 0.005500 0.007508 0.011000 0.015015
0 0.005500 0.007508 0.011000 0.015015
0 0.005500 0.007508 0.011000 0.015015
0 0.006000 0.007508 0.012000 0.015015
0 0.005500 0.007508 0.011000 0.015015
0 0.005500 0.007508 0.011000 0.015015
0 0.005500 0.007508 0.011000 0.015015
0 0.005500 0.007508 0.011000 0.015015
0 0.005500 0.007508 0.011000 0.015015
0 0.005500 0.007508 0.011000 0.015015
0 0.005500 0.007508 0.011000 0.015015
0 0.005500 0.007508 0.011000 0.015015
0 0.005500 0.007508 0.011000 0.015015
0 0.005500 0.007508 0.011000 0.015015
0 0.005500 0.007508 0.011000 0.015015
0 0.005500 0.007508 0.011000 0.015015
0 0.005500 0.007508 0.011000 0.015015
0 0.005500 0.007508 0.011000 0.015015
0 0.005500 0.007508 0.011000 0.015015
0 0.005500 0.007508 0.011000 0.015015
0 0.005500 0.007508 0.011000 0.015015
0 0.005500 0.007508 0.011000 0.015015
0 0.005500 0.007508 0.011000 0.015015
0 0.005500 0.007508 0.011000 0.015015
0 0.005500 0.007508 0.011000 0.015015
0 0.005500 0.007508 0.011000 0.015015
0 0.005500 0.007508 0.011000 0.015015
0 0.005500 0.007508 0.011000 0.015015
0 0.005500 0.007508 0.011000 0.015015
0 0.005500 0.007508 0.011000 0.015015
0 0.005500 0.007508 0.011000 0.015015
0 0.005500 0.007508 0.011000 0.015015
0 0.005500 0.007508 0.011000 0.015015
0 0.005500 0.007508 0.011000 0.015015
0 0.005500 0.007508 0.011000 0.015015
0 0.005500 0.007508 0.011000 0.015015
0 0.005500 0.007508 0.011000 0.015015
0 0.005500 0.007508 0.011000 0.015015
0 0.005500 0.007508 0.011000 0.015015
0 0.005500 0.007508 0.011000 0.015015
0 0.005500 0.007508 0.011000 0.015015
0 0.005500 0.007508 0.011000 0.015015
0 0.005500 0.007508 0.011000 0.015015
0 0.005500 0.007508 0.011000 0.015015
0 0.005500 0.007508 0.011000 0.015015
0 0.005500 0.007508 0.011000 0.015015
0 0.005500 0.007508 0.011000 0.015015
0 0.005500 0.007508 0.011000 0.015015
0 0.005500 0.007508 0.011000 0.015015
0 0.005500 0.007508 0.011000 0.015015
0 0.005500 0.007508 0.011000 0.015015
0 0.005500 0.007508 0.011000 0.015015
0 0.005500 0.007508 0.011000 0.015015
0 0.005500 0.007508 0.011000 0.015015
0 0.005500 0.007508 0.011000 0.015015
0 0.005500 0.007508 0.011000 0.015015
0 0.005500 0.007508 0.011000 0.015015
0 0.005500 0.007508 0.011000 0.015015