0 0.003056 0.004174 0.006111 0.008347
0 0.003056 0.004591 0.006111 0.009182
0 0.003056 0.004591 0.006111 0.009182
0 0.003056 0.004591 0.006111 0.009182
0 0.003056 0.004174 0.006111 0.008347
0 0.003056 0.004174 0.006111 0.008347
0 0.003056 0.004174 0.006111 0.008347
0 0.003056 0.004174 0.006111 0.008347
0 0.003056 0.004174 0.006111 0.008347
0 0.003056 0.004591 0.006111 0.009182
0 0.003056 0.004174 0.006111 0.008347
0 0.003056 0.004174 0.006111 0.008347
0 0.003056 0.004174 0.006111 0.008347
0 0.003056 0.004174 0.006111 0.008347
0 0.003056 0.004591 0.006111 0.009182