0 0.008758 0.014085 0.017516 0.028169
0 0.008758 0.014085 0.017516 0.028169
0 0.008758 0.014085 0.017516 0.028169
0 0.008758 0.014085 0.017516 0.028169
0 0.008758 0.014085 0.017516 0.028169
0 0.008758 0.014085 0.017516 0.028169
0 0.008758 0.014085 0.017516 0.028169
0 0.008758 0.014085 0.017516 0.028169
0 0.008758 0.014085 0.017516 0.028169
0 0.008758 0.014085 0.017516 0.028169
0 0.008758 0.014085 0.017516 0.028169
0 0.008758 0.014085 0.017516 0.028169
0 0.008758 0.014085 0.017516 0.028169
0 0.008758 0.014085 0.017516 0.028169
0 0.008758 0.014085 0.017516 0.028169
0 0.008758 0.014085 0.017516 0.028169
0 0.008758 0.014085 0.017516 0.028169
0 0.008758 0.014085 0.017516 0.028169
0 0.008758 0.014085 0.017516 0.028169
0 0.008758 0.014085 0.017516 0.028169
0 0.008758 0.014085 0.017516 0.028169
0 0.008758 0.014085 0.017516 0.028169
0 0.008758 0.014085 0.017516 0.028169
0 0.008758 0.014085 0.017516 0.028169
0 0.008758 0.014085 0.017516 0.028169
0 0.008758 0.014085 0.017516 0.028169