0 0.008209 0.011211 0.016418 0.022422
0 0.008209 0.011211 0.016418 0.022422
0 0.008209 0.011211 0.016418 0.022422
0 0.008209 0.011211 0.016418 0.022422
0 0.008209 0.011211 0.016418 0.022422
0 0.008209 0.011211 0.016418 0.022422
0 0.008209 0.011211 0.016418 0.022422
0 0.008209 0.011211 0.016418 0.022422
0 0.008209 0.011211 0.016418 0.022422
0 0.008209 0.011211 0.016418 0.022422
0 0.008209 0.011211 0.016418 0.022422
0 0.008209 0.011211 0.016418 0.022422
0 0.008209 0.011211 0.016418 0.022422
0 0.008209 0.011211 0.016418 0.022422
0 0.008209 0.011211 0.016418 0.022422
0 0.008209 0.011211 0.016418 0.022422
0 0.008209 0.011211 0.016418 0.022422
0 0.008209 0.011211 0.016418 0.022422
0 0.008209 0.011211 0.016418 0.022422
0 0.008209 0.011211 0.016418 0.022422