0 0.008800 0.012500 0.017600 0.025000
0 0.008800 0.012500 0.017600 0.025000
0 0.008800 0.012500 0.017600 0.025000
0 0.008800 0.012500 0.017600 0.025000
0 0.008800 0.012500 0.017600 0.025000
0 0.008800 0.012500 0.017600 0.025000
0 0.008800 0.012500 0.017600 0.025000
0 0.008800 0.012500 0.017600 0.025000
0 0.008800 0.012500 0.017600 0.025000
0 0.008800 0.012500 0.017600 0.025000
0 0.008800 0.012500 0.017600 0.025000
0 0.008800 0.012500 0.017600 0.025000
0 0.008800 0.012500 0.017600 0.025000
0 0.008800 0.012500 0.017600 0.025000
0 0.008800 0.012500 0.017600 0.025000
0 0.008800 0.012500 0.017600 0.025000
0 0.008800 0.012500 0.017600 0.025000
0 0.008800 0.012500 0.017600 0.025000
0 0.008800 0.012500 0.017600 0.025000
0 0.008800 0.012500 0.017600 0.025000
0 0.008800 0.012500 0.017600 0.025000
0 0.008800 0.012500 0.017600 0.025000
0 0.008800 0.012500 0.017600 0.025000
0 0.008800 0.012500 0.017600 0.025000
0 0.008800 0.012500 0.017600 0.025000
0 0.008800 0.012500 0.017600 0.025000
0 0.008800 0.012500 0.017600 0.025000
0 0.008800 0.012500 0.017600 0.025000
0 0.008800 0.012500 0.017600 0.025000
0 0.008800 0.012500 0.017600 0.025000
0 0.008800 0.012500 0.017600 0.025000
0 0.008800 0.012500 0.017600 0.025000
0 0.008800 0.012500 0.017600 0.025000
0 0.008800 0.012500 0.017600 0.025000
0 0.008800 0.012500 0.017600 0.025000
0 0.008800 0.012500 0.017600 0.025000
0 0.008800 0.012500 0.017600 0.025000
0 0.008800 0.012500 0.017600 0.025000
0 0.008800 0.012500 0.017600 0.025000
0 0.008800 0.012500 0.017600 0.025000
0 0.008800 0.012500 0.017600 0.025000
0 0.008800 0.012500 0.017600 0.025000
0 0.008800 0.012500 0.017600 0.025000
0 0.009600 0.012500 0.019200 0.025000
0 0.008800 0.012500 0.017600 0.025000
0 0.008800 0.012500 0.017600 0.025000
0 0.008800 0.012500 0.017600 0.025000
0 0.008800 0.012500 0.017600 0.025000
0 0.008800 0.012500 0.017600 0.025000
0 0.008800 0.012500 0.017600 0.025000
0 0.008800 0.012500 0.017600 0.025000
0 0.008800 0.012500 0.017600 0.025000
0 0.008800 0.012500 0.017600 0.025000
0 0.008800 0.012500 0.017600 0.025000
0 0.008800 0.012500 0.017600 0.025000
0 0.008800 0.012500 0.017600 0.025000
0 0.008800 0.012500 0.017600 0.025000
0 0.008800 0.012500 0.017600 0.025000
0 0.009600 0.012500 0.019200 0.025000