0 0.005371 0.007553 0.010742 0.015106
0 0.005371 0.007553 0.010742 0.015106
0 0.005371 0.007553 0.010742 0.015106
0 0.005371 0.007553 0.010742 0.015106
0 0.005371 0.007553 0.010742 0.015106
0 0.005371 0.007553 0.010742 0.015106
0 0.005371 0.007553 0.010742 0.015106
0 0.005371 0.007553 0.010742 0.015106
0 0.005371 0.007553 0.010742 0.015106
0 0.005371 0.007553 0.010742 0.015106
0 0.005371 0.007553 0.010742 0.015106
0 0.005371 0.007553 0.010742 0.015106
0 0.005371 0.007553 0.010742 0.015106
0 0.005371 0.007553 0.010742 0.015106
0 0.005371 0.007553 0.010742 0.015106
0 0.005371 0.007553 0.010742 0.015106
0 0.005371 0.007553 0.010742 0.015106
0 0.005371 0.007553 0.010742 0.015106
0 0.005371 0.007553 0.010742 0.015106
0 0.005371 0.007553 0.010742 0.015106
0 0.005371 0.007553 0.010742 0.015106
0 0.005371 0.007553 0.010742 0.015106
0 0.005371 0.007553 0.010742 0.015106
0 0.005371 0.007553 0.010742 0.015106
0 0.005371 0.007553 0.010742 0.015106
0 0.005371 0.007553 0.010742 0.015106
0 0.005371 0.007553 0.010742 0.015106