0 0.005556 0.014577 0.011111 0.029155
0 0.006061 0.014577 0.012121 0.029155
0 0.006061 0.014577 0.012121 0.029155
0 0.005556 0.014577 0.011111 0.029155
0 0.005556 0.014577 0.011111 0.029155
0 0.005556 0.014577 0.011111 0.029155
0 0.005556 0.014577 0.011111 0.029155
0 0.005556 0.014577 0.011111 0.029155
0 0.005556 0.014577 0.011111 0.029155
0 0.006061 0.014577 0.012121 0.029155
0 0.005556 0.014577 0.011111 0.029155
0 0.005556 0.014577 0.011111 0.029155
0 0.006061 0.014577 0.012121 0.029155
0 0.005556 0.014577 0.011111 0.029155
0 0.005556 0.014577 0.011111 0.029155
0 0.005556 0.014577 0.011111 0.029155
0 0.005556 0.014577 0.011111 0.029155
0 0.005556 0.014577 0.011111 0.029155
0 0.005556 0.014577 0.011111 0.029155
0 0.005556 0.014577 0.011111 0.029155
0 0.006061 0.014577 0.012121 0.029155
0 0.005556 0.014577 0.011111 0.029155
0 0.005556 0.014577 0.011111 0.029155
0 0.005556 0.014577 0.011111 0.029155
0 0.006061 0.014577 0.012121 0.029155
0 0.005556 0.014577 0.011111 0.029155
0 0.005556 0.014577 0.011111 0.029155
0 0.005556 0.014577 0.011111 0.029155
0 0.005556 0.014577 0.011111 0.029155
0 0.005556 0.014577 0.011111 0.029155
0 0.005556 0.014577 0.011111 0.029155
0 0.005556 0.014577 0.011111 0.029155
0 0.005556 0.014577 0.011111 0.029155
0 0.005556 0.014577 0.011111 0.029155
0 0.005556 0.014577 0.011111 0.029155
0 0.005556 0.014577 0.011111 0.029155
0 0.005556 0.014577 0.011111 0.029155
0 0.005556 0.014577 0.011111 0.029155
0 0.005556 0.014577 0.011111 0.029155
0 0.005556 0.014577 0.011111 0.029155
0 0.006061 0.014577 0.012121 0.029155
0 0.005556 0.014577 0.011111 0.029155
0 0.005556 0.014577 0.011111 0.029155
0 0.006061 0.014577 0.012121 0.029155
0 0.005556 0.014577 0.011111 0.029155
0 0.005556 0.014577 0.011111 0.029155
0 0.005556 0.014577 0.011111 0.029155
0 0.005556 0.014577 0.011111 0.029155