0 0.011000 0.015723 0.022000 0.031447
0 0.011000 0.017296 0.022000 0.034591
0 0.011000 0.017296 0.022000 0.034591
0 0.011000 0.015723 0.022000 0.031447
0 0.011000 0.015723 0.022000 0.031447
0 0.011000 0.015723 0.022000 0.031447
0 0.011000 0.015723 0.022000 0.031447
0 0.011000 0.015723 0.022000 0.031447
0 0.011000 0.015723 0.022000 0.031447
0 0.011000 0.015723 0.022000 0.031447
0 0.011000 0.015723 0.022000 0.031447
0 0.011000 0.015723 0.022000 0.031447
0 0.011000 0.017296 0.022000 0.034591
0 0.011000 0.015723 0.022000 0.031447
0 0.011000 0.015723 0.022000 0.031447
0 0.011000 0.015723 0.022000 0.031447
0 0.011000 0.015723 0.022000 0.031447
0 0.011000 0.015723 0.022000 0.031447
0 0.011000 0.015723 0.022000 0.031447
0 0.011000 0.015723 0.022000 0.031447
0 0.011000 0.015723 0.022000 0.031447
0 0.011000 0.015723 0.022000 0.031447
0 0.011000 0.017296 0.022000 0.034591
0 0.011000 0.017296 0.022000 0.034591
0 0.011000 0.015723 0.022000 0.031447
0 0.011000 0.015723 0.022000 0.031447
0 0.011000 0.015723 0.022000 0.031447
0 0.011000 0.015723 0.022000 0.031447
0 0.011000 0.015723 0.022000 0.031447
0 0.011000 0.015723 0.022000 0.031447
0 0.011000 0.017296 0.022000 0.034591
0 0.011000 0.015723 0.022000 0.031447
0 0.011000 0.015723 0.022000 0.031447
0 0.011000 0.015723 0.022000 0.031447
0 0.011000 0.015723 0.022000 0.031447
0 0.011000 0.015723 0.022000 0.031447
0 0.011000 0.017296 0.022000 0.034591
0 0.011000 0.015723 0.022000 0.031447
0 0.011000 0.015723 0.022000 0.031447
0 0.011000 0.015723 0.022000 0.031447
0 0.011000 0.015723 0.022000 0.031447
0 0.011000 0.017296 0.022000 0.034591
0 0.011000 0.015723 0.022000 0.031447
0 0.011000 0.015723 0.022000 0.031447
0 0.011000 0.015723 0.022000 0.031447
0 0.011000 0.015723 0.022000 0.031447
0 0.011000 0.015723 0.022000 0.031447
0 0.011000 0.015723 0.022000 0.031447
0 0.011000 0.015723 0.022000 0.031447
0 0.011000 0.015723 0.022000 0.031447
0 0.011000 0.015723 0.022000 0.031447
0 0.011000 0.015723 0.022000 0.031447
0 0.011000 0.017296 0.022000 0.034591
0 0.011000 0.015723 0.022000 0.031447
0 0.011000 0.015723 0.022000 0.031447
0 0.011000 0.015723 0.022000 0.031447
0 0.011000 0.015723 0.022000 0.031447
0 0.011000 0.015723 0.022000 0.031447
0 0.011000 0.015723 0.022000 0.031447
0 0.011000 0.017296 0.022000 0.034591
0 0.011000 0.015723 0.022000 0.031447
0 0.011000 0.015723 0.022000 0.031447
0 0.011000 0.015723 0.022000 0.031447
0 0.011000 0.015723 0.022000 0.031447
0 0.011000 0.015723 0.022000 0.031447
0 0.011000 0.015723 0.022000 0.031447
0 0.011000 0.017296 0.022000 0.034591
0 0.011000 0.015723 0.022000 0.031447
0 0.011000 0.015723 0.022000 0.031447
0 0.011000 0.015723 0.022000 0.031447
0 0.011000 0.015723 0.022000 0.031447
0 0.011000 0.015723 0.022000 0.031447
0 0.011000 0.015723 0.022000 0.031447
0 0.011000 0.015723 0.022000 0.031447
0 0.011000 0.015723 0.022000 0.031447
0 0.011000 0.015723 0.022000 0.031447
0 0.011000 0.015723 0.022000 0.031447
0 0.011000 0.015723 0.022000 0.031447
0 0.011000 0.017296 0.022000 0.034591
0 0.011000 0.017296 0.022000 0.034591
0 0.011000 0.015723 0.022000 0.031447
0 0.011000 0.017296 0.022000 0.034591
0 0.011000 0.015723 0.022000 0.031447