0 0.001194 0.001447 0.002387 0.002894
0 0.001194 0.001447 0.002387 0.002894
0 0.001194 0.001447 0.002387 0.002894
0 0.001302 0.001447 0.002604 0.002894
0 0.001194 0.001447 0.002387 0.002894
0 0.001194 0.001447 0.002387 0.002894
0 0.001194 0.001447 0.002387 0.002894
0 0.001194 0.001447 0.002387 0.002894
0 0.001194 0.001447 0.002387 0.002894
0 0.001194 0.001447 0.002387 0.002894
0 0.001194 0.001447 0.002387 0.002894
0 0.001194 0.001447 0.002387 0.002894
0 0.001194 0.001447 0.002387 0.002894
0 0.001194 0.001447 0.002387 0.002894
0 0.001194 0.001447 0.002387 0.002894
0 0.001194 0.001447 0.002387 0.002894
0 0.001194 0.001447 0.002387 0.002894
0 0.001194 0.001447 0.002387 0.002894
0 0.001194 0.001447 0.002387 0.002894
0 0.001194 0.001447 0.002387 0.002894
0 0.001194 0.001447 0.002387 0.002894
0 0.001194 0.001447 0.002387 0.002894
0 0.001194 0.001447 0.002387 0.002894
0 0.001194 0.001447 0.002387 0.002894
0 0.001194 0.001447 0.002387 0.002894
0 0.001194 0.001447 0.002387 0.002894
0 0.001194 0.001447 0.002387 0.002894
0 0.001194 0.001447 0.002387 0.002894
0 0.001194 0.001447 0.002387 0.002894
0 0.001194 0.001447 0.002387 0.002894
0 0.001194 0.001447 0.002387 0.002894
0 0.001194 0.001447 0.002387 0.002894
0 0.001302 0.001447 0.002604 0.002894
0 0.001194 0.001447 0.002387 0.002894
0 0.001194 0.001447 0.002387 0.002894
0 0.001194 0.001447 0.002387 0.002894
0 0.001194 0.001447 0.002387 0.002894
0 0.001194 0.001447 0.002387 0.002894
0 0.001194 0.001447 0.002387 0.002894
0 0.001194 0.001447 0.002387 0.002894
0 0.001194 0.001447 0.002387 0.002894
0 0.001194 0.001447 0.002387 0.002894
0 0.001194 0.001447 0.002387 0.002894
0 0.001194 0.001447 0.002387 0.002894
0 0.001194 0.001447 0.002387 0.002894
0 0.001194 0.001447 0.002387 0.002894
0 0.001194 0.001447 0.002387 0.002894
0 0.001194 0.001447 0.002387 0.002894
0 0.001194 0.001447 0.002387 0.002894
0 0.001194 0.001447 0.002387 0.002894
0 0.001194 0.001447 0.002387 0.002894
0 0.001194 0.001447 0.002387 0.002894
0 0.001194 0.001447 0.002387 0.002894
0 0.001194 0.001447 0.002387 0.002894
0 0.001302 0.001447 0.002604 0.002894
0 0.001194 0.001447 0.002387 0.002894
0 0.001194 0.001447 0.002387 0.002894
0 0.001194 0.001447 0.002387 0.002894
0 0.001194 0.001447 0.002387 0.002894
0 0.001194 0.001447 0.002387 0.002894
0 0.001194 0.001447 0.002387 0.002894
0 0.001194 0.001447 0.002387 0.002894
0 0.001194 0.001447 0.002387 0.002894
0 0.001302 0.001447 0.002604 0.002894
0 0.001194 0.001447 0.002387 0.002894
0 0.001302 0.001447 0.002604 0.002894
0 0.001194 0.001447 0.002387 0.002894
0 0.001194 0.001447 0.002387 0.002894
0 0.001194 0.001447 0.002387 0.002894
0 0.001302 0.001447 0.002604 0.002894
0 0.001194 0.001447 0.002387 0.002894
0 0.001194 0.001447 0.002387 0.002894
0 0.001194 0.001447 0.002387 0.002894
0 0.001194 0.001447 0.002387 0.002894
0 0.001194 0.001447 0.002387 0.002894
0 0.001302 0.001447 0.002604 0.002894
0 0.001302 0.001447 0.002604 0.002894
0 0.001194 0.001447 0.002387 0.002894
0 0.001194 0.001447 0.002387 0.002894
0 0.001194 0.001447 0.002387 0.002894
0 0.001194 0.001447 0.002387 0.002894
0 0.001194 0.001447 0.002387 0.002894
0 0.001194 0.001447 0.002387 0.002894
0 0.001194 0.001447 0.002387 0.002894
0 0.001194 0.001447 0.002387 0.002894
0 0.001194 0.001447 0.002387 0.002894
0 0.001194 0.001447 0.002387 0.002894
0 0.001194 0.001447 0.002387 0.002894
0 0.001194 0.001447 0.002387 0.002894
0 0.001194 0.001447 0.002387 0.002894
0 0.001194 0.001447 0.002387 0.002894
0 0.001194 0.001447 0.002387 0.002894