0 0.007534 0.012376 0.015068 0.024752
0 0.007534 0.012376 0.015068 0.024752
0 0.007534 0.012376 0.015068 0.024752
0 0.007534 0.012376 0.015068 0.024752
0 0.007534 0.012376 0.015068 0.024752
0 0.007534 0.012376 0.015068 0.024752
0 0.007534 0.012376 0.015068 0.024752
0 0.007534 0.012376 0.015068 0.024752
0 0.007534 0.012376 0.015068 0.024752
0 0.007534 0.012376 0.015068 0.024752
0 0.007534 0.012376 0.015068 0.024752
0 0.007534 0.012376 0.015068 0.024752
0 0.007534 0.012376 0.015068 0.024752
0 0.008219 0.012376 0.016438 0.024752
0 0.008219 0.012376 0.016438 0.024752
0 0.007534 0.012376 0.015068 0.024752
0 0.007534 0.012376 0.015068 0.024752
0 0.007534 0.012376 0.015068 0.024752
0 0.007534 0.012376 0.015068 0.024752
0 0.007534 0.012376 0.015068 0.024752
0 0.007534 0.012376 0.015068 0.024752
0 0.007534 0.012376 0.015068 0.024752
0 0.007534 0.012376 0.015068 0.024752
0 0.007534 0.012376 0.015068 0.024752