0 0.005140 0.007062 0.010280 0.014124
0 0.005140 0.007062 0.010280 0.014124
0 0.005140 0.007062 0.010280 0.014124
0 0.005140 0.007062 0.010280 0.014124
0 0.005140 0.007062 0.010280 0.014124
0 0.005140 0.007062 0.010280 0.014124
0 0.005140 0.007062 0.010280 0.014124
0 0.005140 0.007062 0.010280 0.014124
0 0.005140 0.007062 0.010280 0.014124
0 0.005140 0.007062 0.010280 0.014124
0 0.005140 0.007062 0.010280 0.014124
0 0.005140 0.007062 0.010280 0.014124
0 0.005140 0.007062 0.010280 0.014124
0 0.005140 0.007062 0.010280 0.014124
0 0.005140 0.007062 0.010280 0.014124
0 0.005140 0.007062 0.010280 0.014124
0 0.005140 0.007062 0.010280 0.014124
0 0.005140 0.007062 0.010280 0.014124
0 0.005140 0.007062 0.010280 0.014124
0 0.005140 0.007062 0.010280 0.014124
0 0.005140 0.007062 0.010280 0.014124
0 0.005140 0.007062 0.010280 0.014124
0 0.005140 0.007062 0.010280 0.014124
0 0.005140 0.007062 0.010280 0.014124
0 0.005140 0.007062 0.010280 0.014124
0 0.005140 0.007062 0.010280 0.014124
0 0.005140 0.007062 0.010280 0.014124
0 0.005140 0.007062 0.010280 0.014124
0 0.005140 0.007062 0.010280 0.014124
0 0.005140 0.007062 0.010280 0.014124
0 0.005140 0.007062 0.010280 0.014124
0 0.005140 0.007062 0.010280 0.014124
0 0.005140 0.007062 0.010280 0.014124
0 0.005140 0.007062 0.010280 0.014124
0 0.005140 0.007062 0.010280 0.014124
0 0.005140 0.007062 0.010280 0.014124
0 0.005140 0.007062 0.010280 0.014124