0 0.002750 0.005112 0.005500 0.010223
0 0.002750 0.004647 0.005500 0.009294
0 0.002750 0.005112 0.005500 0.010223
0 0.002750 0.004647 0.005500 0.009294
0 0.002750 0.004647 0.005500 0.009294
0 0.002750 0.004647 0.005500 0.009294
0 0.002750 0.005112 0.005500 0.010223
0 0.002750 0.004647 0.005500 0.009294
0 0.002750 0.005112 0.005500 0.010223
0 0.002750 0.005112 0.005500 0.010223
0 0.002750 0.004647 0.005500 0.009294
0 0.002750 0.004647 0.005500 0.009294
0 0.002750 0.005112 0.005500 0.010223
0 0.002750 0.005112 0.005500 0.010223
0 0.002750 0.004647 0.005500 0.009294
0 0.002750 0.004647 0.005500 0.009294
0 0.002750 0.005112 0.005500 0.010223
0 0.002750 0.004647 0.005500 0.009294
0 0.002750 0.005112 0.005500 0.010223
0 0.002750 0.004647 0.005500 0.009294
0 0.002750 0.004647 0.005500 0.009294
0 0.002750 0.004647 0.005500 0.009294
0 0.002750 0.005112 0.005500 0.010223
0 0.002750 0.004647 0.005500 0.009294
0 0.002750 0.004647 0.005500 0.009294
0 0.002750 0.004647 0.005500 0.009294
0 0.002750 0.005112 0.005500 0.010223
0 0.002750 0.005112 0.005500 0.010223
0 0.002750 0.005112 0.005500 0.010223
0 0.002750 0.004647 0.005500 0.009294
0 0.002750 0.004647 0.005500 0.009294
0 0.002750 0.004647 0.005500 0.009294
0 0.002750 0.004647 0.005500 0.009294
0 0.002750 0.004647 0.005500 0.009294
0 0.002750 0.005112 0.005500 0.010223
0 0.002750 0.005112 0.005500 0.010223
0 0.002750 0.004647 0.005500 0.009294
0 0.002750 0.004647 0.005500 0.009294
0 0.002750 0.005112 0.005500 0.010223
0 0.002750 0.004647 0.005500 0.009294
0 0.002750 0.004647 0.005500 0.009294
0 0.002750 0.005112 0.005500 0.010223
0 0.002750 0.004647 0.005500 0.009294
0 0.002750 0.004647 0.005500 0.009294
0 0.002750 0.005112 0.005500 0.010223
0 0.002750 0.005112 0.005500 0.010223
0 0.002750 0.004647 0.005500 0.009294
0 0.002750 0.004647 0.005500 0.009294
0 0.002750 0.005112 0.005500 0.010223
0 0.002750 0.005112 0.005500 0.010223
0 0.002750 0.004647 0.005500 0.009294
0 0.002750 0.004647 0.005500 0.009294
0 0.002750 0.005112 0.005500 0.010223
0 0.002750 0.004647 0.005500 0.009294
0 0.002750 0.004647 0.005500 0.009294
0 0.002750 0.004647 0.005500 0.009294
0 0.002750 0.004647 0.005500 0.009294
0 0.002750 0.004647 0.005500 0.009294
0 0.002750 0.004647 0.005500 0.009294
0 0.002750 0.005112 0.005500 0.010223
0 0.002750 0.004647 0.005500 0.009294
0 0.002750 0.004647 0.005500 0.009294