0 0.012222 0.016667 0.024444 0.033333
0 0.012222 0.016667 0.024444 0.033333
0 0.012222 0.016667 0.024444 0.033333
0 0.012222 0.016667 0.024444 0.033333
0 0.012222 0.016667 0.024444 0.033333
0 0.012222 0.016667 0.024444 0.033333
0 0.012222 0.016667 0.024444 0.033333
0 0.012222 0.016667 0.024444 0.033333
0 0.012222 0.016667 0.024444 0.033333
0 0.012222 0.016667 0.024444 0.033333
0 0.012222 0.016667 0.024444 0.033333
0 0.012222 0.016667 0.024444 0.033333
0 0.012222 0.016667 0.024444 0.033333
0 0.012222 0.016667 0.024444 0.033333
0 0.012222 0.016667 0.024444 0.033333
0 0.012222 0.016667 0.024444 0.033333