0 0.004297 0.005727 0.008594 0.011455
0 0.004297 0.005727 0.008594 0.011455
0 0.004297 0.005727 0.008594 0.011455
0 0.004297 0.005727 0.008594 0.011455
0 0.004297 0.005727 0.008594 0.011455
0 0.004297 0.005727 0.008594 0.011455
0 0.004297 0.005727 0.008594 0.011455
0 0.004297 0.005727 0.008594 0.011455
0 0.004297 0.005727 0.008594 0.011455
0 0.004297 0.005727 0.008594 0.011455
0 0.004297 0.005727 0.008594 0.011455
0 0.004297 0.005727 0.008594 0.011455
0 0.004297 0.005727 0.008594 0.011455
0 0.004297 0.005727 0.008594 0.011455
0 0.004297 0.005727 0.008594 0.011455
0 0.004297 0.005727 0.008594 0.011455
0 0.004297 0.005727 0.008594 0.011455
0 0.004297 0.005727 0.008594 0.011455
0 0.004297 0.005727 0.008594 0.011455
0 0.004297 0.005727 0.008594 0.011455
0 0.004297 0.005727 0.008594 0.011455
0 0.004297 0.005727 0.008594 0.011455
0 0.004297 0.005727 0.008594 0.011455
0 0.004297 0.005727 0.008594 0.011455
0 0.004297 0.005727 0.008594 0.011455