0 0.001571 0.002095 0.003143 0.004190
0 0.001571 0.002095 0.003143 0.004190
0 0.001571 0.001905 0.003143 0.003810
0 0.001571 0.001905 0.003143 0.003810
0 0.001571 0.002095 0.003143 0.004190
0 0.001571 0.001905 0.003143 0.003810
0 0.001571 0.001905 0.003143 0.003810
0 0.001571 0.001905 0.003143 0.003810
0 0.001571 0.001905 0.003143 0.003810
0 0.001571 0.001905 0.003143 0.003810
0 0.001571 0.001905 0.003143 0.003810
0 0.001571 0.002095 0.003143 0.004190
0 0.001571 0.001905 0.003143 0.003810
0 0.001714 0.001905 0.003429 0.003810
0 0.001571 0.001905 0.003143 0.003810
0 0.001571 0.001905 0.003143 0.003810
0 0.001571 0.002095 0.003143 0.004190
0 0.001571 0.002095 0.003143 0.004190
0 0.001571 0.002095 0.003143 0.004190
0 0.001571 0.002095 0.003143 0.004190
0 0.001571 0.002095 0.003143 0.004190
0 0.001571 0.002095 0.003143 0.004190
0 0.001571 0.001905 0.003143 0.003810
0 0.001571 0.002095 0.003143 0.004190
0 0.001571 0.002095 0.003143 0.004190
0 0.001571 0.001905 0.003143 0.003810
0 0.001571 0.002095 0.003143 0.004190
0 0.001571 0.002095 0.003143 0.004190
0 0.001714 0.001905 0.003429 0.003810
0 0.001571 0.002095 0.003143 0.004190
0 0.001714 0.001905 0.003429 0.003810
0 0.001571 0.002095 0.003143 0.004190
0 0.001571 0.001905 0.003143 0.003810
0 0.001571 0.001905 0.003143 0.003810
0 0.001571 0.002095 0.003143 0.004190
0 0.001571 0.002095 0.003143 0.004190
0 0.001571 0.002095 0.003143 0.004190
0 0.001571 0.002095 0.003143 0.004190
0 0.001571 0.002095 0.003143 0.004190
0 0.001571 0.001905 0.003143 0.003810
0 0.001571 0.002095 0.003143 0.004190
0 0.001571 0.001905 0.003143 0.003810
0 0.001571 0.002095 0.003143 0.004190
0 0.001571 0.001905 0.003143 0.003810
0 0.001571 0.002095 0.003143 0.004190
0 0.001571 0.002095 0.003143 0.004190
0 0.001571 0.002095 0.003143 0.004190
0 0.001571 0.002095 0.003143 0.004190
0 0.001571 0.002095 0.003143 0.004190
0 0.001571 0.001905 0.003143 0.003810
0 0.001571 0.002095 0.003143 0.004190
0 0.001714 0.001905 0.003429 0.003810
0 0.001571 0.002095 0.003143 0.004190
0 0.001571 0.001905 0.003143 0.003810
0 0.001571 0.002095 0.003143 0.004190
0 0.001571 0.001905 0.003143 0.003810
0 0.001571 0.002095 0.003143 0.004190
0 0.001571 0.002095 0.003143 0.004190
0 0.001571 0.001905 0.003143 0.003810
0 0.001571 0.001905 0.003143 0.003810
0 0.001571 0.002095 0.003143 0.004190