0 0.003305 0.003347 0.006611 0.006693
0 0.003305 0.003681 0.006611 0.007363
0 0.003305 0.003681 0.006611 0.007363
0 0.003906 0.003347 0.007812 0.006693
0 0.003305 0.003347 0.006611 0.006693
0 0.003906 0.003347 0.007812 0.006693
0 0.003305 0.003681 0.006611 0.007363
0 0.003305 0.003347 0.006611 0.006693
0 0.003906 0.003347 0.007812 0.006693
0 0.003305 0.003681 0.006611 0.007363
0 0.003305 0.003347 0.006611 0.006693
0 0.003305 0.003681 0.006611 0.007363
0 0.003305 0.003347 0.006611 0.006693
0 0.003305 0.003681 0.006611 0.007363
0 0.003305 0.003347 0.006611 0.006693
0 0.003305 0.003347 0.006611 0.006693
0 0.003305 0.003681 0.006611 0.007363
0 0.003305 0.003347 0.006611 0.006693
0 0.003305 0.003347 0.006611 0.006693
0 0.003305 0.003347 0.006611 0.006693
0 0.003305 0.003681 0.006611 0.007363
0 0.003305 0.003681 0.006611 0.007363
0 0.003305 0.003347 0.006611 0.006693
0 0.003305 0.003347 0.006611 0.006693
0 0.003906 0.003347 0.007812 0.006693
0 0.003305 0.003347 0.006611 0.006693
0 0.003305 0.003347 0.006611 0.006693