0 0.004583 0.008547 0.009167 0.017094
0 0.004583 0.008547 0.009167 0.017094
0 0.004583 0.009402 0.009167 0.018803
0 0.004583 0.008547 0.009167 0.017094
0 0.004583 0.008547 0.009167 0.017094
0 0.004583 0.008547 0.009167 0.017094
0 0.004583 0.008547 0.009167 0.017094
0 0.004583 0.008547 0.009167 0.017094
0 0.004583 0.009402 0.009167 0.018803
0 0.004583 0.008547 0.009167 0.017094
0 0.004583 0.008547 0.009167 0.017094
0 0.004583 0.008547 0.009167 0.017094
0 0.004583 0.008547 0.009167 0.017094
0 0.004583 0.008547 0.009167 0.017094
0 0.004583 0.008547 0.009167 0.017094