0 0.008594 0.012881 0.017188 0.025761
0 0.008594 0.012881 0.017188 0.025761
0 0.008594 0.012881 0.017188 0.025761
0 0.008594 0.012881 0.017188 0.025761
0 0.008594 0.012881 0.017188 0.025761
0 0.008594 0.012881 0.017188 0.025761
0 0.008594 0.012881 0.017188 0.025761
0 0.008594 0.012881 0.017188 0.025761
0 0.008594 0.012881 0.017188 0.025761
0 0.008594 0.012881 0.017188 0.025761
0 0.008594 0.012881 0.017188 0.025761
0 0.008594 0.012881 0.017188 0.025761
0 0.008594 0.012881 0.017188 0.025761
0 0.008594 0.012881 0.017188 0.025761
0 0.008594 0.012881 0.017188 0.025761
0 0.008594 0.012881 0.017188 0.025761
0 0.008594 0.012881 0.017188 0.025761
0 0.008594 0.012881 0.017188 0.025761
0 0.008594 0.012881 0.017188 0.025761
0 0.008594 0.012881 0.017188 0.025761
0 0.008594 0.012881 0.017188 0.025761
0 0.008594 0.012881 0.017188 0.025761
0 0.008594 0.012881 0.017188 0.025761
0 0.008594 0.012881 0.017188 0.025761
0 0.008594 0.012881 0.017188 0.025761
0 0.008594 0.012881 0.017188 0.025761
0 0.008594 0.012881 0.017188 0.025761
0 0.008594 0.012881 0.017188 0.025761
0 0.008594 0.012881 0.017188 0.025761
0 0.008594 0.012881 0.017188 0.025761
0 0.008594 0.012881 0.017188 0.025761
0 0.008594 0.012881 0.017188 0.025761
0 0.008594 0.012881 0.017188 0.025761
0 0.008594 0.012881 0.017188 0.025761
0 0.008594 0.012881 0.017188 0.025761
0 0.008594 0.012881 0.017188 0.025761
0 0.008594 0.012881 0.017188 0.025761
0 0.008594 0.012881 0.017188 0.025761