0 0.012141 0.014706 0.024283 0.029412
0 0.012141 0.014706 0.024283 0.029412
0 0.012141 0.014706 0.024283 0.029412
0 0.012141 0.014706 0.024283 0.029412
0 0.012141 0.014706 0.024283 0.029412
0 0.012141 0.014706 0.024283 0.029412
0 0.012141 0.014706 0.024283 0.029412
0 0.012141 0.014706 0.024283 0.029412
0 0.012141 0.014706 0.024283 0.029412
0 0.012141 0.014706 0.024283 0.029412
0 0.012141 0.014706 0.024283 0.029412
0 0.012141 0.014706 0.024283 0.029412
0 0.012141 0.014706 0.024283 0.029412
0 0.012141 0.014706 0.024283 0.029412
0 0.012141 0.014706 0.024283 0.029412
0 0.012141 0.014706 0.024283 0.029412
0 0.012141 0.014706 0.024283 0.029412