0 0.006875 0.009346 0.013750 0.018692
0 0.006875 0.009346 0.013750 0.018692
0 0.006875 0.009346 0.013750 0.018692
0 0.006875 0.009346 0.013750 0.018692
0 0.006875 0.009346 0.013750 0.018692
0 0.006875 0.009346 0.013750 0.018692
0 0.006875 0.009346 0.013750 0.018692
0 0.006875 0.009346 0.013750 0.018692
0 0.006875 0.009346 0.013750 0.018692
0 0.006875 0.009346 0.013750 0.018692
0 0.006875 0.009346 0.013750 0.018692
0 0.006875 0.009346 0.013750 0.018692
0 0.006875 0.009346 0.013750 0.018692
0 0.006875 0.009346 0.013750 0.018692
0 0.006875 0.009346 0.013750 0.018692
0 0.006875 0.009346 0.013750 0.018692
0 0.006875 0.009346 0.013750 0.018692
0 0.006875 0.009346 0.013750 0.018692
0 0.006875 0.009346 0.013750 0.018692
0 0.006875 0.009346 0.013750 0.018692
0 0.006875 0.009346 0.013750 0.018692
0 0.006875 0.009346 0.013750 0.018692
0 0.006875 0.009346 0.013750 0.018692
0 0.006875 0.009346 0.013750 0.018692
0 0.006875 0.009346 0.013750 0.018692
0 0.006875 0.009346 0.013750 0.018692
0 0.006875 0.009346 0.013750 0.018692
0 0.006875 0.009346 0.013750 0.018692
0 0.006875 0.009346 0.013750 0.018692
0 0.006875 0.009346 0.013750 0.018692
0 0.006875 0.009346 0.013750 0.018692
0 0.006875 0.009346 0.013750 0.018692
0 0.006875 0.009346 0.013750 0.018692
0 0.006875 0.009346 0.013750 0.018692
0 0.006875 0.009346 0.013750 0.018692
0 0.006875 0.009346 0.013750 0.018692
0 0.006875 0.009346 0.013750 0.018692
0 0.006875 0.009346 0.013750 0.018692
0 0.006875 0.009346 0.013750 0.018692
0 0.006875 0.009346 0.013750 0.018692
0 0.006875 0.009346 0.013750 0.018692
0 0.006875 0.009346 0.013750 0.018692
0 0.006875 0.009346 0.013750 0.018692
0 0.006875 0.009346 0.013750 0.018692