0 0.005371 0.009766 0.010742 0.019531
0 0.005371 0.009766 0.010742 0.019531
0 0.005371 0.009766 0.010742 0.019531
0 0.005371 0.009766 0.010742 0.019531
0 0.005371 0.009766 0.010742 0.019531
0 0.005371 0.009766 0.010742 0.019531
0 0.005371 0.009766 0.010742 0.019531
0 0.005371 0.009766 0.010742 0.019531
0 0.005371 0.009766 0.010742 0.019531
0 0.005371 0.009766 0.010742 0.019531
0 0.005371 0.009766 0.010742 0.019531
0 0.005371 0.009766 0.010742 0.019531
0 0.005371 0.009766 0.010742 0.019531
0 0.005371 0.009766 0.010742 0.019531