0 0.006875 0.011574 0.013750 0.023148
0 0.006875 0.011574 0.013750 0.023148
0 0.006875 0.011574 0.013750 0.023148
0 0.006875 0.011574 0.013750 0.023148
0 0.006875 0.011574 0.013750 0.023148
0 0.006875 0.011574 0.013750 0.023148
0 0.006875 0.011574 0.013750 0.023148
0 0.006875 0.011574 0.013750 0.023148
0 0.006875 0.011574 0.013750 0.023148
0 0.006875 0.011574 0.013750 0.023148
0 0.006875 0.011574 0.013750 0.023148
0 0.006875 0.011574 0.013750 0.023148
0 0.006875 0.011574 0.013750 0.023148
0 0.006875 0.011574 0.013750 0.023148
0 0.006875 0.011574 0.013750 0.023148
0 0.006875 0.011574 0.013750 0.023148
0 0.006875 0.011574 0.013750 0.023148
0 0.006875 0.011574 0.013750 0.023148
0 0.006875 0.011574 0.013750 0.023148