0 0.005500 0.007485 0.011000 0.014970
0 0.005500 0.007485 0.011000 0.014970
0 0.005500 0.007485 0.011000 0.014970
0 0.005500 0.007485 0.011000 0.014970
0 0.005500 0.007485 0.011000 0.014970
0 0.005500 0.007485 0.011000 0.014970
0 0.005500 0.007485 0.011000 0.014970
0 0.005500 0.007485 0.011000 0.014970
0 0.005500 0.007485 0.011000 0.014970
0 0.005500 0.007485 0.011000 0.014970
0 0.005500 0.007485 0.011000 0.014970
0 0.006000 0.007485 0.012000 0.014970
0 0.006000 0.007485 0.012000 0.014970
0 0.005500 0.007485 0.011000 0.014970
0 0.005500 0.007485 0.011000 0.014970
0 0.005500 0.007485 0.011000 0.014970
0 0.005500 0.007485 0.011000 0.014970
0 0.005500 0.007485 0.011000 0.014970
0 0.005500 0.007485 0.011000 0.014970
0 0.005500 0.007485 0.011000 0.014970
0 0.006000 0.007485 0.012000 0.014970
0 0.005500 0.007485 0.011000 0.014970
0 0.005500 0.007485 0.011000 0.014970
0 0.005500 0.007485 0.011000 0.014970
0 0.006000 0.007485 0.012000 0.014970
0 0.005500 0.007485 0.011000 0.014970
0 0.006000 0.007485 0.012000 0.014970
0 0.005500 0.007485 0.011000 0.014970
0 0.005500 0.007485 0.011000 0.014970
0 0.005500 0.007485 0.011000 0.014970
0 0.005500 0.007485 0.011000 0.014970
0 0.005500 0.007485 0.011000 0.014970
0 0.005500 0.007485 0.011000 0.014970
0 0.006000 0.007485 0.012000 0.014970
0 0.005500 0.007485 0.011000 0.014970
0 0.006000 0.007485 0.012000 0.014970
0 0.006000 0.007485 0.012000 0.014970