0 0.001287 0.001756 0.002575 0.003511
0 0.001287 0.001756 0.002575 0.003511
0 0.001287 0.001756 0.002575 0.003511
0 0.001287 0.001756 0.002575 0.003511
0 0.001287 0.001756 0.002575 0.003511
0 0.001287 0.001756 0.002575 0.003511
0 0.001287 0.001756 0.002575 0.003511
0 0.001287 0.001756 0.002575 0.003511
0 0.001287 0.001756 0.002575 0.003511
0 0.001287 0.001756 0.002575 0.003511
0 0.001287 0.001756 0.002575 0.003511
0 0.001287 0.001756 0.002575 0.003511
0 0.001287 0.001756 0.002575 0.003511
0 0.001287 0.001756 0.002575 0.003511
0 0.001287 0.001756 0.002575 0.003511
0 0.001287 0.001756 0.002575 0.003511
0 0.001287 0.001756 0.002575 0.003511
0 0.001287 0.001756 0.002575 0.003511
0 0.001287 0.001756 0.002575 0.003511
0 0.001287 0.001756 0.002575 0.003511
0 0.001287 0.001756 0.002575 0.003511
0 0.001287 0.001756 0.002575 0.003511
0 0.001287 0.001756 0.002575 0.003511
0 0.001287 0.001756 0.002575 0.003511
0 0.001287 0.001756 0.002575 0.003511
0 0.001287 0.001756 0.002575 0.003511
0 0.001287 0.001756 0.002575 0.003511
0 0.001287 0.001756 0.002575 0.003511
0 0.001287 0.001756 0.002575 0.003511
0 0.001287 0.001756 0.002575 0.003511
0 0.001287 0.001756 0.002575 0.003511
0 0.001287 0.001756 0.002575 0.003511
0 0.001287 0.001756 0.002575 0.003511
0 0.001287 0.001756 0.002575 0.003511
0 0.001287 0.001756 0.002575 0.003511
0 0.001287 0.001756 0.002575 0.003511
0 0.001287 0.001756 0.002575 0.003511
0 0.001287 0.001756 0.002575 0.003511
0 0.001287 0.001756 0.002575 0.003511
0 0.001287 0.001756 0.002575 0.003511
0 0.001287 0.001756 0.002575 0.003511
0 0.001287 0.001756 0.002575 0.003511