0 0.003672 0.005855 0.007343 0.011710
0 0.003672 0.005855 0.007343 0.011710
0 0.003672 0.005855 0.007343 0.011710
0 0.003672 0.005855 0.007343 0.011710
0 0.003672 0.005855 0.007343 0.011710
0 0.003672 0.005855 0.007343 0.011710
0 0.003672 0.005855 0.007343 0.011710
0 0.003672 0.005855 0.007343 0.011710
0 0.003672 0.005855 0.007343 0.011710
0 0.003672 0.005855 0.007343 0.011710
0 0.003672 0.005855 0.007343 0.011710
0 0.003672 0.005855 0.007343 0.011710
0 0.003672 0.005855 0.007343 0.011710
0 0.003672 0.005855 0.007343 0.011710
0 0.003672 0.005855 0.007343 0.011710
0 0.003672 0.005855 0.007343 0.011710
0 0.003672 0.005855 0.007343 0.011710
0 0.003672 0.005855 0.007343 0.011710
0 0.003672 0.005855 0.007343 0.011710
0 0.003672 0.005855 0.007343 0.011710
0 0.003672 0.005855 0.007343 0.011710
0 0.003672 0.005855 0.007343 0.011710
0 0.003672 0.005855 0.007343 0.011710
0 0.003672 0.005855 0.007343 0.011710
0 0.003672 0.005855 0.007343 0.011710
0 0.003672 0.005855 0.007343 0.011710
0 0.003672 0.005855 0.007343 0.011710
0 0.003672 0.005855 0.007343 0.011710
0 0.003672 0.005855 0.007343 0.011710
0 0.003672 0.005855 0.007343 0.011710
0 0.003672 0.005855 0.007343 0.011710
0 0.003672 0.005855 0.007343 0.011710
0 0.003672 0.005855 0.007343 0.011710
0 0.003672 0.005855 0.007343 0.011710
0 0.003672 0.005855 0.007343 0.011710
0 0.003672 0.005855 0.007343 0.011710
0 0.003672 0.005855 0.007343 0.011710
0 0.003672 0.005855 0.007343 0.011710
0 0.003672 0.005855 0.007343 0.011710