0 0.009076 0.017857 0.018152 0.035714
0 0.009076 0.017857 0.018152 0.035714
0 0.009076 0.017857 0.018152 0.035714
0 0.009076 0.017857 0.018152 0.035714
0 0.010726 0.017857 0.021452 0.035714
0 0.009076 0.017857 0.018152 0.035714
0 0.009076 0.017857 0.018152 0.035714
0 0.009076 0.017857 0.018152 0.035714
0 0.009076 0.017857 0.018152 0.035714
0 0.009076 0.017857 0.018152 0.035714
0 0.009076 0.017857 0.018152 0.035714
0 0.009076 0.017857 0.018152 0.035714
0 0.009076 0.017857 0.018152 0.035714
0 0.009076 0.017857 0.018152 0.035714
0 0.009076 0.017857 0.018152 0.035714
0 0.009076 0.017857 0.018152 0.035714