0 0.006875 0.009416 0.013750 0.018832
0 0.006875 0.009416 0.013750 0.018832
0 0.006875 0.009416 0.013750 0.018832
0 0.006875 0.009416 0.013750 0.018832
0 0.006875 0.009416 0.013750 0.018832
0 0.006875 0.009416 0.013750 0.018832
0 0.006875 0.009416 0.013750 0.018832
0 0.006875 0.009416 0.013750 0.018832
0 0.006875 0.009416 0.013750 0.018832
0 0.006875 0.009416 0.013750 0.018832
0 0.006875 0.009416 0.013750 0.018832
0 0.006875 0.009416 0.013750 0.018832
0 0.006875 0.009416 0.013750 0.018832
0 0.006875 0.009416 0.013750 0.018832
0 0.006875 0.009416 0.013750 0.018832
0 0.006875 0.009416 0.013750 0.018832
0 0.006875 0.009416 0.013750 0.018832
0 0.006875 0.009416 0.013750 0.018832
0 0.006875 0.009416 0.013750 0.018832
0 0.006875 0.009416 0.013750 0.018832
0 0.006875 0.009416 0.013750 0.018832
0 0.006875 0.009416 0.013750 0.018832
0 0.006875 0.009416 0.013750 0.018832
0 0.006875 0.009416 0.013750 0.018832
0 0.006875 0.009416 0.013750 0.018832
0 0.006875 0.009416 0.013750 0.018832
0 0.006875 0.009416 0.013750 0.018832
0 0.006875 0.009416 0.013750 0.018832
0 0.006875 0.009416 0.013750 0.018832
0 0.006875 0.009416 0.013750 0.018832
0 0.006875 0.009416 0.013750 0.018832
0 0.006875 0.009416 0.013750 0.018832