0 0.011458 0.018333 0.022917 0.036667
0 0.012500 0.016667 0.025000 0.033333
0 0.011458 0.016667 0.022917 0.033333
0 0.011458 0.018333 0.022917 0.036667
0 0.011458 0.018333 0.022917 0.036667
0 0.012500 0.018333 0.025000 0.036667
0 0.011458 0.018333 0.022917 0.036667
0 0.011458 0.016667 0.022917 0.033333
0 0.011458 0.018333 0.022917 0.036667
0 0.011458 0.016667 0.022917 0.033333
0 0.011458 0.016667 0.022917 0.033333
0 0.011458 0.016667 0.022917 0.033333
0 0.011458 0.018333 0.022917 0.036667
0 0.012500 0.016667 0.025000 0.033333
0 0.011458 0.018333 0.022917 0.036667
0 0.011458 0.018333 0.022917 0.036667
0 0.011458 0.018333 0.022917 0.036667
0 0.011458 0.018333 0.022917 0.036667
0 0.011458 0.018333 0.022917 0.036667
0 0.011458 0.016667 0.022917 0.033333
0 0.011458 0.018333 0.022917 0.036667
0 0.011458 0.016667 0.022917 0.033333
0 0.011458 0.018333 0.022917 0.036667
0 0.011458 0.016667 0.022917 0.033333
0 0.011458 0.018333 0.022917 0.036667
0 0.011458 0.016667 0.022917 0.033333
0 0.011458 0.018333 0.022917 0.036667
0 0.011458 0.016667 0.022917 0.033333
0 0.011458 0.018333 0.022917 0.036667
0 0.011458 0.018333 0.022917 0.036667
0 0.011458 0.016667 0.022917 0.033333
0 0.011458 0.018333 0.022917 0.036667
0 0.011458 0.016667 0.022917 0.033333
0 0.011458 0.018333 0.022917 0.036667
0 0.011458 0.016667 0.022917 0.033333
0 0.011458 0.018333 0.022917 0.036667
0 0.011458 0.018333 0.022917 0.036667
0 0.011458 0.018333 0.022917 0.036667
0 0.011458 0.018333 0.022917 0.036667
0 0.011458 0.018333 0.022917 0.036667
0 0.011458 0.018333 0.022917 0.036667
0 0.011458 0.018333 0.022917 0.036667
0 0.011458 0.018333 0.022917 0.036667
0 0.011458 0.018333 0.022917 0.036667
0 0.011458 0.016667 0.022917 0.033333
0 0.011458 0.018333 0.022917 0.036667
0 0.011458 0.016667 0.022917 0.033333
0 0.011458 0.018333 0.022917 0.036667
0 0.011458 0.018333 0.022917 0.036667
0 0.011458 0.016667 0.022917 0.033333
0 0.011458 0.018333 0.022917 0.036667
0 0.011458 0.018333 0.022917 0.036667
0 0.012500 0.016667 0.025000 0.033333
0 0.011458 0.018333 0.022917 0.036667
0 0.011458 0.016667 0.022917 0.033333
0 0.011458 0.016667 0.022917 0.033333
0 0.011458 0.018333 0.022917 0.036667
0 0.011458 0.018333 0.022917 0.036667
0 0.011458 0.018333 0.022917 0.036667
0 0.011458 0.018333 0.022917 0.036667
0 0.011458 0.018333 0.022917 0.036667
0 0.011458 0.018333 0.022917 0.036667
0 0.011458 0.016667 0.022917 0.033333
0 0.011458 0.018333 0.022917 0.036667
0 0.012500 0.016667 0.025000 0.033333
0 0.011458 0.016667 0.022917 0.033333
0 0.011458 0.018333 0.022917 0.036667
0 0.011458 0.018333 0.022917 0.036667
0 0.011458 0.018333 0.022917 0.036667
0 0.012500 0.016667 0.025000 0.033333
0 0.011458 0.016667 0.022917 0.033333
0 0.011458 0.018333 0.022917 0.036667
0 0.011458 0.018333 0.022917 0.036667
0 0.011458 0.018333 0.022917 0.036667
0 0.011458 0.016667 0.022917 0.033333
0 0.011458 0.018333 0.022917 0.036667
0 0.011458 0.018333 0.022917 0.036667
0 0.011458 0.018333 0.022917 0.036667
0 0.012500 0.016667 0.025000 0.033333
0 0.011458 0.018333 0.022917 0.036667
0 0.011458 0.018333 0.022917 0.036667
0 0.011458 0.018333 0.022917 0.036667
0 0.011458 0.018333 0.022917 0.036667
0 0.011458 0.018333 0.022917 0.036667
0 0.011458 0.018333 0.022917 0.036667
0 0.011458 0.016667 0.022917 0.033333
0 0.011458 0.018333 0.022917 0.036667
0 0.011458 0.018333 0.022917 0.036667
0 0.011458 0.018333 0.022917 0.036667
0 0.011458 0.018333 0.022917 0.036667
0 0.011458 0.016667 0.022917 0.033333
0 0.011458 0.018333 0.022917 0.036667
0 0.012500 0.016667 0.025000 0.033333
0 0.011458 0.018333 0.022917 0.036667
0 0.011458 0.018333 0.022917 0.036667
0 0.011458 0.016667 0.022917 0.033333
0 0.011458 0.016667 0.022917 0.033333
0 0.011458 0.018333 0.022917 0.036667
0 0.011458 0.018333 0.022917 0.036667
0 0.011458 0.018333 0.022917 0.036667
0 0.012500 0.016667 0.025000 0.033333
0 0.011458 0.018333 0.022917 0.036667
0 0.012500 0.018333 0.025000 0.036667
0 0.011458 0.016667 0.022917 0.033333
0 0.011458 0.018333 0.022917 0.036667
0 0.011458 0.018333 0.022917 0.036667
0 0.011458 0.018333 0.022917 0.036667
0 0.012500 0.018333 0.025000 0.036667
0 0.012500 0.016667 0.025000 0.033333
0 0.012500 0.016667 0.025000 0.033333
0 0.012500 0.016667 0.025000 0.033333
0 0.011458 0.016667 0.022917 0.033333
0 0.011458 0.016667 0.022917 0.033333
0 0.011458 0.018333 0.022917 0.036667
0 0.011458 0.018333 0.022917 0.036667
0 0.011458 0.018333 0.022917 0.036667
0 0.012500 0.016667 0.025000 0.033333
0 0.011458 0.018333 0.022917 0.036667
0 0.011458 0.016667 0.022917 0.033333
0 0.011458 0.018333 0.022917 0.036667
0 0.011458 0.018333 0.022917 0.036667
0 0.011458 0.018333 0.022917 0.036667
0 0.012500 0.016667 0.025000 0.033333
0 0.011458 0.016667 0.022917 0.033333
0 0.011458 0.016667 0.022917 0.033333
0 0.012500 0.018333 0.025000 0.036667
0 0.011458 0.018333 0.022917 0.036667