0 0.010476 0.014286 0.020952 0.028571
0 0.010476 0.014286 0.020952 0.028571
0 0.010476 0.014286 0.020952 0.028571
0 0.010476 0.014286 0.020952 0.028571
0 0.010476 0.014286 0.020952 0.028571
0 0.010476 0.014286 0.020952 0.028571
0 0.010476 0.014286 0.020952 0.028571
0 0.010476 0.014286 0.020952 0.028571
0 0.010476 0.014286 0.020952 0.028571
0 0.010476 0.014286 0.020952 0.028571
0 0.010476 0.014286 0.020952 0.028571
0 0.010476 0.014286 0.020952 0.028571
0 0.010476 0.014286 0.020952 0.028571
0 0.010476 0.014286 0.020952 0.028571
0 0.010476 0.014286 0.020952 0.028571
0 0.010476 0.014286 0.020952 0.028571
0 0.010476 0.014286 0.020952 0.028571
0 0.010476 0.014286 0.020952 0.028571
0 0.010476 0.014286 0.020952 0.028571
0 0.010476 0.014286 0.020952 0.028571
0 0.010476 0.014286 0.020952 0.028571
0 0.010476 0.014286 0.020952 0.028571
0 0.010476 0.014286 0.020952 0.028571
0 0.010476 0.014286 0.020952 0.028571
0 0.010476 0.014286 0.020952 0.028571
0 0.010476 0.014286 0.020952 0.028571
0 0.010476 0.014286 0.020952 0.028571
0 0.010476 0.014286 0.020952 0.028571
0 0.010476 0.014286 0.020952 0.028571
0 0.010476 0.014286 0.020952 0.028571
0 0.010476 0.014286 0.020952 0.028571
0 0.010476 0.014286 0.020952 0.028571
0 0.010476 0.014286 0.020952 0.028571
0 0.010476 0.014286 0.020952 0.028571
0 0.010476 0.014286 0.020952 0.028571
0 0.010476 0.014286 0.020952 0.028571
0 0.010476 0.014286 0.020952 0.028571
0 0.010476 0.014286 0.020952 0.028571
0 0.010476 0.014286 0.020952 0.028571
0 0.010476 0.014286 0.020952 0.028571
0 0.010476 0.014286 0.020952 0.028571
0 0.010476 0.014286 0.020952 0.028571
0 0.010476 0.014286 0.020952 0.028571
0 0.010476 0.014286 0.020952 0.028571
0 0.010476 0.014286 0.020952 0.028571
0 0.010476 0.014286 0.020952 0.028571
0 0.010476 0.014286 0.020952 0.028571
0 0.010476 0.014286 0.020952 0.028571
0 0.010476 0.014286 0.020952 0.028571