0 0.008333 0.011442 0.016667 0.022883
0 0.008333 0.011442 0.016667 0.022883
0 0.008333 0.011442 0.016667 0.022883
0 0.008333 0.011442 0.016667 0.022883
0 0.008333 0.011442 0.016667 0.022883
0 0.008333 0.011442 0.016667 0.022883
0 0.008333 0.011442 0.016667 0.022883
0 0.008333 0.011442 0.016667 0.022883
0 0.008333 0.011442 0.016667 0.022883
0 0.008333 0.011442 0.016667 0.022883
0 0.008333 0.011442 0.016667 0.022883
0 0.008333 0.011442 0.016667 0.022883
0 0.008333 0.011442 0.016667 0.022883
0 0.008333 0.011442 0.016667 0.022883
0 0.008333 0.011442 0.016667 0.022883
0 0.008333 0.011442 0.016667 0.022883
0 0.008333 0.011442 0.016667 0.022883
0 0.008333 0.011442 0.016667 0.022883
0 0.008333 0.011442 0.016667 0.022883
0 0.008333 0.011442 0.016667 0.022883
0 0.008333 0.011442 0.016667 0.022883
0 0.008333 0.011442 0.016667 0.022883
0 0.008333 0.011442 0.016667 0.022883
0 0.008333 0.011442 0.016667 0.022883
0 0.008333 0.011442 0.016667 0.022883
0 0.008333 0.011442 0.016667 0.022883
0 0.008333 0.011442 0.016667 0.022883
0 0.008333 0.011442 0.016667 0.022883
0 0.008333 0.011442 0.016667 0.022883
0 0.008333 0.011442 0.016667 0.022883
0 0.008333 0.011442 0.016667 0.022883
0 0.008333 0.011442 0.016667 0.022883
0 0.008333 0.011442 0.016667 0.022883
0 0.008333 0.011442 0.016667 0.022883
0 0.008333 0.011442 0.016667 0.022883
0 0.008333 0.011442 0.016667 0.022883
0 0.008333 0.011442 0.016667 0.022883
0 0.008333 0.011442 0.016667 0.022883
0 0.008333 0.011442 0.016667 0.022883
0 0.008333 0.011442 0.016667 0.022883
0 0.008333 0.011442 0.016667 0.022883
0 0.008333 0.011442 0.016667 0.022883
0 0.008333 0.011442 0.016667 0.022883
0 0.008333 0.011442 0.016667 0.022883