0 0.012850 0.015723 0.025701 0.031447
0 0.012850 0.015723 0.025701 0.031447
0 0.012850 0.015723 0.025701 0.031447
0 0.012850 0.015723 0.025701 0.031447
0 0.012850 0.015723 0.025701 0.031447
0 0.012850 0.015723 0.025701 0.031447
0 0.012850 0.017296 0.025701 0.034591
0 0.012850 0.015723 0.025701 0.031447
0 0.012850 0.017296 0.025701 0.034591
0 0.012850 0.015723 0.025701 0.031447
0 0.012850 0.015723 0.025701 0.031447
0 0.012850 0.015723 0.025701 0.031447
0 0.012850 0.015723 0.025701 0.031447
0 0.012850 0.017296 0.025701 0.034591
0 0.012850 0.017296 0.025701 0.034591
0 0.012850 0.015723 0.025701 0.031447
0 0.012850 0.015723 0.025701 0.031447
0 0.012850 0.015723 0.025701 0.031447
0 0.012850 0.017296 0.025701 0.034591
0 0.012850 0.015723 0.025701 0.031447
0 0.012850 0.015723 0.025701 0.031447
0 0.012850 0.017296 0.025701 0.034591
0 0.012850 0.015723 0.025701 0.031447
0 0.012850 0.015723 0.025701 0.031447
0 0.012850 0.015723 0.025701 0.031447
0 0.012850 0.015723 0.025701 0.031447
0 0.012850 0.017296 0.025701 0.034591
0 0.012850 0.015723 0.025701 0.031447
0 0.012850 0.015723 0.025701 0.031447
0 0.012850 0.015723 0.025701 0.031447
0 0.012850 0.015723 0.025701 0.031447
0 0.012850 0.015723 0.025701 0.031447
0 0.012850 0.015723 0.025701 0.031447
0 0.012850 0.017296 0.025701 0.034591
0 0.012850 0.015723 0.025701 0.031447
0 0.012850 0.015723 0.025701 0.031447
0 0.012850 0.017296 0.025701 0.034591
0 0.012850 0.015723 0.025701 0.031447
0 0.012850 0.015723 0.025701 0.031447
0 0.012850 0.015723 0.025701 0.031447
0 0.012850 0.017296 0.025701 0.034591
0 0.012850 0.015723 0.025701 0.031447
0 0.012850 0.015723 0.025701 0.031447
0 0.012850 0.015723 0.025701 0.031447
0 0.012850 0.017296 0.025701 0.034591
0 0.012850 0.015723 0.025701 0.031447
0 0.012850 0.015723 0.025701 0.031447
0 0.012850 0.017296 0.025701 0.034591
0 0.012850 0.015723 0.025701 0.031447
0 0.012850 0.015723 0.025701 0.031447
0 0.012850 0.015723 0.025701 0.031447
0 0.012850 0.015723 0.025701 0.031447
0 0.012850 0.015723 0.025701 0.031447
0 0.012850 0.015723 0.025701 0.031447
0 0.012850 0.015723 0.025701 0.031447
0 0.012850 0.015723 0.025701 0.031447
0 0.012850 0.015723 0.025701 0.031447
0 0.012850 0.015723 0.025701 0.031447
0 0.012850 0.017296 0.025701 0.034591
0 0.012850 0.015723 0.025701 0.031447
0 0.012850 0.015723 0.025701 0.031447
0 0.012850 0.015723 0.025701 0.031447
0 0.012850 0.015723 0.025701 0.031447
0 0.012850 0.017296 0.025701 0.034591
0 0.012850 0.015723 0.025701 0.031447
0 0.012850 0.015723 0.025701 0.031447
0 0.012850 0.017296 0.025701 0.034591
0 0.012850 0.015723 0.025701 0.031447
0 0.012850 0.015723 0.025701 0.031447
0 0.012850 0.017296 0.025701 0.034591
0 0.012850 0.015723 0.025701 0.031447
0 0.012850 0.015723 0.025701 0.031447
0 0.012850 0.017296 0.025701 0.034591
0 0.012850 0.015723 0.025701 0.031447
0 0.012850 0.017296 0.025701 0.034591
0 0.012850 0.015723 0.025701 0.031447
0 0.012850 0.015723 0.025701 0.031447
0 0.012850 0.015723 0.025701 0.031447
0 0.012850 0.015723 0.025701 0.031447
0 0.012850 0.015723 0.025701 0.031447
0 0.012850 0.015723 0.025701 0.031447
0 0.012850 0.015723 0.025701 0.031447
0 0.012850 0.017296 0.025701 0.034591
0 0.012850 0.017296 0.025701 0.034591
0 0.012850 0.015723 0.025701 0.031447
0 0.012850 0.015723 0.025701 0.031447
0 0.012850 0.015723 0.025701 0.031447
0 0.012850 0.015723 0.025701 0.031447
0 0.012850 0.015723 0.025701 0.031447
0 0.012850 0.015723 0.025701 0.031447
0 0.012850 0.015723 0.025701 0.031447
0 0.012850 0.015723 0.025701 0.031447
0 0.012850 0.015723 0.025701 0.031447
0 0.012850 0.015723 0.025701 0.031447
0 0.012850 0.015723 0.025701 0.031447
0 0.012850 0.015723 0.025701 0.031447
0 0.012850 0.017296 0.025701 0.034591
0 0.012850 0.015723 0.025701 0.031447
0 0.012850 0.015723 0.025701 0.031447
0 0.012850 0.015723 0.025701 0.031447