0 0.005371 0.007331 0.010742 0.014663
0 0.005371 0.007331 0.010742 0.014663
0 0.005371 0.007331 0.010742 0.014663
0 0.005371 0.007331 0.010742 0.014663
0 0.005371 0.007331 0.010742 0.014663
0 0.005371 0.007331 0.010742 0.014663
0 0.005371 0.007331 0.010742 0.014663
0 0.005371 0.007331 0.010742 0.014663
0 0.005371 0.007331 0.010742 0.014663
0 0.005371 0.007331 0.010742 0.014663
0 0.005371 0.007331 0.010742 0.014663
0 0.005371 0.007331 0.010742 0.014663
0 0.005371 0.007331 0.010742 0.014663
0 0.005371 0.007331 0.010742 0.014663
0 0.005371 0.007331 0.010742 0.014663
0 0.005371 0.007331 0.010742 0.014663
0 0.005371 0.007331 0.010742 0.014663
0 0.005371 0.007331 0.010742 0.014663
0 0.005371 0.007331 0.010742 0.014663
0 0.005371 0.007331 0.010742 0.014663
0 0.005371 0.007331 0.010742 0.014663
0 0.005371 0.007331 0.010742 0.014663
0 0.005371 0.007331 0.010742 0.014663
0 0.005371 0.007331 0.010742 0.014663
0 0.005371 0.007331 0.010742 0.014663
0 0.005371 0.007331 0.010742 0.014663
0 0.005371 0.007331 0.010742 0.014663
0 0.005371 0.007331 0.010742 0.014663
0 0.005371 0.007331 0.010742 0.014663
0 0.005371 0.007331 0.010742 0.014663
0 0.005371 0.007331 0.010742 0.014663
0 0.005371 0.007331 0.010742 0.014663
0 0.005371 0.007331 0.010742 0.014663
0 0.005371 0.007331 0.010742 0.014663
0 0.005371 0.007331 0.010742 0.014663
0 0.005371 0.007331 0.010742 0.014663
0 0.005371 0.007331 0.010742 0.014663
0 0.005371 0.007331 0.010742 0.014663
0 0.005371 0.007331 0.010742 0.014663
0 0.005371 0.007331 0.010742 0.014663
0 0.005371 0.007331 0.010742 0.014663
0 0.005371 0.007331 0.010742 0.014663
0 0.005371 0.007331 0.010742 0.014663
0 0.005371 0.007331 0.010742 0.014663
0 0.005371 0.007331 0.010742 0.014663
0 0.005371 0.007331 0.010742 0.014663
0 0.005371 0.007331 0.010742 0.014663
0 0.005371 0.007331 0.010742 0.014663
0 0.005371 0.007331 0.010742 0.014663
0 0.005371 0.007331 0.010742 0.014663