0 0.007161 0.010204 0.014323 0.020408
0 0.007161 0.010204 0.014323 0.020408
0 0.007161 0.010204 0.014323 0.020408
0 0.007161 0.010204 0.014323 0.020408
0 0.007161 0.010204 0.014323 0.020408
0 0.007161 0.010204 0.014323 0.020408
0 0.007161 0.010204 0.014323 0.020408
0 0.007161 0.010204 0.014323 0.020408
0 0.007161 0.010204 0.014323 0.020408
0 0.007161 0.010204 0.014323 0.020408
0 0.007161 0.010204 0.014323 0.020408
0 0.007161 0.010204 0.014323 0.020408
0 0.007161 0.010204 0.014323 0.020408
0 0.007161 0.010204 0.014323 0.020408
0 0.007161 0.010204 0.014323 0.020408
0 0.007161 0.010204 0.014323 0.020408
0 0.007161 0.010204 0.014323 0.020408
0 0.007161 0.010204 0.014323 0.020408
0 0.007161 0.010204 0.014323 0.020408
0 0.007161 0.010204 0.014323 0.020408
0 0.007161 0.010204 0.014323 0.020408
0 0.007161 0.010204 0.014323 0.020408
0 0.007161 0.010204 0.014323 0.020408
0 0.007161 0.010204 0.014323 0.020408
0 0.007161 0.010204 0.014323 0.020408
0 0.007161 0.010204 0.014323 0.020408
0 0.007161 0.010204 0.014323 0.020408
0 0.007161 0.010204 0.014323 0.020408
0 0.007161 0.010204 0.014323 0.020408
0 0.007161 0.010204 0.014323 0.020408
0 0.007161 0.010204 0.014323 0.020408
0 0.007161 0.010204 0.014323 0.020408
0 0.007161 0.010204 0.014323 0.020408
0 0.007161 0.010204 0.014323 0.020408
0 0.007161 0.010204 0.014323 0.020408
0 0.007161 0.010204 0.014323 0.020408
0 0.007161 0.010204 0.014323 0.020408
0 0.007161 0.010204 0.014323 0.020408
0 0.007161 0.010204 0.014323 0.020408