0 0.001340 0.001827 0.002680 0.003655
0 0.001340 0.001827 0.002680 0.003655
0 0.001340 0.001827 0.002680 0.003655
0 0.001340 0.001827 0.002680 0.003655
0 0.001340 0.001827 0.002680 0.003655
0 0.001584 0.001827 0.003168 0.003655
0 0.001340 0.001827 0.002680 0.003655
0 0.001340 0.001827 0.002680 0.003655
0 0.001340 0.001827 0.002680 0.003655
0 0.001340 0.001827 0.002680 0.003655
0 0.001340 0.001827 0.002680 0.003655
0 0.001340 0.001827 0.002680 0.003655
0 0.001340 0.001827 0.002680 0.003655
0 0.001340 0.001827 0.002680 0.003655
0 0.001340 0.001827 0.002680 0.003655
0 0.001340 0.001827 0.002680 0.003655
0 0.001340 0.001827 0.002680 0.003655
0 0.001340 0.001827 0.002680 0.003655
0 0.001340 0.001827 0.002680 0.003655
0 0.001340 0.001827 0.002680 0.003655
0 0.001340 0.001827 0.002680 0.003655
0 0.001340 0.001827 0.002680 0.003655
0 0.001340 0.001827 0.002680 0.003655
0 0.001340 0.001827 0.002680 0.003655
0 0.001340 0.001827 0.002680 0.003655
0 0.001340 0.001827 0.002680 0.003655
0 0.001340 0.001827 0.002680 0.003655
0 0.001340 0.001827 0.002680 0.003655
0 0.001340 0.001827 0.002680 0.003655
0 0.001340 0.001827 0.002680 0.003655
0 0.001340 0.001827 0.002680 0.003655
0 0.001340 0.001827 0.002680 0.003655
0 0.001340 0.001827 0.002680 0.003655
0 0.001340 0.001827 0.002680 0.003655
0 0.001340 0.001827 0.002680 0.003655
0 0.001340 0.001827 0.002680 0.003655
0 0.001340 0.001827 0.002680 0.003655
0 0.001340 0.001827 0.002680 0.003655
0 0.001340 0.001827 0.002680 0.003655
0 0.001340 0.001827 0.002680 0.003655
0 0.001340 0.001827 0.002680 0.003655
0 0.001340 0.001827 0.002680 0.003655