0 0.007161 0.009766 0.014323 0.019531
0 0.007161 0.009766 0.014323 0.019531
0 0.007161 0.009766 0.014323 0.019531
0 0.007161 0.009766 0.014323 0.019531
0 0.007161 0.009766 0.014323 0.019531
0 0.007161 0.009766 0.014323 0.019531
0 0.007161 0.009766 0.014323 0.019531
0 0.007161 0.009766 0.014323 0.019531
0 0.007161 0.009766 0.014323 0.019531
0 0.007161 0.009766 0.014323 0.019531
0 0.007161 0.009766 0.014323 0.019531
0 0.007161 0.009766 0.014323 0.019531
0 0.007161 0.009766 0.014323 0.019531
0 0.007161 0.009766 0.014323 0.019531
0 0.007161 0.009766 0.014323 0.019531
0 0.007161 0.009766 0.014323 0.019531
0 0.007161 0.009766 0.014323 0.019531
0 0.007161 0.009766 0.014323 0.019531
0 0.007161 0.009766 0.014323 0.019531
0 0.007161 0.009766 0.014323 0.019531
0 0.007161 0.009766 0.014323 0.019531
0 0.007161 0.009766 0.014323 0.019531
0 0.007161 0.009766 0.014323 0.019531
0 0.007161 0.009766 0.014323 0.019531
0 0.007161 0.009766 0.014323 0.019531
0 0.007161 0.009766 0.014323 0.019531
0 0.007161 0.009766 0.014323 0.019531
0 0.007161 0.009766 0.014323 0.019531
0 0.007161 0.009766 0.014323 0.019531
0 0.007161 0.009766 0.014323 0.019531
0 0.007161 0.009766 0.014323 0.019531
0 0.007161 0.009766 0.014323 0.019531
0 0.007161 0.009766 0.014323 0.019531
0 0.007161 0.009766 0.014323 0.019531
0 0.007161 0.009766 0.014323 0.019531