0 0.008594 0.011905 0.017188 0.023810
0 0.008594 0.011905 0.017188 0.023810
0 0.008594 0.011905 0.017188 0.023810
0 0.008594 0.011905 0.017188 0.023810
0 0.008594 0.011905 0.017188 0.023810
0 0.008594 0.011905 0.017188 0.023810
0 0.008594 0.011905 0.017188 0.023810
0 0.008594 0.011905 0.017188 0.023810
0 0.008594 0.011905 0.017188 0.023810
0 0.008594 0.011905 0.017188 0.023810
0 0.008594 0.011905 0.017188 0.023810
0 0.008594 0.011905 0.017188 0.023810
0 0.008594 0.011905 0.017188 0.023810
0 0.008594 0.011905 0.017188 0.023810