0 0.010000 0.013736 0.020000 0.027473
0 0.010000 0.013736 0.020000 0.027473
0 0.010000 0.013736 0.020000 0.027473
0 0.010000 0.013736 0.020000 0.027473
0 0.010000 0.013736 0.020000 0.027473
0 0.010000 0.013736 0.020000 0.027473
0 0.010000 0.013736 0.020000 0.027473
0 0.010000 0.013736 0.020000 0.027473
0 0.010000 0.013736 0.020000 0.027473
0 0.010000 0.013736 0.020000 0.027473
0 0.010000 0.013736 0.020000 0.027473
0 0.010000 0.013736 0.020000 0.027473
0 0.010000 0.013736 0.020000 0.027473
0 0.010000 0.013736 0.020000 0.027473
0 0.010000 0.013736 0.020000 0.027473
0 0.010000 0.013736 0.020000 0.027473
0 0.010000 0.013736 0.020000 0.027473
0 0.010000 0.013736 0.020000 0.027473
0 0.010000 0.013736 0.020000 0.027473