0 0.017188 0.027778 0.034375 0.055556
0 0.017188 0.027778 0.034375 0.055556
0 0.017188 0.027778 0.034375 0.055556
0 0.018750 0.027778 0.037500 0.055556
0 0.017188 0.027778 0.034375 0.055556
0 0.017188 0.027778 0.034375 0.055556
0 0.017188 0.027778 0.034375 0.055556
0 0.017188 0.027778 0.034375 0.055556
0 0.017188 0.027778 0.034375 0.055556
0 0.017188 0.027778 0.034375 0.055556
0 0.017188 0.027778 0.034375 0.055556
0 0.018750 0.027778 0.037500 0.055556
0 0.017188 0.027778 0.034375 0.055556
0 0.017188 0.027778 0.034375 0.055556
0 0.017188 0.027778 0.034375 0.055556
0 0.017188 0.027778 0.034375 0.055556
0 0.017188 0.027778 0.034375 0.055556