0 0.003129 0.005721 0.006257 0.011442
0 0.003129 0.005721 0.006257 0.011442
0 0.003129 0.005721 0.006257 0.011442
0 0.003129 0.005721 0.006257 0.011442
0 0.003129 0.005721 0.006257 0.011442
0 0.003129 0.005721 0.006257 0.011442
0 0.003129 0.005721 0.006257 0.011442
0 0.003129 0.005721 0.006257 0.011442
0 0.003129 0.005721 0.006257 0.011442
0 0.003129 0.005721 0.006257 0.011442
0 0.003129 0.005721 0.006257 0.011442
0 0.003129 0.005721 0.006257 0.011442
0 0.003129 0.005721 0.006257 0.011442
0 0.003129 0.005721 0.006257 0.011442
0 0.003129 0.005721 0.006257 0.011442
0 0.003129 0.005721 0.006257 0.011442
0 0.003129 0.005721 0.006257 0.011442
0 0.003129 0.005721 0.006257 0.011442
0 0.003129 0.005721 0.006257 0.011442
0 0.003129 0.005721 0.006257 0.011442
0 0.003129 0.005721 0.006257 0.011442
0 0.003129 0.005721 0.006257 0.011442
0 0.003129 0.005721 0.006257 0.011442
0 0.003129 0.005721 0.006257 0.011442
0 0.003129 0.005721 0.006257 0.011442
0 0.003129 0.005721 0.006257 0.011442
0 0.003129 0.005721 0.006257 0.011442
0 0.003129 0.005721 0.006257 0.011442
0 0.003129 0.005721 0.006257 0.011442
0 0.003129 0.005721 0.006257 0.011442
0 0.003129 0.005721 0.006257 0.011442