0 0.011803 0.019231 0.023605 0.038462
0 0.011803 0.019231 0.023605 0.038462
0 0.011803 0.019231 0.023605 0.038462
0 0.011803 0.019231 0.023605 0.038462
0 0.011803 0.019231 0.023605 0.038462
0 0.011803 0.021154 0.023605 0.042308
0 0.011803 0.019231 0.023605 0.038462
0 0.011803 0.019231 0.023605 0.038462
0 0.011803 0.019231 0.023605 0.038462
0 0.011803 0.021154 0.023605 0.042308
0 0.011803 0.021154 0.023605 0.042308
0 0.011803 0.021154 0.023605 0.042308
0 0.011803 0.021154 0.023605 0.042308
0 0.011803 0.021154 0.023605 0.042308
0 0.011803 0.019231 0.023605 0.038462
0 0.011803 0.019231 0.023605 0.038462
0 0.011803 0.019231 0.023605 0.038462
0 0.011803 0.019231 0.023605 0.038462
0 0.011803 0.019231 0.023605 0.038462
0 0.011803 0.021154 0.023605 0.042308
0 0.011803 0.019231 0.023605 0.038462
0 0.011803 0.021154 0.023605 0.042308
0 0.011803 0.021154 0.023605 0.042308
0 0.011803 0.019231 0.023605 0.038462
0 0.011803 0.021154 0.023605 0.042308
0 0.011803 0.019231 0.023605 0.038462
0 0.011803 0.021154 0.023605 0.042308
0 0.011803 0.021154 0.023605 0.042308
0 0.011803 0.019231 0.023605 0.038462
0 0.011803 0.019231 0.023605 0.038462
0 0.011803 0.019231 0.023605 0.038462
0 0.011803 0.019231 0.023605 0.038462
0 0.011803 0.019231 0.023605 0.038462
0 0.011803 0.019231 0.023605 0.038462
0 0.011803 0.019231 0.023605 0.038462
0 0.011803 0.021154 0.023605 0.042308
0 0.011803 0.021154 0.023605 0.042308
0 0.011803 0.021154 0.023605 0.042308
0 0.011803 0.019231 0.023605 0.038462
0 0.011803 0.021154 0.023605 0.042308
0 0.011803 0.019231 0.023605 0.038462