0 0.005376 0.009565 0.010753 0.019130
0 0.005376 0.009565 0.010753 0.019130
0 0.005376 0.008696 0.010753 0.017391
0 0.005376 0.008696 0.010753 0.017391
0 0.005376 0.009565 0.010753 0.019130
0 0.005376 0.008696 0.010753 0.017391
0 0.005376 0.008696 0.010753 0.017391
0 0.005376 0.008696 0.010753 0.017391
0 0.005376 0.008696 0.010753 0.017391
0 0.005376 0.009565 0.010753 0.019130
0 0.005376 0.008696 0.010753 0.017391
0 0.005376 0.009565 0.010753 0.019130
0 0.005376 0.009565 0.010753 0.019130
0 0.005376 0.009565 0.010753 0.019130
0 0.005376 0.008696 0.010753 0.017391
0 0.005376 0.008696 0.010753 0.017391
0 0.005376 0.008696 0.010753 0.017391
0 0.005376 0.008696 0.010753 0.017391
0 0.005376 0.008696 0.010753 0.017391
0 0.005376 0.009565 0.010753 0.019130
0 0.005376 0.009565 0.010753 0.019130
0 0.005376 0.009565 0.010753 0.019130
0 0.005376 0.008696 0.010753 0.017391
0 0.005376 0.009565 0.010753 0.019130
0 0.005376 0.008696 0.010753 0.017391
0 0.005376 0.009565 0.010753 0.019130
0 0.005376 0.008696 0.010753 0.017391
0 0.005376 0.009565 0.010753 0.019130
0 0.005376 0.009565 0.010753 0.019130
0 0.005376 0.008696 0.010753 0.017391
0 0.005376 0.009565 0.010753 0.019130
0 0.005376 0.008696 0.010753 0.017391
0 0.005376 0.009565 0.010753 0.019130
0 0.005376 0.008696 0.010753 0.017391
0 0.005376 0.008696 0.010753 0.017391
0 0.005376 0.009565 0.010753 0.019130
0 0.005376 0.009565 0.010753 0.019130
0 0.005376 0.008696 0.010753 0.017391
0 0.005376 0.008696 0.010753 0.017391
0 0.005376 0.008696 0.010753 0.017391
0 0.005376 0.008696 0.010753 0.017391
0 0.005376 0.008696 0.010753 0.017391
0 0.005376 0.008696 0.010753 0.017391
0 0.005376 0.009565 0.010753 0.019130
0 0.005376 0.008696 0.010753 0.017391
0 0.005376 0.008696 0.010753 0.017391
0 0.005376 0.009565 0.010753 0.019130
0 0.005376 0.008696 0.010753 0.017391
0 0.005376 0.009565 0.010753 0.019130
0 0.005376 0.009565 0.010753 0.019130
0 0.005376 0.008696 0.010753 0.017391
0 0.005376 0.008696 0.010753 0.017391
0 0.005376 0.008696 0.010753 0.017391
0 0.005376 0.008696 0.010753 0.017391