0 0.009182 0.013441 0.018364 0.026882
0 0.009182 0.013441 0.018364 0.026882
0 0.009182 0.013441 0.018364 0.026882
0 0.009182 0.013441 0.018364 0.026882
0 0.009182 0.013441 0.018364 0.026882
0 0.009182 0.013441 0.018364 0.026882
0 0.009182 0.013441 0.018364 0.026882
0 0.009182 0.013441 0.018364 0.026882
0 0.009182 0.013441 0.018364 0.026882
0 0.009182 0.013441 0.018364 0.026882
0 0.009182 0.013441 0.018364 0.026882
0 0.009182 0.013441 0.018364 0.026882
0 0.009182 0.013441 0.018364 0.026882
0 0.009182 0.013441 0.018364 0.026882
0 0.009182 0.013441 0.018364 0.026882
0 0.009182 0.013441 0.018364 0.026882
0 0.009182 0.013441 0.018364 0.026882
0 0.009182 0.013441 0.018364 0.026882
0 0.009182 0.013441 0.018364 0.026882