0 0.001447 0.002169 0.002895 0.004338
0 0.001447 0.001972 0.002895 0.003943
0 0.001447 0.002169 0.002895 0.004338
0 0.001447 0.002169 0.002895 0.004338
0 0.001447 0.002169 0.002895 0.004338
0 0.001447 0.002169 0.002895 0.004338
0 0.001447 0.002169 0.002895 0.004338
0 0.001447 0.002169 0.002895 0.004338
0 0.001447 0.002169 0.002895 0.004338
0 0.001447 0.002169 0.002895 0.004338
0 0.001447 0.002169 0.002895 0.004338
0 0.001447 0.002169 0.002895 0.004338
0 0.001447 0.002169 0.002895 0.004338
0 0.001447 0.001972 0.002895 0.003943