0 0.001146 0.001651 0.002292 0.003302
0 0.001146 0.001651 0.002292 0.003302
0 0.001146 0.001651 0.002292 0.003302
0 0.001146 0.001651 0.002292 0.003302
0 0.001146 0.001651 0.002292 0.003302
0 0.001146 0.001651 0.002292 0.003302
0 0.001146 0.001651 0.002292 0.003302
0 0.001146 0.001651 0.002292 0.003302
0 0.001146 0.001651 0.002292 0.003302
0 0.001146 0.001501 0.002292 0.003002
0 0.001146 0.001651 0.002292 0.003302
0 0.001146 0.001651 0.002292 0.003302
0 0.001146 0.001651 0.002292 0.003302
0 0.001146 0.001651 0.002292 0.003302
0 0.001146 0.001651 0.002292 0.003302
0 0.001146 0.001651 0.002292 0.003302
0 0.001146 0.001651 0.002292 0.003302
0 0.001146 0.001651 0.002292 0.003302