0 0.006316 0.010000 0.012632 0.020000
0 0.005789 0.010000 0.011579 0.020000
0 0.005789 0.010000 0.011579 0.020000
0 0.005789 0.010000 0.011579 0.020000
0 0.005789 0.010000 0.011579 0.020000
0 0.005789 0.010000 0.011579 0.020000
0 0.005789 0.010000 0.011579 0.020000
0 0.006316 0.010000 0.012632 0.020000
0 0.005789 0.010000 0.011579 0.020000
0 0.005789 0.010000 0.011579 0.020000
0 0.005789 0.010000 0.011579 0.020000
0 0.006316 0.010000 0.012632 0.020000
0 0.005789 0.010000 0.011579 0.020000
0 0.005789 0.010000 0.011579 0.020000
0 0.005789 0.010000 0.011579 0.020000
0 0.006316 0.010000 0.012632 0.020000
0 0.005789 0.010000 0.011579 0.020000
0 0.005789 0.010000 0.011579 0.020000
0 0.005789 0.010000 0.011579 0.020000
0 0.006316 0.010000 0.012632 0.020000
0 0.005789 0.010000 0.011579 0.020000
0 0.005789 0.010000 0.011579 0.020000
0 0.005789 0.010000 0.011579 0.020000
0 0.006316 0.010000 0.012632 0.020000
0 0.005789 0.010000 0.011579 0.020000
0 0.005789 0.010000 0.011579 0.020000
0 0.005789 0.010000 0.011579 0.020000
0 0.005789 0.010000 0.011579 0.020000
0 0.005789 0.010000 0.011579 0.020000
0 0.005789 0.010000 0.011579 0.020000
0 0.005789 0.010000 0.011579 0.020000
0 0.005789 0.010000 0.011579 0.020000
0 0.006316 0.010000 0.012632 0.020000
0 0.005789 0.010000 0.011579 0.020000
0 0.005789 0.010000 0.011579 0.020000
0 0.006316 0.010000 0.012632 0.020000
0 0.005789 0.010000 0.011579 0.020000
0 0.005789 0.010000 0.011579 0.020000
0 0.005789 0.010000 0.011579 0.020000
0 0.005789 0.010000 0.011579 0.020000
0 0.005789 0.010000 0.011579 0.020000
0 0.005789 0.010000 0.011579 0.020000
0 0.005789 0.010000 0.011579 0.020000
0 0.005789 0.010000 0.011579 0.020000
0 0.005789 0.010000 0.011579 0.020000
0 0.005789 0.010000 0.011579 0.020000
0 0.005789 0.010000 0.011579 0.020000
0 0.005789 0.010000 0.011579 0.020000
0 0.005789 0.010000 0.011579 0.020000
0 0.006316 0.010000 0.012632 0.020000
0 0.005789 0.010000 0.011579 0.020000
0 0.005789 0.010000 0.011579 0.020000
0 0.005789 0.010000 0.011579 0.020000
0 0.005789 0.010000 0.011579 0.020000
0 0.005789 0.010000 0.011579 0.020000
0 0.005789 0.010000 0.011579 0.020000
0 0.005789 0.010000 0.011579 0.020000
0 0.006316 0.010000 0.012632 0.020000
0 0.005789 0.010000 0.011579 0.020000
0 0.005789 0.010000 0.011579 0.020000
0 0.005789 0.010000 0.011579 0.020000
0 0.005789 0.010000 0.011579 0.020000