0 0.008871 0.014327 0.017742 0.028653
0 0.008871 0.014327 0.017742 0.028653
0 0.008871 0.014327 0.017742 0.028653
0 0.008871 0.014327 0.017742 0.028653
0 0.008871 0.014327 0.017742 0.028653
0 0.008871 0.014327 0.017742 0.028653
0 0.008871 0.014327 0.017742 0.028653
0 0.008871 0.014327 0.017742 0.028653
0 0.008871 0.014327 0.017742 0.028653
0 0.008871 0.014327 0.017742 0.028653
0 0.008871 0.014327 0.017742 0.028653
0 0.008871 0.014327 0.017742 0.028653
0 0.008871 0.014327 0.017742 0.028653
0 0.008871 0.014327 0.017742 0.028653
0 0.008871 0.014327 0.017742 0.028653
0 0.008871 0.014327 0.017742 0.028653
0 0.008871 0.014327 0.017742 0.028653
0 0.008871 0.014327 0.017742 0.028653
0 0.008871 0.014327 0.017742 0.028653
0 0.008871 0.014327 0.017742 0.028653
0 0.008871 0.014327 0.017742 0.028653
0 0.008871 0.014327 0.017742 0.028653
0 0.008871 0.014327 0.017742 0.028653
0 0.008871 0.014327 0.017742 0.028653
0 0.008871 0.014327 0.017742 0.028653
0 0.010484 0.014327 0.020968 0.028653
0 0.008871 0.014327 0.017742 0.028653
0 0.008871 0.014327 0.017742 0.028653
0 0.008871 0.014327 0.017742 0.028653
0 0.008871 0.014327 0.017742 0.028653
0 0.008871 0.014327 0.017742 0.028653
0 0.008871 0.014327 0.017742 0.028653
0 0.008871 0.014327 0.017742 0.028653
0 0.008871 0.014327 0.017742 0.028653
0 0.008871 0.014327 0.017742 0.028653
0 0.008871 0.014327 0.017742 0.028653
0 0.008871 0.014327 0.017742 0.028653
0 0.008871 0.014327 0.017742 0.028653
0 0.008871 0.014327 0.017742 0.028653
0 0.008871 0.014327 0.017742 0.028653
0 0.008871 0.014327 0.017742 0.028653
0 0.008871 0.014327 0.017742 0.028653
0 0.008871 0.014327 0.017742 0.028653
0 0.010484 0.014327 0.020968 0.028653
0 0.008871 0.014327 0.017742 0.028653
0 0.008871 0.014327 0.017742 0.028653
0 0.008871 0.014327 0.017742 0.028653
0 0.008871 0.014327 0.017742 0.028653
0 0.008871 0.014327 0.017742 0.028653
0 0.008871 0.014327 0.017742 0.028653
0 0.008871 0.014327 0.017742 0.028653
0 0.008871 0.014327 0.017742 0.028653
0 0.008871 0.014327 0.017742 0.028653
0 0.008871 0.014327 0.017742 0.028653
0 0.008871 0.014327 0.017742 0.028653
0 0.008871 0.014327 0.017742 0.028653