0 0.006383 0.008621 0.012766 0.017241
0 0.005851 0.008621 0.011702 0.017241
0 0.005851 0.008621 0.011702 0.017241
0 0.005851 0.008621 0.011702 0.017241
0 0.005851 0.008621 0.011702 0.017241
0 0.005851 0.008621 0.011702 0.017241
0 0.006383 0.008621 0.012766 0.017241
0 0.005851 0.008621 0.011702 0.017241
0 0.005851 0.008621 0.011702 0.017241
0 0.005851 0.008621 0.011702 0.017241
0 0.005851 0.008621 0.011702 0.017241
0 0.005851 0.008621 0.011702 0.017241
0 0.005851 0.008621 0.011702 0.017241
0 0.005851 0.008621 0.011702 0.017241
0 0.005851 0.008621 0.011702 0.017241
0 0.005851 0.008621 0.011702 0.017241
0 0.005851 0.008621 0.011702 0.017241
0 0.005851 0.008621 0.011702 0.017241
0 0.005851 0.008621 0.011702 0.017241
0 0.005851 0.008621 0.011702 0.017241