0 0.002750 0.006024 0.005500 0.012048
0 0.002750 0.006024 0.005500 0.012048
0 0.002750 0.006024 0.005500 0.012048
0 0.002750 0.006627 0.005500 0.013253
0 0.002750 0.006024 0.005500 0.012048
0 0.002750 0.006627 0.005500 0.013253
0 0.002750 0.006627 0.005500 0.013253
0 0.002750 0.006627 0.005500 0.013253
0 0.002750 0.006627 0.005500 0.013253
0 0.002750 0.006627 0.005500 0.013253
0 0.002750 0.006627 0.005500 0.013253
0 0.002750 0.006024 0.005500 0.012048
0 0.002750 0.006024 0.005500 0.012048
0 0.002750 0.006627 0.005500 0.013253
0 0.002750 0.006024 0.005500 0.012048
0 0.002750 0.006627 0.005500 0.013253
0 0.002750 0.006024 0.005500 0.012048
0 0.002750 0.006024 0.005500 0.012048
0 0.002750 0.006024 0.005500 0.012048
0 0.002750 0.006024 0.005500 0.012048
0 0.002750 0.006024 0.005500 0.012048
0 0.002750 0.006627 0.005500 0.013253
0 0.002750 0.006627 0.005500 0.013253
0 0.002750 0.006024 0.005500 0.012048
0 0.002750 0.006024 0.005500 0.012048
0 0.002750 0.006024 0.005500 0.012048
0 0.002750 0.006627 0.005500 0.013253
0 0.002750 0.006627 0.005500 0.013253
0 0.002750 0.006627 0.005500 0.013253
0 0.002750 0.006024 0.005500 0.012048
0 0.002750 0.006024 0.005500 0.012048
0 0.002750 0.006627 0.005500 0.013253
0 0.002750 0.006627 0.005500 0.013253
0 0.002750 0.006024 0.005500 0.012048