0 0.010000 0.012853 0.020000 0.025707
0 0.010000 0.012853 0.020000 0.025707
0 0.010000 0.012853 0.020000 0.025707
0 0.010000 0.012853 0.020000 0.025707
0 0.010000 0.012853 0.020000 0.025707
0 0.010000 0.012853 0.020000 0.025707
0 0.010000 0.012853 0.020000 0.025707
0 0.010000 0.012853 0.020000 0.025707
0 0.010000 0.012853 0.020000 0.025707
0 0.010000 0.012853 0.020000 0.025707
0 0.010000 0.012853 0.020000 0.025707
0 0.010000 0.012853 0.020000 0.025707
0 0.010000 0.012853 0.020000 0.025707
0 0.010000 0.012853 0.020000 0.025707
0 0.010000 0.012853 0.020000 0.025707
0 0.010000 0.012853 0.020000 0.025707
0 0.010000 0.012853 0.020000 0.025707
0 0.010000 0.012853 0.020000 0.025707
0 0.010000 0.012853 0.020000 0.025707
0 0.010000 0.012853 0.020000 0.025707
0 0.010000 0.012853 0.020000 0.025707
0 0.010000 0.012853 0.020000 0.025707
0 0.010000 0.012853 0.020000 0.025707
0 0.010000 0.012853 0.020000 0.025707
0 0.010000 0.012853 0.020000 0.025707
0 0.010000 0.012853 0.020000 0.025707
0 0.010000 0.012853 0.020000 0.025707
0 0.010000 0.012853 0.020000 0.025707
0 0.010000 0.012853 0.020000 0.025707
0 0.010000 0.012853 0.020000 0.025707
0 0.010000 0.012853 0.020000 0.025707
0 0.010000 0.012853 0.020000 0.025707
0 0.010000 0.012853 0.020000 0.025707
0 0.010000 0.012853 0.020000 0.025707
0 0.010000 0.012853 0.020000 0.025707
0 0.010000 0.012853 0.020000 0.025707
0 0.010000 0.012853 0.020000 0.025707
0 0.010000 0.012853 0.020000 0.025707
0 0.010000 0.012853 0.020000 0.025707
0 0.010000 0.012853 0.020000 0.025707
0 0.010000 0.012853 0.020000 0.025707
0 0.010000 0.012853 0.020000 0.025707
0 0.010000 0.012853 0.020000 0.025707
0 0.010000 0.012853 0.020000 0.025707
0 0.010000 0.012853 0.020000 0.025707
0 0.010000 0.012853 0.020000 0.025707