0 0.008088 0.009804 0.016176 0.019608
0 0.008088 0.009804 0.016176 0.019608
0 0.008088 0.009804 0.016176 0.019608
0 0.008088 0.009804 0.016176 0.019608
0 0.008088 0.009804 0.016176 0.019608
0 0.008088 0.009804 0.016176 0.019608
0 0.008088 0.009804 0.016176 0.019608
0 0.008088 0.009804 0.016176 0.019608
0 0.008088 0.009804 0.016176 0.019608
0 0.008088 0.009804 0.016176 0.019608
0 0.008088 0.009804 0.016176 0.019608
0 0.008088 0.009804 0.016176 0.019608
0 0.008088 0.009804 0.016176 0.019608
0 0.008088 0.009804 0.016176 0.019608
0 0.008088 0.009804 0.016176 0.019608
0 0.008088 0.009804 0.016176 0.019608
0 0.008088 0.009804 0.016176 0.019608
0 0.008088 0.009804 0.016176 0.019608
0 0.008088 0.009804 0.016176 0.019608
0 0.008088 0.009804 0.016176 0.019608
0 0.008088 0.009804 0.016176 0.019608
0 0.008088 0.009804 0.016176 0.019608
0 0.008088 0.009804 0.016176 0.019608
0 0.008088 0.009804 0.016176 0.019608
0 0.008088 0.009804 0.016176 0.019608
0 0.008088 0.009804 0.016176 0.019608
0 0.008088 0.009804 0.016176 0.019608