0 0.001061 0.001591 0.002122 0.003183
0 0.001061 0.001591 0.002122 0.003183
0 0.001061 0.001591 0.002122 0.003183
0 0.001061 0.001447 0.002122 0.002894
0 0.001061 0.001447 0.002122 0.002894
0 0.001061 0.001447 0.002122 0.002894
0 0.001061 0.001447 0.002122 0.002894
0 0.001061 0.001591 0.002122 0.003183
0 0.001061 0.001591 0.002122 0.003183
0 0.001061 0.001447 0.002122 0.002894
0 0.001061 0.001591 0.002122 0.003183
0 0.001061 0.001447 0.002122 0.002894
0 0.001061 0.001447 0.002122 0.002894
0 0.001061 0.001447 0.002122 0.002894
0 0.001061 0.001447 0.002122 0.002894
0 0.001061 0.001447 0.002122 0.002894
0 0.001061 0.001447 0.002122 0.002894
0 0.001061 0.001447 0.002122 0.002894