0 0.008987 0.010893 0.017974 0.021786
0 0.008987 0.010893 0.017974 0.021786
0 0.008987 0.010893 0.017974 0.021786
0 0.008987 0.010893 0.017974 0.021786
0 0.008987 0.010893 0.017974 0.021786
0 0.008987 0.010893 0.017974 0.021786
0 0.008987 0.010893 0.017974 0.021786
0 0.008987 0.010893 0.017974 0.021786
0 0.008987 0.010893 0.017974 0.021786
0 0.008987 0.010893 0.017974 0.021786
0 0.008987 0.010893 0.017974 0.021786
0 0.008987 0.010893 0.017974 0.021786
0 0.008987 0.010893 0.017974 0.021786
0 0.008987 0.010893 0.017974 0.021786
0 0.008987 0.010893 0.017974 0.021786
0 0.008987 0.010893 0.017974 0.021786
0 0.008987 0.010893 0.017974 0.021786
0 0.008987 0.010893 0.017974 0.021786
0 0.008987 0.010893 0.017974 0.021786
0 0.008987 0.010893 0.017974 0.021786
0 0.008987 0.010893 0.017974 0.021786
0 0.008987 0.010893 0.017974 0.021786
0 0.008987 0.010893 0.017974 0.021786
0 0.008987 0.010893 0.017974 0.021786