0 0.004244 0.005787 0.008488 0.011574
0 0.004244 0.005787 0.008488 0.011574
0 0.004244 0.005787 0.008488 0.011574
0 0.004244 0.005787 0.008488 0.011574
0 0.005015 0.005787 0.010031 0.011574
0 0.005015 0.005787 0.010031 0.011574
0 0.004244 0.005787 0.008488 0.011574
0 0.004244 0.005787 0.008488 0.011574
0 0.004244 0.005787 0.008488 0.011574
0 0.004244 0.005787 0.008488 0.011574
0 0.004244 0.005787 0.008488 0.011574
0 0.004244 0.005787 0.008488 0.011574
0 0.004244 0.005787 0.008488 0.011574
0 0.004244 0.005787 0.008488 0.011574
0 0.004244 0.005787 0.008488 0.011574
0 0.004244 0.005787 0.008488 0.011574
0 0.004244 0.005787 0.008488 0.011574
0 0.004244 0.005787 0.008488 0.011574
0 0.004244 0.005787 0.008488 0.011574