0 0.004583 0.009294 0.009167 0.018587
0 0.004583 0.009294 0.009167 0.018587
0 0.004583 0.009294 0.009167 0.018587
0 0.004583 0.009294 0.009167 0.018587
0 0.004583 0.009294 0.009167 0.018587
0 0.004583 0.009294 0.009167 0.018587
0 0.004583 0.009294 0.009167 0.018587
0 0.004583 0.009294 0.009167 0.018587
0 0.004583 0.009294 0.009167 0.018587
0 0.004583 0.009294 0.009167 0.018587
0 0.004583 0.009294 0.009167 0.018587
0 0.004583 0.009294 0.009167 0.018587
0 0.004583 0.009294 0.009167 0.018587
0 0.004583 0.009294 0.009167 0.018587
0 0.004583 0.009294 0.009167 0.018587
0 0.004583 0.009294 0.009167 0.018587
0 0.004583 0.009294 0.009167 0.018587
0 0.004583 0.009294 0.009167 0.018587
0 0.005417 0.009294 0.010833 0.018587
0 0.004583 0.009294 0.009167 0.018587
0 0.004583 0.009294 0.009167 0.018587
0 0.004583 0.009294 0.009167 0.018587
0 0.004583 0.009294 0.009167 0.018587
0 0.004583 0.009294 0.009167 0.018587
0 0.004583 0.009294 0.009167 0.018587
0 0.004583 0.009294 0.009167 0.018587
0 0.004583 0.009294 0.009167 0.018587
0 0.004583 0.009294 0.009167 0.018587
0 0.004583 0.009294 0.009167 0.018587
0 0.004583 0.009294 0.009167 0.018587
0 0.004583 0.009294 0.009167 0.018587
0 0.004583 0.009294 0.009167 0.018587
0 0.004583 0.009294 0.009167 0.018587
0 0.004583 0.009294 0.009167 0.018587
0 0.004583 0.009294 0.009167 0.018587
0 0.004583 0.009294 0.009167 0.018587
0 0.005417 0.009294 0.010833 0.018587
0 0.004583 0.009294 0.009167 0.018587
0 0.004583 0.009294 0.009167 0.018587
0 0.004583 0.009294 0.009167 0.018587
0 0.004583 0.009294 0.009167 0.018587
0 0.004583 0.009294 0.009167 0.018587
0 0.004583 0.009294 0.009167 0.018587
0 0.004583 0.009294 0.009167 0.018587
0 0.004583 0.009294 0.009167 0.018587
0 0.004583 0.009294 0.009167 0.018587
0 0.004583 0.009294 0.009167 0.018587
0 0.004583 0.009294 0.009167 0.018587
0 0.004583 0.009294 0.009167 0.018587
0 0.004583 0.009294 0.009167 0.018587
0 0.004583 0.009294 0.009167 0.018587