0 0.007618 0.010638 0.015235 0.021277
0 0.007618 0.010638 0.015235 0.021277
0 0.007618 0.010638 0.015235 0.021277
0 0.007618 0.010638 0.015235 0.021277
0 0.007618 0.011702 0.015235 0.023404
0 0.007618 0.011702 0.015235 0.023404
0 0.007618 0.010638 0.015235 0.021277
0 0.007618 0.011702 0.015235 0.023404
0 0.007618 0.011702 0.015235 0.023404
0 0.007618 0.010638 0.015235 0.021277
0 0.007618 0.011702 0.015235 0.023404
0 0.007618 0.010638 0.015235 0.021277
0 0.007618 0.010638 0.015235 0.021277
0 0.007618 0.011702 0.015235 0.023404
0 0.007618 0.010638 0.015235 0.021277
0 0.007618 0.010638 0.015235 0.021277
0 0.007618 0.010638 0.015235 0.021277
0 0.007618 0.010638 0.015235 0.021277
0 0.007618 0.011702 0.015235 0.023404
0 0.007618 0.010638 0.015235 0.021277
0 0.007618 0.010638 0.015235 0.021277
0 0.007618 0.010638 0.015235 0.021277
0 0.007618 0.010638 0.015235 0.021277
0 0.007618 0.011702 0.015235 0.023404
0 0.007618 0.011702 0.015235 0.023404
0 0.007618 0.010638 0.015235 0.021277
0 0.007618 0.010638 0.015235 0.021277
0 0.007618 0.010638 0.015235 0.021277
0 0.007618 0.010638 0.015235 0.021277
0 0.007618 0.011702 0.015235 0.023404
0 0.007618 0.010638 0.015235 0.021277
0 0.007618 0.010638 0.015235 0.021277
0 0.007618 0.011702 0.015235 0.023404
0 0.007618 0.010638 0.015235 0.021277
0 0.007618 0.010638 0.015235 0.021277
0 0.007618 0.010638 0.015235 0.021277
0 0.007618 0.010638 0.015235 0.021277
0 0.007618 0.010638 0.015235 0.021277
0 0.007618 0.010638 0.015235 0.021277
0 0.007618 0.010638 0.015235 0.021277
0 0.007618 0.011702 0.015235 0.023404
0 0.007618 0.011702 0.015235 0.023404
0 0.007618 0.011702 0.015235 0.023404
0 0.007618 0.010638 0.015235 0.021277
0 0.007618 0.011702 0.015235 0.023404
0 0.007618 0.011702 0.015235 0.023404
0 0.007618 0.010638 0.015235 0.021277
0 0.007618 0.011702 0.015235 0.023404
0 0.007618 0.010638 0.015235 0.021277
0 0.007618 0.010638 0.015235 0.021277
0 0.007618 0.011702 0.015235 0.023404
0 0.007618 0.011702 0.015235 0.023404
0 0.007618 0.010638 0.015235 0.021277
0 0.007618 0.010638 0.015235 0.021277
0 0.007618 0.010638 0.015235 0.021277
0 0.007618 0.010638 0.015235 0.021277
0 0.007618 0.010638 0.015235 0.021277
0 0.007618 0.011702 0.015235 0.023404
0 0.007618 0.010638 0.015235 0.021277
0 0.007618 0.011702 0.015235 0.023404
0 0.007618 0.010638 0.015235 0.021277
0 0.007618 0.011702 0.015235 0.023404
0 0.007618 0.011702 0.015235 0.023404
0 0.007618 0.010638 0.015235 0.021277
0 0.007618 0.010638 0.015235 0.021277
0 0.007618 0.011702 0.015235 0.023404
0 0.007618 0.011702 0.015235 0.023404
0 0.007618 0.010638 0.015235 0.021277
0 0.007618 0.010638 0.015235 0.021277
0 0.007618 0.010638 0.015235 0.021277
0 0.007618 0.010638 0.015235 0.021277
0 0.007618 0.011702 0.015235 0.023404
0 0.007618 0.010638 0.015235 0.021277
0 0.007618 0.010638 0.015235 0.021277
0 0.007618 0.011702 0.015235 0.023404
0 0.007618 0.010638 0.015235 0.021277
0 0.007618 0.011702 0.015235 0.023404
0 0.007618 0.010638 0.015235 0.021277
0 0.007618 0.011702 0.015235 0.023404
0 0.007618 0.010638 0.015235 0.021277
0 0.007618 0.010638 0.015235 0.021277
0 0.007618 0.010638 0.015235 0.021277
0 0.007618 0.010638 0.015235 0.021277
0 0.007618 0.011702 0.015235 0.023404