0 0.003143 0.004288 0.006286 0.008576
0 0.003143 0.004288 0.006286 0.008576
0 0.003143 0.004288 0.006286 0.008576
0 0.003143 0.004288 0.006286 0.008576
0 0.003143 0.004288 0.006286 0.008576
0 0.003143 0.004288 0.006286 0.008576
0 0.003143 0.004288 0.006286 0.008576
0 0.003143 0.004288 0.006286 0.008576
0 0.003143 0.004288 0.006286 0.008576
0 0.003143 0.004288 0.006286 0.008576
0 0.003143 0.004288 0.006286 0.008576
0 0.003143 0.004288 0.006286 0.008576
0 0.003143 0.004288 0.006286 0.008576
0 0.003143 0.004288 0.006286 0.008576
0 0.003143 0.004288 0.006286 0.008576