0 0.006322 0.013021 0.012644 0.026042
0 0.006322 0.013021 0.012644 0.026042
0 0.006897 0.013021 0.013793 0.026042
0 0.006322 0.013021 0.012644 0.026042
0 0.006897 0.013021 0.013793 0.026042
0 0.006322 0.013021 0.012644 0.026042
0 0.006897 0.013021 0.013793 0.026042
0 0.006322 0.013021 0.012644 0.026042
0 0.006322 0.013021 0.012644 0.026042
0 0.006322 0.013021 0.012644 0.026042
0 0.006322 0.013021 0.012644 0.026042
0 0.006322 0.013021 0.012644 0.026042
0 0.006897 0.013021 0.013793 0.026042
0 0.006322 0.013021 0.012644 0.026042
0 0.006322 0.013021 0.012644 0.026042
0 0.006322 0.013021 0.012644 0.026042
0 0.006322 0.013021 0.012644 0.026042
0 0.006322 0.013021 0.012644 0.026042
0 0.006322 0.013021 0.012644 0.026042
0 0.006322 0.013021 0.012644 0.026042
0 0.006322 0.013021 0.012644 0.026042
0 0.006322 0.013021 0.012644 0.026042
0 0.006322 0.013021 0.012644 0.026042
0 0.006322 0.013021 0.012644 0.026042
0 0.006322 0.013021 0.012644 0.026042
0 0.006322 0.013021 0.012644 0.026042
0 0.006322 0.013021 0.012644 0.026042
0 0.006322 0.013021 0.012644 0.026042
0 0.006322 0.013021 0.012644 0.026042
0 0.006322 0.013021 0.012644 0.026042
0 0.006897 0.013021 0.013793 0.026042
0 0.006897 0.013021 0.013793 0.026042
0 0.006322 0.013021 0.012644 0.026042
0 0.006322 0.013021 0.012644 0.026042
0 0.006322 0.013021 0.012644 0.026042
0 0.006322 0.013021 0.012644 0.026042
0 0.006322 0.013021 0.012644 0.026042
0 0.006322 0.013021 0.012644 0.026042
0 0.006322 0.013021 0.012644 0.026042
0 0.006322 0.013021 0.012644 0.026042
0 0.006897 0.013021 0.013793 0.026042
0 0.006322 0.013021 0.012644 0.026042
0 0.006322 0.013021 0.012644 0.026042
0 0.006897 0.013021 0.013793 0.026042
0 0.006322 0.013021 0.012644 0.026042
0 0.006322 0.013021 0.012644 0.026042
0 0.006322 0.013021 0.012644 0.026042
0 0.006322 0.013021 0.012644 0.026042
0 0.006322 0.013021 0.012644 0.026042
0 0.006322 0.013021 0.012644 0.026042