0 0.001415 0.001766 0.002830 0.003531
0 0.001415 0.001766 0.002830 0.003531
0 0.001297 0.001766 0.002594 0.003531
0 0.001297 0.001766 0.002594 0.003531
0 0.001415 0.001766 0.002830 0.003531
0 0.001297 0.001766 0.002594 0.003531
0 0.001415 0.001766 0.002830 0.003531
0 0.001297 0.001766 0.002594 0.003531
0 0.001415 0.001766 0.002830 0.003531
0 0.001297 0.001766 0.002594 0.003531
0 0.001415 0.001766 0.002830 0.003531
0 0.001297 0.001766 0.002594 0.003531
0 0.001415 0.001766 0.002830 0.003531
0 0.001297 0.001766 0.002594 0.003531
0 0.001415 0.001766 0.002830 0.003531
0 0.001297 0.001766 0.002594 0.003531
0 0.001415 0.001766 0.002830 0.003531
0 0.001297 0.001766 0.002594 0.003531
0 0.001297 0.001766 0.002594 0.003531
0 0.001415 0.001766 0.002830 0.003531
0 0.001415 0.001766 0.002830 0.003531
0 0.001415 0.001766 0.002830 0.003531
0 0.001297 0.001766 0.002594 0.003531
0 0.001297 0.001766 0.002594 0.003531
0 0.001415 0.001766 0.002830 0.003531
0 0.001415 0.001766 0.002830 0.003531
0 0.001297 0.001766 0.002594 0.003531
0 0.001297 0.001766 0.002594 0.003531
0 0.001415 0.001766 0.002830 0.003531
0 0.001297 0.001766 0.002594 0.003531
0 0.001415 0.001766 0.002830 0.003531
0 0.001415 0.001766 0.002830 0.003531
0 0.001297 0.001766 0.002594 0.003531
0 0.001297 0.001766 0.002594 0.003531
0 0.001415 0.001766 0.002830 0.003531
0 0.001297 0.001766 0.002594 0.003531
0 0.001415 0.001766 0.002830 0.003531
0 0.001297 0.001766 0.002594 0.003531
0 0.001415 0.001766 0.002830 0.003531
0 0.001297 0.001766 0.002594 0.003531
0 0.001415 0.001766 0.002830 0.003531
0 0.001297 0.001766 0.002594 0.003531
0 0.001297 0.001766 0.002594 0.003531
0 0.001415 0.001766 0.002830 0.003531
0 0.001297 0.001766 0.002594 0.003531
0 0.001415 0.001766 0.002830 0.003531
0 0.001297 0.001766 0.002594 0.003531
0 0.001297 0.001766 0.002594 0.003531
0 0.001297 0.001766 0.002594 0.003531
0 0.001415 0.001766 0.002830 0.003531
0 0.001415 0.001766 0.002830 0.003531