0 0.005670 0.011111 0.011340 0.022222
0 0.005670 0.011111 0.011340 0.022222
0 0.006186 0.011111 0.012371 0.022222
0 0.006186 0.011111 0.012371 0.022222
0 0.006186 0.011111 0.012371 0.022222
0 0.006186 0.011111 0.012371 0.022222
0 0.005670 0.011111 0.011340 0.022222
0 0.005670 0.011111 0.011340 0.022222
0 0.005670 0.011111 0.011340 0.022222
0 0.005670 0.011111 0.011340 0.022222
0 0.006186 0.011111 0.012371 0.022222
0 0.005670 0.011111 0.011340 0.022222
0 0.005670 0.011111 0.011340 0.022222
0 0.005670 0.011111 0.011340 0.022222
0 0.006186 0.011111 0.012371 0.022222
0 0.005670 0.011111 0.011340 0.022222
0 0.006186 0.011111 0.012371 0.022222
0 0.005670 0.011111 0.011340 0.022222
0 0.005670 0.011111 0.011340 0.022222
0 0.005670 0.011111 0.011340 0.022222
0 0.005670 0.011111 0.011340 0.022222
0 0.005670 0.011111 0.011340 0.022222
0 0.005670 0.011111 0.011340 0.022222
0 0.005670 0.011111 0.011340 0.022222
0 0.005670 0.011111 0.011340 0.022222
0 0.005670 0.011111 0.011340 0.022222
0 0.005670 0.011111 0.011340 0.022222
0 0.005670 0.011111 0.011340 0.022222
0 0.005670 0.011111 0.011340 0.022222
0 0.005670 0.011111 0.011340 0.022222
0 0.005670 0.011111 0.011340 0.022222
0 0.006186 0.011111 0.012371 0.022222
0 0.005670 0.011111 0.011340 0.022222
0 0.005670 0.011111 0.011340 0.022222
0 0.005670 0.011111 0.011340 0.022222
0 0.005670 0.011111 0.011340 0.022222
0 0.006186 0.011111 0.012371 0.022222
0 0.006186 0.011111 0.012371 0.022222
0 0.005670 0.011111 0.011340 0.022222
0 0.005670 0.011111 0.011340 0.022222
0 0.006186 0.011111 0.012371 0.022222
0 0.005670 0.011111 0.011340 0.022222
0 0.006186 0.011111 0.012371 0.022222
0 0.005670 0.011111 0.011340 0.022222
0 0.005670 0.011111 0.011340 0.022222
0 0.005670 0.011111 0.011340 0.022222
0 0.005670 0.011111 0.011340 0.022222
0 0.005670 0.011111 0.011340 0.022222
0 0.006186 0.011111 0.012371 0.022222
0 0.005670 0.011111 0.011340 0.022222
0 0.005670 0.011111 0.011340 0.022222
0 0.005670 0.011111 0.011340 0.022222
0 0.005670 0.011111 0.011340 0.022222
0 0.005670 0.011111 0.011340 0.022222
0 0.005670 0.011111 0.011340 0.022222
0 0.005670 0.011111 0.011340 0.022222
0 0.005670 0.011111 0.011340 0.022222
0 0.005670 0.011111 0.011340 0.022222
0 0.005670 0.011111 0.011340 0.022222
0 0.005670 0.011111 0.011340 0.022222
0 0.005670 0.011111 0.011340 0.022222
0 0.005670 0.011111 0.011340 0.022222
0 0.006186 0.011111 0.012371 0.022222
0 0.005670 0.011111 0.011340 0.022222
0 0.005670 0.011111 0.011340 0.022222
0 0.005670 0.011111 0.011340 0.022222
0 0.005670 0.011111 0.011340 0.022222
0 0.005670 0.011111 0.011340 0.022222
0 0.005670 0.011111 0.011340 0.022222