0 0.005371 0.009208 0.010742 0.018416
0 0.005371 0.009208 0.010742 0.018416
0 0.005371 0.009208 0.010742 0.018416
0 0.005371 0.009208 0.010742 0.018416
0 0.005371 0.009208 0.010742 0.018416
0 0.005371 0.009208 0.010742 0.018416
0 0.005371 0.009208 0.010742 0.018416
0 0.005371 0.009208 0.010742 0.018416
0 0.005371 0.009208 0.010742 0.018416
0 0.005371 0.009208 0.010742 0.018416
0 0.005371 0.009208 0.010742 0.018416
0 0.005371 0.009208 0.010742 0.018416
0 0.005859 0.009208 0.011719 0.018416
0 0.005371 0.009208 0.010742 0.018416
0 0.005371 0.009208 0.010742 0.018416
0 0.005371 0.009208 0.010742 0.018416
0 0.005371 0.009208 0.010742 0.018416
0 0.005371 0.009208 0.010742 0.018416
0 0.005371 0.009208 0.010742 0.018416
0 0.005371 0.009208 0.010742 0.018416
0 0.005371 0.009208 0.010742 0.018416
0 0.005371 0.009208 0.010742 0.018416
0 0.005371 0.009208 0.010742 0.018416
0 0.005371 0.009208 0.010742 0.018416
0 0.005371 0.009208 0.010742 0.018416
0 0.005371 0.009208 0.010742 0.018416
0 0.005371 0.009208 0.010742 0.018416
0 0.005371 0.009208 0.010742 0.018416
0 0.005371 0.009208 0.010742 0.018416
0 0.005371 0.009208 0.010742 0.018416
0 0.005859 0.009208 0.011719 0.018416
0 0.005371 0.009208 0.010742 0.018416
0 0.005371 0.009208 0.010742 0.018416
0 0.005371 0.009208 0.010742 0.018416
0 0.005371 0.009208 0.010742 0.018416
0 0.005371 0.009208 0.010742 0.018416
0 0.005371 0.009208 0.010742 0.018416