0 0.004902 0.009488 0.009804 0.018975
0 0.004902 0.009488 0.009804 0.018975
0 0.004902 0.009488 0.009804 0.018975
0 0.004902 0.009488 0.009804 0.018975
0 0.004902 0.009488 0.009804 0.018975
0 0.004902 0.009488 0.009804 0.018975
0 0.004902 0.009488 0.009804 0.018975
0 0.004902 0.009488 0.009804 0.018975
0 0.004902 0.009488 0.009804 0.018975
0 0.004902 0.009488 0.009804 0.018975
0 0.004902 0.009488 0.009804 0.018975
0 0.004902 0.009488 0.009804 0.018975
0 0.004902 0.009488 0.009804 0.018975
0 0.004902 0.009488 0.009804 0.018975
0 0.004902 0.009488 0.009804 0.018975
0 0.004902 0.009488 0.009804 0.018975
0 0.004902 0.009488 0.009804 0.018975
0 0.004902 0.009488 0.009804 0.018975
0 0.004902 0.009488 0.009804 0.018975
0 0.004902 0.009488 0.009804 0.018975
0 0.004902 0.009488 0.009804 0.018975
0 0.004902 0.009488 0.009804 0.018975
0 0.004902 0.009488 0.009804 0.018975
0 0.004902 0.009488 0.009804 0.018975
0 0.004902 0.009488 0.009804 0.018975
0 0.004902 0.009488 0.009804 0.018975
0 0.004902 0.009488 0.009804 0.018975
0 0.004902 0.009488 0.009804 0.018975
0 0.004902 0.009488 0.009804 0.018975
0 0.004902 0.009488 0.009804 0.018975
0 0.004902 0.009488 0.009804 0.018975
0 0.004902 0.009488 0.009804 0.018975
0 0.004902 0.009488 0.009804 0.018975
0 0.004902 0.009488 0.009804 0.018975
0 0.004902 0.009488 0.009804 0.018975
0 0.004902 0.009488 0.009804 0.018975
0 0.004902 0.009488 0.009804 0.018975
0 0.004902 0.009488 0.009804 0.018975
0 0.004902 0.009488 0.009804 0.018975
0 0.004902 0.009488 0.009804 0.018975
0 0.004902 0.009488 0.009804 0.018975
0 0.004902 0.009488 0.009804 0.018975
0 0.004902 0.009488 0.009804 0.018975
0 0.004902 0.009488 0.009804 0.018975
0 0.004902 0.009488 0.009804 0.018975
0 0.004902 0.009488 0.009804 0.018975