0 0.006111 0.010870 0.012222 0.021739
0 0.006111 0.010870 0.012222 0.021739
0 0.006111 0.010870 0.012222 0.021739
0 0.006111 0.010870 0.012222 0.021739
0 0.006111 0.010870 0.012222 0.021739
0 0.006111 0.010870 0.012222 0.021739
0 0.006111 0.010870 0.012222 0.021739
0 0.006111 0.010870 0.012222 0.021739
0 0.006111 0.010870 0.012222 0.021739
0 0.006111 0.010870 0.012222 0.021739
0 0.006111 0.010870 0.012222 0.021739
0 0.006111 0.010870 0.012222 0.021739
0 0.006111 0.010870 0.012222 0.021739
0 0.006111 0.010870 0.012222 0.021739
0 0.006111 0.010870 0.012222 0.021739
0 0.006111 0.010870 0.012222 0.021739
0 0.006111 0.010870 0.012222 0.021739
0 0.006111 0.010870 0.012222 0.021739
0 0.006111 0.010870 0.012222 0.021739
0 0.006111 0.010870 0.012222 0.021739