0 0.004583 0.005896 0.009167 0.011792
0 0.004583 0.006486 0.009167 0.012972
0 0.004583 0.006486 0.009167 0.012972
0 0.004583 0.005896 0.009167 0.011792
0 0.004583 0.006486 0.009167 0.012972
0 0.004583 0.006486 0.009167 0.012972
0 0.004583 0.005896 0.009167 0.011792
0 0.004583 0.006486 0.009167 0.012972
0 0.004583 0.006486 0.009167 0.012972
0 0.004583 0.006486 0.009167 0.012972
0 0.004583 0.006486 0.009167 0.012972
0 0.004583 0.005896 0.009167 0.011792
0 0.004583 0.005896 0.009167 0.011792
0 0.004583 0.006486 0.009167 0.012972
0 0.004583 0.006486 0.009167 0.012972
0 0.004583 0.006486 0.009167 0.012972
0 0.004583 0.006486 0.009167 0.012972
0 0.004583 0.006486 0.009167 0.012972
0 0.004583 0.006486 0.009167 0.012972
0 0.004583 0.006486 0.009167 0.012972
0 0.004583 0.006486 0.009167 0.012972
0 0.004583 0.006486 0.009167 0.012972
0 0.004583 0.006486 0.009167 0.012972
0 0.004583 0.006486 0.009167 0.012972
0 0.004583 0.006486 0.009167 0.012972
0 0.004583 0.006486 0.009167 0.012972
0 0.004583 0.006486 0.009167 0.012972
0 0.004583 0.005896 0.009167 0.011792
0 0.004583 0.006486 0.009167 0.012972
0 0.004583 0.006486 0.009167 0.012972
0 0.004583 0.006486 0.009167 0.012972
0 0.004583 0.005896 0.009167 0.011792
0 0.004583 0.006486 0.009167 0.012972
0 0.004583 0.005896 0.009167 0.011792
0 0.004583 0.005896 0.009167 0.011792
0 0.004583 0.006486 0.009167 0.012972
0 0.004583 0.005896 0.009167 0.011792
0 0.004583 0.006486 0.009167 0.012972
0 0.004583 0.006486 0.009167 0.012972
0 0.004583 0.006486 0.009167 0.012972
0 0.004583 0.005896 0.009167 0.011792
0 0.004583 0.006486 0.009167 0.012972
0 0.004583 0.006486 0.009167 0.012972
0 0.004583 0.006486 0.009167 0.012972
0 0.004583 0.006486 0.009167 0.012972
0 0.004583 0.006486 0.009167 0.012972
0 0.004583 0.006486 0.009167 0.012972
0 0.004583 0.006486 0.009167 0.012972
0 0.004583 0.006486 0.009167 0.012972