0 0.013716 0.018333 0.027431 0.036667
0 0.013716 0.018333 0.027431 0.036667
0 0.013716 0.018333 0.027431 0.036667
0 0.013716 0.016667 0.027431 0.033333
0 0.013716 0.016667 0.027431 0.033333
0 0.013716 0.016667 0.027431 0.033333
0 0.013716 0.018333 0.027431 0.036667
0 0.013716 0.018333 0.027431 0.036667
0 0.013716 0.018333 0.027431 0.036667
0 0.013716 0.018333 0.027431 0.036667
0 0.013716 0.016667 0.027431 0.033333
0 0.013716 0.016667 0.027431 0.033333
0 0.013716 0.018333 0.027431 0.036667
0 0.013716 0.018333 0.027431 0.036667
0 0.013716 0.016667 0.027431 0.033333
0 0.013716 0.018333 0.027431 0.036667
0 0.013716 0.016667 0.027431 0.033333
0 0.013716 0.018333 0.027431 0.036667
0 0.013716 0.016667 0.027431 0.033333
0 0.013716 0.016667 0.027431 0.033333
0 0.013716 0.016667 0.027431 0.033333
0 0.013716 0.016667 0.027431 0.033333
0 0.013716 0.018333 0.027431 0.036667
0 0.013716 0.018333 0.027431 0.036667
0 0.013716 0.018333 0.027431 0.036667
0 0.013716 0.018333 0.027431 0.036667
0 0.013716 0.016667 0.027431 0.033333
0 0.013716 0.018333 0.027431 0.036667
0 0.013716 0.016667 0.027431 0.033333
0 0.013716 0.016667 0.027431 0.033333
0 0.013716 0.018333 0.027431 0.036667
0 0.013716 0.016667 0.027431 0.033333
0 0.013716 0.018333 0.027431 0.036667
0 0.013716 0.018333 0.027431 0.036667
0 0.013716 0.018333 0.027431 0.036667
0 0.013716 0.016667 0.027431 0.033333
0 0.013716 0.018333 0.027431 0.036667
0 0.013716 0.018333 0.027431 0.036667
0 0.013716 0.018333 0.027431 0.036667
0 0.013716 0.016667 0.027431 0.033333
0 0.013716 0.016667 0.027431 0.033333
0 0.013716 0.016667 0.027431 0.033333