0 0.004297 0.006944 0.008594 0.013889
0 0.004297 0.006944 0.008594 0.013889
0 0.004297 0.006944 0.008594 0.013889
0 0.004297 0.006944 0.008594 0.013889
0 0.004297 0.006944 0.008594 0.013889
0 0.004297 0.006944 0.008594 0.013889
0 0.004297 0.006944 0.008594 0.013889
0 0.004297 0.006944 0.008594 0.013889
0 0.004297 0.006944 0.008594 0.013889
0 0.004297 0.006944 0.008594 0.013889
0 0.004297 0.006944 0.008594 0.013889
0 0.004297 0.006944 0.008594 0.013889
0 0.004297 0.006944 0.008594 0.013889
0 0.004297 0.006944 0.008594 0.013889
0 0.004297 0.006944 0.008594 0.013889
0 0.004297 0.006944 0.008594 0.013889
0 0.004297 0.006944 0.008594 0.013889
0 0.004297 0.006944 0.008594 0.013889
0 0.004297 0.006944 0.008594 0.013889
0 0.004297 0.006944 0.008594 0.013889
0 0.004297 0.006944 0.008594 0.013889
0 0.004297 0.006944 0.008594 0.013889
0 0.004297 0.006944 0.008594 0.013889
0 0.004297 0.006944 0.008594 0.013889
0 0.004297 0.006944 0.008594 0.013889
0 0.004297 0.006944 0.008594 0.013889
0 0.004297 0.006944 0.008594 0.013889
0 0.004297 0.006944 0.008594 0.013889
0 0.004297 0.006944 0.008594 0.013889
0 0.004297 0.006944 0.008594 0.013889
0 0.004297 0.006944 0.008594 0.013889
0 0.004297 0.006944 0.008594 0.013889
0 0.004297 0.006944 0.008594 0.013889
0 0.004297 0.006944 0.008594 0.013889
0 0.004297 0.006944 0.008594 0.013889
0 0.004297 0.006944 0.008594 0.013889
0 0.004297 0.006944 0.008594 0.013889