0 0.006111 0.007974 0.012222 0.015949
0 0.006111 0.007974 0.012222 0.015949
0 0.006111 0.007974 0.012222 0.015949
0 0.006111 0.007974 0.012222 0.015949
0 0.006111 0.007974 0.012222 0.015949
0 0.006111 0.007974 0.012222 0.015949
0 0.006111 0.007974 0.012222 0.015949
0 0.006111 0.007974 0.012222 0.015949
0 0.006111 0.007974 0.012222 0.015949
0 0.006111 0.007974 0.012222 0.015949
0 0.006111 0.007974 0.012222 0.015949
0 0.006111 0.007974 0.012222 0.015949
0 0.006111 0.007974 0.012222 0.015949
0 0.006111 0.007974 0.012222 0.015949
0 0.006111 0.007974 0.012222 0.015949
0 0.006111 0.007974 0.012222 0.015949
0 0.006111 0.007974 0.012222 0.015949
0 0.006111 0.007974 0.012222 0.015949
0 0.006111 0.007974 0.012222 0.015949
0 0.006111 0.007974 0.012222 0.015949
0 0.006111 0.007974 0.012222 0.015949
0 0.006111 0.007974 0.012222 0.015949
0 0.006111 0.007974 0.012222 0.015949
0 0.006111 0.007974 0.012222 0.015949
0 0.006111 0.007974 0.012222 0.015949
0 0.006111 0.007974 0.012222 0.015949
0 0.006111 0.007974 0.012222 0.015949
0 0.006111 0.007974 0.012222 0.015949
0 0.006111 0.007974 0.012222 0.015949
0 0.006111 0.007974 0.012222 0.015949
0 0.006111 0.007974 0.012222 0.015949
0 0.006111 0.007974 0.012222 0.015949
0 0.006111 0.007974 0.012222 0.015949
0 0.006111 0.007974 0.012222 0.015949
0 0.006111 0.007974 0.012222 0.015949
0 0.006111 0.007974 0.012222 0.015949
0 0.006111 0.007974 0.012222 0.015949
0 0.006111 0.007974 0.012222 0.015949
0 0.006111 0.007974 0.012222 0.015949
0 0.006111 0.007974 0.012222 0.015949
0 0.006111 0.007974 0.012222 0.015949
0 0.006111 0.007974 0.012222 0.015949
0 0.006111 0.007974 0.012222 0.015949
0 0.006111 0.007974 0.012222 0.015949
0 0.006111 0.007974 0.012222 0.015949
0 0.006111 0.007974 0.012222 0.015949
0 0.006111 0.007974 0.012222 0.015949
0 0.006111 0.007974 0.012222 0.015949
0 0.006111 0.007974 0.012222 0.015949
0 0.006111 0.007974 0.012222 0.015949
0 0.006111 0.007974 0.012222 0.015949
0 0.006111 0.007974 0.012222 0.015949
0 0.006111 0.007974 0.012222 0.015949
0 0.006111 0.007974 0.012222 0.015949
0 0.006111 0.007974 0.012222 0.015949
0 0.006111 0.007974 0.012222 0.015949
0 0.006111 0.007974 0.012222 0.015949
0 0.006111 0.007974 0.012222 0.015949
0 0.006111 0.007974 0.012222 0.015949
0 0.006111 0.007974 0.012222 0.015949
0 0.006111 0.007974 0.012222 0.015949
0 0.006111 0.007974 0.012222 0.015949
0 0.006111 0.007974 0.012222 0.015949
0 0.006111 0.007974 0.012222 0.015949
0 0.006111 0.007974 0.012222 0.015949
0 0.006111 0.007974 0.012222 0.015949
0 0.006111 0.007974 0.012222 0.015949
0 0.006111 0.007974 0.012222 0.015949
0 0.007222 0.007974 0.014444 0.015949
0 0.006111 0.007974 0.012222 0.015949
0 0.006111 0.007974 0.012222 0.015949
0 0.006111 0.007974 0.012222 0.015949
0 0.006111 0.007974 0.012222 0.015949
0 0.006111 0.007974 0.012222 0.015949
0 0.006111 0.007974 0.012222 0.015949
0 0.006111 0.007974 0.012222 0.015949
0 0.006111 0.007974 0.012222 0.015949
0 0.006111 0.007974 0.012222 0.015949
0 0.006111 0.007974 0.012222 0.015949
0 0.006111 0.007974 0.012222 0.015949