0 0.003537 0.004822 0.007074 0.009643
0 0.003537 0.004822 0.007074 0.009643
0 0.003537 0.005304 0.007074 0.010608
0 0.003537 0.004822 0.007074 0.009643
0 0.003537 0.004822 0.007074 0.009643
0 0.003537 0.004822 0.007074 0.009643
0 0.003537 0.004822 0.007074 0.009643
0 0.003537 0.005304 0.007074 0.010608
0 0.003537 0.004822 0.007074 0.009643
0 0.003537 0.005304 0.007074 0.010608
0 0.003537 0.005304 0.007074 0.010608
0 0.003537 0.005304 0.007074 0.010608
0 0.003537 0.005304 0.007074 0.010608
0 0.003537 0.005304 0.007074 0.010608
0 0.003537 0.004822 0.007074 0.009643
0 0.003537 0.005304 0.007074 0.010608
0 0.003537 0.005304 0.007074 0.010608
0 0.003537 0.004822 0.007074 0.009643
0 0.003537 0.005304 0.007074 0.010608
0 0.003537 0.004822 0.007074 0.009643
0 0.003537 0.004822 0.007074 0.009643
0 0.003537 0.004822 0.007074 0.009643
0 0.003537 0.004822 0.007074 0.009643
0 0.003537 0.004822 0.007074 0.009643
0 0.003537 0.005304 0.007074 0.010608
0 0.003537 0.004822 0.007074 0.009643
0 0.003537 0.005304 0.007074 0.010608
0 0.003537 0.005304 0.007074 0.010608
0 0.003537 0.004822 0.007074 0.009643
0 0.003537 0.004822 0.007074 0.009643
0 0.003537 0.004822 0.007074 0.009643
0 0.003537 0.005304 0.007074 0.010608
0 0.003537 0.005304 0.007074 0.010608