0 0.005729 0.006954 0.011458 0.013908
0 0.005729 0.006954 0.011458 0.013908
0 0.005729 0.007650 0.011458 0.015299
0 0.005729 0.006954 0.011458 0.013908
0 0.005729 0.006954 0.011458 0.013908
0 0.005729 0.006954 0.011458 0.013908
0 0.005729 0.006954 0.011458 0.013908
0 0.005729 0.006954 0.011458 0.013908
0 0.005729 0.006954 0.011458 0.013908
0 0.005729 0.007650 0.011458 0.015299
0 0.005729 0.006954 0.011458 0.013908
0 0.005729 0.006954 0.011458 0.013908
0 0.005729 0.006954 0.011458 0.013908
0 0.005729 0.006954 0.011458 0.013908
0 0.005729 0.007650 0.011458 0.015299
0 0.005729 0.006954 0.011458 0.013908
0 0.005729 0.006954 0.011458 0.013908
0 0.005729 0.006954 0.011458 0.013908
0 0.005729 0.006954 0.011458 0.013908
0 0.005729 0.006954 0.011458 0.013908
0 0.005729 0.006954 0.011458 0.013908
0 0.005729 0.006954 0.011458 0.013908
0 0.005729 0.006954 0.011458 0.013908
0 0.005729 0.006954 0.011458 0.013908
0 0.005729 0.006954 0.011458 0.013908