0 0.003401 0.004630 0.006803 0.009259
0 0.003401 0.004630 0.006803 0.009259
0 0.003401 0.004630 0.006803 0.009259
0 0.003401 0.004630 0.006803 0.009259
0 0.003401 0.004630 0.006803 0.009259
0 0.003401 0.004630 0.006803 0.009259
0 0.003401 0.004630 0.006803 0.009259
0 0.003401 0.004630 0.006803 0.009259
0 0.003401 0.004630 0.006803 0.009259
0 0.003401 0.004630 0.006803 0.009259
0 0.003401 0.004630 0.006803 0.009259
0 0.003401 0.004630 0.006803 0.009259
0 0.003401 0.004630 0.006803 0.009259
0 0.003401 0.004630 0.006803 0.009259
0 0.003401 0.004630 0.006803 0.009259
0 0.003401 0.004630 0.006803 0.009259
0 0.003401 0.004630 0.006803 0.009259
0 0.003401 0.004630 0.006803 0.009259
0 0.003401 0.004630 0.006803 0.009259
0 0.003401 0.004630 0.006803 0.009259
0 0.003401 0.004630 0.006803 0.009259
0 0.003401 0.004630 0.006803 0.009259
0 0.003401 0.004630 0.006803 0.009259
0 0.003401 0.004630 0.006803 0.009259
0 0.003401 0.004630 0.006803 0.009259
0 0.003401 0.004630 0.006803 0.009259
0 0.003401 0.004630 0.006803 0.009259
0 0.003401 0.004630 0.006803 0.009259
0 0.003401 0.004630 0.006803 0.009259
0 0.003401 0.004630 0.006803 0.009259
0 0.003401 0.004630 0.006803 0.009259
0 0.003401 0.004630 0.006803 0.009259
0 0.003401 0.004630 0.006803 0.009259
0 0.003401 0.004630 0.006803 0.009259
0 0.003401 0.004630 0.006803 0.009259
0 0.003401 0.004630 0.006803 0.009259
0 0.003401 0.004630 0.006803 0.009259
0 0.003401 0.004630 0.006803 0.009259
0 0.003401 0.004630 0.006803 0.009259
0 0.003401 0.004630 0.006803 0.009259
0 0.003401 0.004630 0.006803 0.009259
0 0.003401 0.004630 0.006803 0.009259
0 0.003401 0.004630 0.006803 0.009259
0 0.003401 0.004630 0.006803 0.009259
0 0.003401 0.004630 0.006803 0.009259
0 0.003401 0.004630 0.006803 0.009259
0 0.003401 0.004630 0.006803 0.009259
0 0.003401 0.004630 0.006803 0.009259
0 0.003401 0.004630 0.006803 0.009259
0 0.003401 0.004630 0.006803 0.009259
0 0.003401 0.004630 0.006803 0.009259
0 0.003401 0.004630 0.006803 0.009259
0 0.003401 0.004630 0.006803 0.009259
0 0.003401 0.004630 0.006803 0.009259
0 0.003401 0.004630 0.006803 0.009259
0 0.003401 0.004630 0.006803 0.009259
0 0.003401 0.004630 0.006803 0.009259
0 0.003401 0.004630 0.006803 0.009259
0 0.003401 0.004630 0.006803 0.009259
0 0.003401 0.004630 0.006803 0.009259
0 0.003401 0.004630 0.006803 0.009259
0 0.003401 0.004630 0.006803 0.009259
0 0.003401 0.004630 0.006803 0.009259
0 0.003401 0.004630 0.006803 0.009259
0 0.003401 0.004630 0.006803 0.009259
0 0.003401 0.004630 0.006803 0.009259
0 0.003401 0.004630 0.006803 0.009259
0 0.003401 0.004630 0.006803 0.009259
0 0.003401 0.004630 0.006803 0.009259
0 0.003401 0.004630 0.006803 0.009259
0 0.003401 0.004630 0.006803 0.009259
0 0.003401 0.004630 0.006803 0.009259
0 0.003401 0.004630 0.006803 0.009259
0 0.003401 0.004630 0.006803 0.009259
0 0.003401 0.004630 0.006803 0.009259
0 0.003401 0.004630 0.006803 0.009259
0 0.003401 0.004630 0.006803 0.009259
0 0.003401 0.004630 0.006803 0.009259
0 0.003401 0.004630 0.006803 0.009259
0 0.003401 0.004630 0.006803 0.009259
0 0.004020 0.004630 0.008040 0.009259