0 0.007768 0.013750 0.015537 0.027500
0 0.007768 0.013750 0.015537 0.027500
0 0.007768 0.012500 0.015537 0.025000
0 0.007768 0.013750 0.015537 0.027500
0 0.007768 0.012500 0.015537 0.025000
0 0.007768 0.012500 0.015537 0.025000
0 0.007768 0.012500 0.015537 0.025000
0 0.007768 0.012500 0.015537 0.025000
0 0.007768 0.012500 0.015537 0.025000
0 0.007768 0.012500 0.015537 0.025000
0 0.007768 0.012500 0.015537 0.025000
0 0.007768 0.012500 0.015537 0.025000
0 0.007768 0.013750 0.015537 0.027500
0 0.007768 0.013750 0.015537 0.027500
0 0.007768 0.012500 0.015537 0.025000
0 0.007768 0.012500 0.015537 0.025000
0 0.007768 0.013750 0.015537 0.027500
0 0.007768 0.012500 0.015537 0.025000
0 0.007768 0.013750 0.015537 0.027500
0 0.007768 0.012500 0.015537 0.025000
0 0.007768 0.012500 0.015537 0.025000
0 0.007768 0.012500 0.015537 0.025000
0 0.007768 0.012500 0.015537 0.025000
0 0.007768 0.012500 0.015537 0.025000
0 0.007768 0.012500 0.015537 0.025000
0 0.007768 0.012500 0.015537 0.025000
0 0.007768 0.013750 0.015537 0.027500
0 0.007768 0.012500 0.015537 0.025000
0 0.007768 0.013750 0.015537 0.027500
0 0.007768 0.012500 0.015537 0.025000
0 0.007768 0.012500 0.015537 0.025000
0 0.007768 0.012500 0.015537 0.025000
0 0.007768 0.012500 0.015537 0.025000
0 0.007768 0.013750 0.015537 0.027500
0 0.007768 0.012500 0.015537 0.025000
0 0.007768 0.012500 0.015537 0.025000
0 0.007768 0.012500 0.015537 0.025000
0 0.007768 0.012500 0.015537 0.025000
0 0.007768 0.012500 0.015537 0.025000
0 0.007768 0.013750 0.015537 0.027500
0 0.007768 0.012500 0.015537 0.025000
0 0.007768 0.012500 0.015537 0.025000
0 0.007768 0.012500 0.015537 0.025000
0 0.007768 0.012500 0.015537 0.025000
0 0.007768 0.012500 0.015537 0.025000
0 0.007768 0.012500 0.015537 0.025000
0 0.007768 0.013750 0.015537 0.027500
0 0.007768 0.013750 0.015537 0.027500
0 0.007768 0.013750 0.015537 0.027500
0 0.007768 0.013750 0.015537 0.027500
0 0.007768 0.012500 0.015537 0.025000
0 0.007768 0.012500 0.015537 0.025000
0 0.007768 0.012500 0.015537 0.025000
0 0.007768 0.012500 0.015537 0.025000