0 0.006111 0.008065 0.012222 0.016129
0 0.006111 0.008065 0.012222 0.016129
0 0.006111 0.008065 0.012222 0.016129
0 0.006111 0.008871 0.012222 0.017742
0 0.006111 0.008065 0.012222 0.016129
0 0.006111 0.008065 0.012222 0.016129
0 0.006111 0.008871 0.012222 0.017742
0 0.006111 0.008871 0.012222 0.017742
0 0.006111 0.008871 0.012222 0.017742
0 0.006111 0.008065 0.012222 0.016129
0 0.006111 0.008065 0.012222 0.016129
0 0.006111 0.008871 0.012222 0.017742
0 0.006111 0.008065 0.012222 0.016129
0 0.006111 0.008871 0.012222 0.017742
0 0.006111 0.008065 0.012222 0.016129
0 0.006111 0.008871 0.012222 0.017742
0 0.006111 0.008871 0.012222 0.017742
0 0.006111 0.008065 0.012222 0.016129
0 0.006111 0.008065 0.012222 0.016129
0 0.006111 0.008065 0.012222 0.016129
0 0.006111 0.008065 0.012222 0.016129
0 0.006111 0.008871 0.012222 0.017742
0 0.006111 0.008065 0.012222 0.016129
0 0.006111 0.008065 0.012222 0.016129
0 0.006111 0.008065 0.012222 0.016129
0 0.006111 0.008065 0.012222 0.016129
0 0.006111 0.008065 0.012222 0.016129
0 0.006111 0.008065 0.012222 0.016129
0 0.006111 0.008065 0.012222 0.016129
0 0.006111 0.008871 0.012222 0.017742
0 0.006111 0.008065 0.012222 0.016129
0 0.006111 0.008871 0.012222 0.017742
0 0.006111 0.008065 0.012222 0.016129