0 0.007605 0.011957 0.015209 0.023913
0 0.006971 0.011957 0.013942 0.023913
0 0.006971 0.011957 0.013942 0.023913
0 0.007605 0.011957 0.015209 0.023913
0 0.006971 0.011957 0.013942 0.023913
0 0.006971 0.011957 0.013942 0.023913
0 0.006971 0.011957 0.013942 0.023913
0 0.006971 0.011957 0.013942 0.023913
0 0.006971 0.011957 0.013942 0.023913
0 0.006971 0.011957 0.013942 0.023913
0 0.007605 0.011957 0.015209 0.023913
0 0.006971 0.011957 0.013942 0.023913
0 0.006971 0.011957 0.013942 0.023913
0 0.006971 0.011957 0.013942 0.023913
0 0.007605 0.011957 0.015209 0.023913
0 0.007605 0.011957 0.015209 0.023913
0 0.006971 0.011957 0.013942 0.023913
0 0.006971 0.010870 0.013942 0.021739
0 0.006971 0.011957 0.013942 0.023913
0 0.007605 0.011957 0.015209 0.023913
0 0.006971 0.011957 0.013942 0.023913
0 0.006971 0.011957 0.013942 0.023913
0 0.007605 0.011957 0.015209 0.023913
0 0.007605 0.011957 0.015209 0.023913
0 0.007605 0.011957 0.015209 0.023913
0 0.006971 0.011957 0.013942 0.023913
0 0.006971 0.011957 0.013942 0.023913
0 0.006971 0.011957 0.013942 0.023913
0 0.006971 0.011957 0.013942 0.023913
0 0.007605 0.011957 0.015209 0.023913
0 0.007605 0.011957 0.015209 0.023913
0 0.006971 0.011957 0.013942 0.023913
0 0.006971 0.011957 0.013942 0.023913
0 0.006971 0.011957 0.013942 0.023913
0 0.006971 0.011957 0.013942 0.023913
0 0.006971 0.011957 0.013942 0.023913
0 0.006971 0.011957 0.013942 0.023913
0 0.006971 0.011957 0.013942 0.023913
0 0.007605 0.011957 0.015209 0.023913