0 0.003667 0.004634 0.007333 0.009268
0 0.003667 0.004634 0.007333 0.009268
0 0.003667 0.004634 0.007333 0.009268
0 0.003667 0.004634 0.007333 0.009268
0 0.003667 0.004634 0.007333 0.009268
0 0.003667 0.004634 0.007333 0.009268
0 0.003667 0.004634 0.007333 0.009268
0 0.003667 0.004634 0.007333 0.009268
0 0.003667 0.004634 0.007333 0.009268
0 0.003667 0.004634 0.007333 0.009268
0 0.003667 0.004634 0.007333 0.009268
0 0.004333 0.004634 0.008667 0.009268
0 0.003667 0.004634 0.007333 0.009268
0 0.003667 0.004634 0.007333 0.009268
0 0.003667 0.004634 0.007333 0.009268
0 0.003667 0.004634 0.007333 0.009268
0 0.003667 0.004634 0.007333 0.009268
0 0.003667 0.004634 0.007333 0.009268
0 0.003667 0.004634 0.007333 0.009268
0 0.003667 0.004634 0.007333 0.009268
0 0.003667 0.004634 0.007333 0.009268
0 0.003667 0.004634 0.007333 0.009268
0 0.003667 0.004634 0.007333 0.009268
0 0.003667 0.004634 0.007333 0.009268