0 0.008333 0.011390 0.016667 0.022779
0 0.008333 0.011390 0.016667 0.022779
0 0.008333 0.011390 0.016667 0.022779
0 0.008333 0.011390 0.016667 0.022779
0 0.008333 0.011390 0.016667 0.022779
0 0.008333 0.011390 0.016667 0.022779
0 0.008333 0.011390 0.016667 0.022779
0 0.008333 0.011390 0.016667 0.022779
0 0.008333 0.011390 0.016667 0.022779
0 0.008333 0.011390 0.016667 0.022779
0 0.008333 0.011390 0.016667 0.022779
0 0.008333 0.011390 0.016667 0.022779
0 0.008333 0.011390 0.016667 0.022779
0 0.008333 0.011390 0.016667 0.022779
0 0.008333 0.011390 0.016667 0.022779
0 0.008333 0.011390 0.016667 0.022779
0 0.008333 0.011390 0.016667 0.022779
0 0.008333 0.011390 0.016667 0.022779
0 0.008333 0.011390 0.016667 0.022779
0 0.008333 0.011390 0.016667 0.022779
0 0.008333 0.011390 0.016667 0.022779
0 0.008333 0.011390 0.016667 0.022779
0 0.008333 0.011390 0.016667 0.022779
0 0.008333 0.011390 0.016667 0.022779
0 0.008333 0.011390 0.016667 0.022779
0 0.009091 0.011390 0.018182 0.022779
0 0.008333 0.011390 0.016667 0.022779
0 0.008333 0.011390 0.016667 0.022779
0 0.008333 0.011390 0.016667 0.022779
0 0.008333 0.011390 0.016667 0.022779
0 0.008333 0.011390 0.016667 0.022779
0 0.008333 0.011390 0.016667 0.022779
0 0.008333 0.011390 0.016667 0.022779
0 0.008333 0.011390 0.016667 0.022779
0 0.009091 0.011390 0.018182 0.022779
0 0.008333 0.011390 0.016667 0.022779
0 0.008333 0.011390 0.016667 0.022779
0 0.008333 0.011390 0.016667 0.022779
0 0.008333 0.011390 0.016667 0.022779