0 0.007555 0.009921 0.015110 0.019841
0 0.007555 0.009921 0.015110 0.019841
0 0.007555 0.009921 0.015110 0.019841
0 0.007555 0.009921 0.015110 0.019841
0 0.007555 0.009921 0.015110 0.019841
0 0.007555 0.009921 0.015110 0.019841
0 0.007555 0.009921 0.015110 0.019841
0 0.007555 0.009921 0.015110 0.019841
0 0.007555 0.009921 0.015110 0.019841
0 0.007555 0.009921 0.015110 0.019841
0 0.007555 0.009921 0.015110 0.019841
0 0.007555 0.009921 0.015110 0.019841
0 0.007555 0.009921 0.015110 0.019841
0 0.007555 0.009921 0.015110 0.019841
0 0.007555 0.009921 0.015110 0.019841
0 0.007555 0.009921 0.015110 0.019841
0 0.007555 0.009921 0.015110 0.019841
0 0.007555 0.009921 0.015110 0.019841
0 0.007555 0.009921 0.015110 0.019841
0 0.007555 0.009921 0.015110 0.019841
0 0.007555 0.009921 0.015110 0.019841
0 0.007555 0.009921 0.015110 0.019841
0 0.007555 0.009921 0.015110 0.019841
0 0.007555 0.009921 0.015110 0.019841
0 0.007555 0.009921 0.015110 0.019841
0 0.007555 0.009921 0.015110 0.019841
0 0.007555 0.009921 0.015110 0.019841
0 0.007555 0.009921 0.015110 0.019841
0 0.007555 0.009921 0.015110 0.019841
0 0.007555 0.009921 0.015110 0.019841
0 0.007555 0.009921 0.015110 0.019841
0 0.007555 0.009921 0.015110 0.019841
0 0.007555 0.009921 0.015110 0.019841
0 0.007555 0.009921 0.015110 0.019841
0 0.007555 0.009921 0.015110 0.019841
0 0.007555 0.009921 0.015110 0.019841
0 0.007555 0.009921 0.015110 0.019841
0 0.007555 0.009921 0.015110 0.019841
0 0.007555 0.009921 0.015110 0.019841
0 0.007555 0.009921 0.015110 0.019841
0 0.007555 0.009921 0.015110 0.019841
0 0.007555 0.009921 0.015110 0.019841