0 0.005729 0.008958 0.011458 0.017915
0 0.005729 0.008958 0.011458 0.017915
0 0.005729 0.008958 0.011458 0.017915
0 0.005729 0.008958 0.011458 0.017915
0 0.005729 0.008958 0.011458 0.017915
0 0.005729 0.008958 0.011458 0.017915
0 0.005729 0.008958 0.011458 0.017915
0 0.005729 0.008958 0.011458 0.017915
0 0.005729 0.008958 0.011458 0.017915
0 0.005729 0.008958 0.011458 0.017915
0 0.005729 0.008958 0.011458 0.017915
0 0.005729 0.008958 0.011458 0.017915
0 0.005729 0.008958 0.011458 0.017915
0 0.005729 0.008958 0.011458 0.017915
0 0.005729 0.008958 0.011458 0.017915
0 0.005729 0.008958 0.011458 0.017915
0 0.005729 0.008958 0.011458 0.017915
0 0.005729 0.008958 0.011458 0.017915
0 0.005729 0.008958 0.011458 0.017915
0 0.005729 0.008958 0.011458 0.017915
0 0.005729 0.008958 0.011458 0.017915
0 0.005729 0.008958 0.011458 0.017915
0 0.005729 0.008958 0.011458 0.017915
0 0.005729 0.008958 0.011458 0.017915
0 0.005729 0.008958 0.011458 0.017915
0 0.005729 0.008958 0.011458 0.017915
0 0.005729 0.008958 0.011458 0.017915
0 0.005729 0.008958 0.011458 0.017915
0 0.005729 0.008958 0.011458 0.017915
0 0.005729 0.008958 0.011458 0.017915
0 0.005729 0.008958 0.011458 0.017915
0 0.005729 0.008958 0.011458 0.017915
0 0.005729 0.008958 0.011458 0.017915
0 0.005729 0.008958 0.011458 0.017915
0 0.005729 0.008958 0.011458 0.017915
0 0.005729 0.008958 0.011458 0.017915
0 0.005729 0.008958 0.011458 0.017915
0 0.005729 0.008958 0.011458 0.017915
0 0.005729 0.008958 0.011458 0.017915
0 0.005729 0.008958 0.011458 0.017915
0 0.005729 0.008958 0.011458 0.017915
0 0.005729 0.008958 0.011458 0.017915
0 0.005729 0.008958 0.011458 0.017915
0 0.005729 0.008958 0.011458 0.017915
0 0.005729 0.008958 0.011458 0.017915
0 0.005729 0.008958 0.011458 0.017915
0 0.005729 0.008958 0.011458 0.017915
0 0.005729 0.008958 0.011458 0.017915
0 0.005729 0.008958 0.011458 0.017915
0 0.005729 0.008958 0.011458 0.017915
0 0.005729 0.008958 0.011458 0.017915
0 0.005729 0.008958 0.011458 0.017915
0 0.005729 0.008958 0.011458 0.017915
0 0.005729 0.008958 0.011458 0.017915
0 0.005729 0.008958 0.011458 0.017915
0 0.005729 0.008958 0.011458 0.017915
0 0.005729 0.008958 0.011458 0.017915
0 0.005729 0.008958 0.011458 0.017915
0 0.005729 0.008958 0.011458 0.017915
0 0.005729 0.008958 0.011458 0.017915
0 0.005729 0.008958 0.011458 0.017915
0 0.005729 0.008958 0.011458 0.017915
0 0.005729 0.008958 0.011458 0.017915
0 0.005729 0.008958 0.011458 0.017915
0 0.005729 0.008958 0.011458 0.017915
0 0.005729 0.008958 0.011458 0.017915
0 0.005729 0.008958 0.011458 0.017915
0 0.005729 0.008958 0.011458 0.017915
0 0.005729 0.008958 0.011458 0.017915
0 0.005729 0.008958 0.011458 0.017915
0 0.005729 0.008958 0.011458 0.017915
0 0.005729 0.008958 0.011458 0.017915
0 0.005729 0.008958 0.011458 0.017915
0 0.005729 0.008958 0.011458 0.017915
0 0.005729 0.008143 0.011458 0.016287
0 0.005729 0.008958 0.011458 0.017915
0 0.005729 0.008958 0.011458 0.017915
0 0.005729 0.008143 0.011458 0.016287
0 0.005729 0.008958 0.011458 0.017915
0 0.005729 0.008958 0.011458 0.017915
0 0.005729 0.008958 0.011458 0.017915
0 0.005729 0.008958 0.011458 0.017915
0 0.005729 0.008958 0.011458 0.017915
0 0.005729 0.008958 0.011458 0.017915
0 0.005729 0.008958 0.011458 0.017915
0 0.005729 0.008958 0.011458 0.017915
0 0.005729 0.008958 0.011458 0.017915
0 0.005729 0.008958 0.011458 0.017915
0 0.005729 0.008958 0.011458 0.017915
0 0.005729 0.008958 0.011458 0.017915
0 0.005729 0.008958 0.011458 0.017915
0 0.005729 0.008958 0.011458 0.017915
0 0.005729 0.008958 0.011458 0.017915
0 0.005729 0.008958 0.011458 0.017915
0 0.005729 0.008958 0.011458 0.017915
0 0.005729 0.008958 0.011458 0.017915
0 0.005729 0.008958 0.011458 0.017915
0 0.005729 0.008958 0.011458 0.017915