0 0.004583 0.007407 0.009167 0.014815
0 0.004583 0.007407 0.009167 0.014815
0 0.004583 0.007407 0.009167 0.014815
0 0.004583 0.007407 0.009167 0.014815
0 0.004583 0.007407 0.009167 0.014815
0 0.004583 0.007407 0.009167 0.014815
0 0.004583 0.007407 0.009167 0.014815
0 0.004583 0.007407 0.009167 0.014815
0 0.004583 0.007407 0.009167 0.014815
0 0.004583 0.007407 0.009167 0.014815
0 0.004583 0.007407 0.009167 0.014815
0 0.004583 0.007407 0.009167 0.014815
0 0.004583 0.007407 0.009167 0.014815
0 0.004583 0.007407 0.009167 0.014815
0 0.004583 0.007407 0.009167 0.014815
0 0.004583 0.007407 0.009167 0.014815
0 0.004583 0.007407 0.009167 0.014815
0 0.004583 0.007407 0.009167 0.014815
0 0.004583 0.007407 0.009167 0.014815