0 0.015278 0.011458 0.030556 0.022917
0 0.015278 0.011458 0.030556 0.022917
0 0.015278 0.010417 0.030556 0.020833
0 0.015278 0.011458 0.030556 0.022917
0 0.015278 0.011458 0.030556 0.022917
0 0.015278 0.010417 0.030556 0.020833
0 0.015278 0.011458 0.030556 0.022917
0 0.015278 0.010417 0.030556 0.020833
0 0.015278 0.010417 0.030556 0.020833
0 0.015278 0.011458 0.030556 0.022917
0 0.015278 0.011458 0.030556 0.022917
0 0.015278 0.011458 0.030556 0.022917
0 0.015278 0.011458 0.030556 0.022917
0 0.015278 0.011458 0.030556 0.022917
0 0.015278 0.011458 0.030556 0.022917
0 0.015278 0.011458 0.030556 0.022917
0 0.015278 0.010417 0.030556 0.020833
0 0.015278 0.011458 0.030556 0.022917
0 0.015278 0.011458 0.030556 0.022917
0 0.015278 0.011458 0.030556 0.022917
0 0.015278 0.010417 0.030556 0.020833
0 0.015278 0.010417 0.030556 0.020833
0 0.015278 0.011458 0.030556 0.022917
0 0.015278 0.011458 0.030556 0.022917
0 0.015278 0.011458 0.030556 0.022917
0 0.015278 0.011458 0.030556 0.022917
0 0.015278 0.011458 0.030556 0.022917
0 0.015278 0.011458 0.030556 0.022917
0 0.015278 0.010417 0.030556 0.020833
0 0.015278 0.011458 0.030556 0.022917
0 0.015278 0.011458 0.030556 0.022917
0 0.015278 0.011458 0.030556 0.022917
0 0.015278 0.011458 0.030556 0.022917
0 0.015278 0.011458 0.030556 0.022917
0 0.015278 0.010417 0.030556 0.020833
0 0.015278 0.011458 0.030556 0.022917
0 0.015278 0.011458 0.030556 0.022917
0 0.015278 0.010417 0.030556 0.020833
0 0.015278 0.011458 0.030556 0.022917