0 0.011458 0.015278 0.022917 0.030556
0 0.011458 0.015278 0.022917 0.030556
0 0.011458 0.015278 0.022917 0.030556
0 0.011458 0.013889 0.022917 0.027778
0 0.011458 0.015278 0.022917 0.030556
0 0.011458 0.015278 0.022917 0.030556
0 0.011458 0.015278 0.022917 0.030556
0 0.011458 0.015278 0.022917 0.030556
0 0.012500 0.013889 0.025000 0.027778
0 0.011458 0.015278 0.022917 0.030556
0 0.011458 0.015278 0.022917 0.030556
0 0.011458 0.015278 0.022917 0.030556
0 0.011458 0.015278 0.022917 0.030556
0 0.012500 0.013889 0.025000 0.027778
0 0.011458 0.015278 0.022917 0.030556
0 0.011458 0.015278 0.022917 0.030556
0 0.011458 0.015278 0.022917 0.030556
0 0.011458 0.015278 0.022917 0.030556
0 0.011458 0.015278 0.022917 0.030556
0 0.011458 0.015278 0.022917 0.030556
0 0.011458 0.015278 0.022917 0.030556
0 0.012500 0.013889 0.025000 0.027778
0 0.011458 0.015278 0.022917 0.030556
0 0.011458 0.015278 0.022917 0.030556
0 0.012500 0.013889 0.025000 0.027778
0 0.011458 0.015278 0.022917 0.030556
0 0.011458 0.015278 0.022917 0.030556
0 0.011458 0.015278 0.022917 0.030556
0 0.011458 0.015278 0.022917 0.030556
0 0.011458 0.015278 0.022917 0.030556
0 0.011458 0.015278 0.022917 0.030556
0 0.011458 0.015278 0.022917 0.030556
0 0.011458 0.015278 0.022917 0.030556
0 0.011458 0.015278 0.022917 0.030556
0 0.011458 0.015278 0.022917 0.030556
0 0.011458 0.015278 0.022917 0.030556
0 0.011458 0.015278 0.022917 0.030556
0 0.011458 0.015278 0.022917 0.030556
0 0.011458 0.015278 0.022917 0.030556
0 0.011458 0.015278 0.022917 0.030556
0 0.011458 0.015278 0.022917 0.030556
0 0.011458 0.015278 0.022917 0.030556
0 0.011458 0.015278 0.022917 0.030556
0 0.011458 0.015278 0.022917 0.030556
0 0.011458 0.015278 0.022917 0.030556
0 0.011458 0.015278 0.022917 0.030556
0 0.011458 0.015278 0.022917 0.030556
0 0.011458 0.015278 0.022917 0.030556
0 0.011458 0.015278 0.022917 0.030556
0 0.011458 0.013889 0.022917 0.027778
0 0.011458 0.015278 0.022917 0.030556
0 0.011458 0.015278 0.022917 0.030556
0 0.011458 0.015278 0.022917 0.030556
0 0.011458 0.015278 0.022917 0.030556
0 0.011458 0.015278 0.022917 0.030556
0 0.012500 0.013889 0.025000 0.027778
0 0.011458 0.015278 0.022917 0.030556
0 0.011458 0.015278 0.022917 0.030556
0 0.011458 0.015278 0.022917 0.030556
0 0.011458 0.015278 0.022917 0.030556
0 0.011458 0.015278 0.022917 0.030556
0 0.011458 0.015278 0.022917 0.030556
0 0.011458 0.015278 0.022917 0.030556
0 0.011458 0.015278 0.022917 0.030556
0 0.011458 0.015278 0.022917 0.030556
0 0.011458 0.015278 0.022917 0.030556
0 0.011458 0.015278 0.022917 0.030556
0 0.011458 0.015278 0.022917 0.030556
0 0.011458 0.015278 0.022917 0.030556
0 0.011458 0.013889 0.022917 0.027778
0 0.011458 0.015278 0.022917 0.030556
0 0.011458 0.015278 0.022917 0.030556
0 0.011458 0.015278 0.022917 0.030556
0 0.011458 0.015278 0.022917 0.030556
0 0.011458 0.015278 0.022917 0.030556
0 0.011458 0.015278 0.022917 0.030556
0 0.011458 0.015278 0.022917 0.030556
0 0.011458 0.015278 0.022917 0.030556
0 0.012500 0.013889 0.025000 0.027778
0 0.011458 0.015278 0.022917 0.030556
0 0.011458 0.015278 0.022917 0.030556
0 0.011458 0.015278 0.022917 0.030556
0 0.012500 0.013889 0.025000 0.027778
0 0.011458 0.015278 0.022917 0.030556
0 0.011458 0.013889 0.022917 0.027778
0 0.011458 0.015278 0.022917 0.030556
0 0.011458 0.015278 0.022917 0.030556
0 0.011458 0.013889 0.022917 0.027778
0 0.011458 0.015278 0.022917 0.030556
0 0.011458 0.015278 0.022917 0.030556
0 0.011458 0.015278 0.022917 0.030556
0 0.011458 0.013889 0.022917 0.027778
0 0.011458 0.015278 0.022917 0.030556
0 0.011458 0.013889 0.022917 0.027778
0 0.011458 0.015278 0.022917 0.030556
0 0.011458 0.013889 0.022917 0.027778
0 0.011458 0.015278 0.022917 0.030556
0 0.011458 0.015278 0.022917 0.030556
0 0.011458 0.015278 0.022917 0.030556
0 0.011458 0.015278 0.022917 0.030556
0 0.011458 0.015278 0.022917 0.030556
0 0.011458 0.015278 0.022917 0.030556