0 0.001375 0.001875 0.002750 0.003750
0 0.001375 0.001875 0.002750 0.003750
0 0.001375 0.001875 0.002750 0.003750
0 0.001375 0.001875 0.002750 0.003750
0 0.001375 0.001875 0.002750 0.003750
0 0.001375 0.001875 0.002750 0.003750
0 0.001375 0.001875 0.002750 0.003750
0 0.001375 0.001875 0.002750 0.003750
0 0.001375 0.001875 0.002750 0.003750
0 0.001375 0.001875 0.002750 0.003750
0 0.001375 0.001875 0.002750 0.003750
0 0.001375 0.001875 0.002750 0.003750
0 0.001375 0.001875 0.002750 0.003750
0 0.001375 0.001875 0.002750 0.003750
0 0.001375 0.001875 0.002750 0.003750
0 0.001375 0.001875 0.002750 0.003750
0 0.001375 0.001875 0.002750 0.003750
0 0.001375 0.001875 0.002750 0.003750
0 0.001375 0.001875 0.002750 0.003750
0 0.001375 0.001875 0.002750 0.003750
0 0.001375 0.001875 0.002750 0.003750
0 0.001375 0.001875 0.002750 0.003750
0 0.001375 0.001875 0.002750 0.003750
0 0.001375 0.001875 0.002750 0.003750
0 0.001375 0.001875 0.002750 0.003750
0 0.001375 0.001875 0.002750 0.003750
0 0.001375 0.001875 0.002750 0.003750
0 0.001375 0.001875 0.002750 0.003750
0 0.001375 0.001875 0.002750 0.003750