0 0.006875 0.010319 0.013750 0.020638
0 0.006875 0.010319 0.013750 0.020638
0 0.006875 0.010319 0.013750 0.020638
0 0.006875 0.010319 0.013750 0.020638
0 0.006875 0.010319 0.013750 0.020638
0 0.006875 0.010319 0.013750 0.020638
0 0.006875 0.010319 0.013750 0.020638
0 0.006875 0.010319 0.013750 0.020638
0 0.006875 0.010319 0.013750 0.020638
0 0.006875 0.010319 0.013750 0.020638
0 0.006875 0.010319 0.013750 0.020638
0 0.006875 0.010319 0.013750 0.020638
0 0.006875 0.010319 0.013750 0.020638
0 0.006875 0.010319 0.013750 0.020638
0 0.006875 0.010319 0.013750 0.020638
0 0.006875 0.010319 0.013750 0.020638
0 0.006875 0.010319 0.013750 0.020638
0 0.006875 0.010319 0.013750 0.020638
0 0.006875 0.010319 0.013750 0.020638
0 0.006875 0.010319 0.013750 0.020638
0 0.006875 0.010319 0.013750 0.020638
0 0.006875 0.010319 0.013750 0.020638
0 0.006875 0.010319 0.013750 0.020638
0 0.006875 0.010319 0.013750 0.020638
0 0.006875 0.010319 0.013750 0.020638
0 0.006875 0.010319 0.013750 0.020638
0 0.006875 0.010319 0.013750 0.020638
0 0.006875 0.010319 0.013750 0.020638
0 0.006875 0.010319 0.013750 0.020638
0 0.006875 0.010319 0.013750 0.020638
0 0.006875 0.010319 0.013750 0.020638
0 0.006875 0.010319 0.013750 0.020638
0 0.006875 0.010319 0.013750 0.020638
0 0.006875 0.010319 0.013750 0.020638
0 0.006875 0.010319 0.013750 0.020638
0 0.006875 0.010319 0.013750 0.020638
0 0.006875 0.010319 0.013750 0.020638
0 0.006875 0.010319 0.013750 0.020638
0 0.006875 0.010319 0.013750 0.020638
0 0.006875 0.010319 0.013750 0.020638
0 0.006875 0.010319 0.013750 0.020638
0 0.006875 0.010319 0.013750 0.020638
0 0.006875 0.010319 0.013750 0.020638
0 0.006875 0.010319 0.013750 0.020638
0 0.006875 0.010319 0.013750 0.020638
0 0.006875 0.010319 0.013750 0.020638
0 0.006875 0.010319 0.013750 0.020638
0 0.006875 0.010319 0.013750 0.020638