0 0.008594 0.010417 0.017188 0.020833
0 0.008594 0.010417 0.017188 0.020833
0 0.008594 0.010417 0.017188 0.020833
0 0.008594 0.010417 0.017188 0.020833
0 0.008594 0.010417 0.017188 0.020833
0 0.008594 0.010417 0.017188 0.020833
0 0.008594 0.010417 0.017188 0.020833
0 0.008594 0.010417 0.017188 0.020833
0 0.008594 0.010417 0.017188 0.020833
0 0.008594 0.010417 0.017188 0.020833
0 0.008594 0.010417 0.017188 0.020833
0 0.008594 0.010417 0.017188 0.020833
0 0.008594 0.010417 0.017188 0.020833
0 0.008594 0.010417 0.017188 0.020833
0 0.008594 0.010417 0.017188 0.020833
0 0.008594 0.010417 0.017188 0.020833
0 0.008594 0.010417 0.017188 0.020833
0 0.008594 0.010417 0.017188 0.020833
0 0.008594 0.010417 0.017188 0.020833
0 0.008594 0.010417 0.017188 0.020833
0 0.008594 0.010417 0.017188 0.020833
0 0.008594 0.010417 0.017188 0.020833
0 0.008594 0.010417 0.017188 0.020833
0 0.008594 0.010417 0.017188 0.020833
0 0.008594 0.010417 0.017188 0.020833
0 0.008594 0.010417 0.017188 0.020833
0 0.008594 0.010417 0.017188 0.020833
0 0.008594 0.010417 0.017188 0.020833
0 0.008594 0.010417 0.017188 0.020833
0 0.008594 0.010417 0.017188 0.020833
0 0.008594 0.010417 0.017188 0.020833
0 0.008594 0.010417 0.017188 0.020833
0 0.008594 0.010417 0.017188 0.020833
0 0.008594 0.010417 0.017188 0.020833
0 0.008594 0.010417 0.017188 0.020833
0 0.008594 0.010417 0.017188 0.020833
0 0.008594 0.010417 0.017188 0.020833
0 0.008594 0.010417 0.017188 0.020833
0 0.008594 0.010417 0.017188 0.020833
0 0.008594 0.010417 0.017188 0.020833
0 0.008594 0.010417 0.017188 0.020833
0 0.008594 0.010417 0.017188 0.020833
0 0.008594 0.010417 0.017188 0.020833
0 0.008594 0.010417 0.017188 0.020833
0 0.008594 0.010417 0.017188 0.020833
0 0.008594 0.010417 0.017188 0.020833
0 0.008594 0.010417 0.017188 0.020833
0 0.008594 0.010417 0.017188 0.020833