0 0.002292 0.003438 0.004583 0.006875
0 0.002292 0.003125 0.004583 0.006250
0 0.002292 0.003438 0.004583 0.006875
0 0.002292 0.003125 0.004583 0.006250
0 0.002292 0.003125 0.004583 0.006250
0 0.002292 0.003438 0.004583 0.006875
0 0.002292 0.003438 0.004583 0.006875
0 0.002292 0.003125 0.004583 0.006250
0 0.002292 0.003125 0.004583 0.006250
0 0.002292 0.003438 0.004583 0.006875
0 0.002500 0.003125 0.005000 0.006250
0 0.002292 0.003438 0.004583 0.006875
0 0.002292 0.003438 0.004583 0.006875
0 0.002292 0.003438 0.004583 0.006875
0 0.002292 0.003125 0.004583 0.006250
0 0.002292 0.003125 0.004583 0.006250
0 0.002292 0.003125 0.004583 0.006250
0 0.002500 0.003125 0.005000 0.006250
0 0.002292 0.003438 0.004583 0.006875
0 0.002292 0.003125 0.004583 0.006250
0 0.002292 0.003438 0.004583 0.006875
0 0.002292 0.003125 0.004583 0.006250
0 0.002292 0.003125 0.004583 0.006250
0 0.002292 0.003438 0.004583 0.006875
0 0.002292 0.003125 0.004583 0.006250
0 0.002292 0.003438 0.004583 0.006875
0 0.002292 0.003125 0.004583 0.006250
0 0.002292 0.003125 0.004583 0.006250
0 0.002292 0.003125 0.004583 0.006250
0 0.002292 0.003125 0.004583 0.006250
0 0.002292 0.003125 0.004583 0.006250
0 0.002292 0.003125 0.004583 0.006250
0 0.002292 0.003125 0.004583 0.006250
0 0.002292 0.003438 0.004583 0.006875
0 0.002292 0.003125 0.004583 0.006250
0 0.002292 0.003125 0.004583 0.006250
0 0.002292 0.003125 0.004583 0.006250
0 0.002292 0.003125 0.004583 0.006250
0 0.002292 0.003125 0.004583 0.006250
0 0.002292 0.003125 0.004583 0.006250
0 0.002292 0.003125 0.004583 0.006250