0 0.007639 0.011628 0.015278 0.023256
0 0.007639 0.010571 0.015278 0.021142
0 0.007639 0.011628 0.015278 0.023256
0 0.007639 0.010571 0.015278 0.021142
0 0.007639 0.010571 0.015278 0.021142
0 0.007639 0.011628 0.015278 0.023256
0 0.007639 0.010571 0.015278 0.021142
0 0.007639 0.011628 0.015278 0.023256
0 0.007639 0.011628 0.015278 0.023256
0 0.007639 0.010571 0.015278 0.021142
0 0.007639 0.011628 0.015278 0.023256
0 0.007639 0.011628 0.015278 0.023256
0 0.007639 0.011628 0.015278 0.023256
0 0.007639 0.011628 0.015278 0.023256
0 0.007639 0.011628 0.015278 0.023256
0 0.007639 0.011628 0.015278 0.023256
0 0.007639 0.011628 0.015278 0.023256
0 0.007639 0.010571 0.015278 0.021142
0 0.007639 0.011628 0.015278 0.023256
0 0.007639 0.011628 0.015278 0.023256
0 0.007639 0.011628 0.015278 0.023256
0 0.007639 0.011628 0.015278 0.023256
0 0.007639 0.011628 0.015278 0.023256
0 0.007639 0.010571 0.015278 0.021142
0 0.007639 0.011628 0.015278 0.023256
0 0.007639 0.010571 0.015278 0.021142
0 0.007639 0.010571 0.015278 0.021142
0 0.007639 0.011628 0.015278 0.023256
0 0.007639 0.011628 0.015278 0.023256
0 0.007639 0.010571 0.015278 0.021142
0 0.007639 0.011628 0.015278 0.023256
0 0.007639 0.010571 0.015278 0.021142
0 0.007639 0.011628 0.015278 0.023256
0 0.007639 0.011628 0.015278 0.023256
0 0.007639 0.010571 0.015278 0.021142
0 0.007639 0.011628 0.015278 0.023256
0 0.007639 0.011628 0.015278 0.023256
0 0.007639 0.011628 0.015278 0.023256
0 0.007639 0.011628 0.015278 0.023256
0 0.007639 0.011628 0.015278 0.023256
0 0.007639 0.011628 0.015278 0.023256
0 0.007639 0.010571 0.015278 0.021142
0 0.007639 0.011628 0.015278 0.023256
0 0.007639 0.010571 0.015278 0.021142
0 0.007639 0.011628 0.015278 0.023256
0 0.007639 0.011628 0.015278 0.023256
0 0.007639 0.011628 0.015278 0.023256
0 0.007639 0.011628 0.015278 0.023256
0 0.007639 0.011628 0.015278 0.023256
0 0.007639 0.011628 0.015278 0.023256
0 0.007639 0.011628 0.015278 0.023256
0 0.007639 0.010571 0.015278 0.021142
0 0.007639 0.011628 0.015278 0.023256
0 0.007639 0.011628 0.015278 0.023256
0 0.007639 0.011628 0.015278 0.023256
0 0.007639 0.011628 0.015278 0.023256
0 0.007639 0.010571 0.015278 0.021142
0 0.007639 0.010571 0.015278 0.021142
0 0.007639 0.010571 0.015278 0.021142
0 0.007639 0.010571 0.015278 0.021142
0 0.007639 0.010571 0.015278 0.021142
0 0.007639 0.011628 0.015278 0.023256
0 0.007639 0.011628 0.015278 0.023256
0 0.007639 0.011628 0.015278 0.023256
0 0.007639 0.011628 0.015278 0.023256
0 0.007639 0.010571 0.015278 0.021142
0 0.007639 0.010571 0.015278 0.021142
0 0.007639 0.010571 0.015278 0.021142
0 0.007639 0.011628 0.015278 0.023256
0 0.007639 0.011628 0.015278 0.023256
0 0.009028 0.010571 0.018056 0.021142
0 0.007639 0.011628 0.015278 0.023256
0 0.007639 0.010571 0.015278 0.021142
0 0.007639 0.011628 0.015278 0.023256
0 0.007639 0.011628 0.015278 0.023256
0 0.007639 0.011628 0.015278 0.023256
0 0.007639 0.010571 0.015278 0.021142
0 0.007639 0.010571 0.015278 0.021142
0 0.007639 0.011628 0.015278 0.023256
0 0.007639 0.011628 0.015278 0.023256
0 0.007639 0.011628 0.015278 0.023256
0 0.007639 0.011628 0.015278 0.023256
0 0.007639 0.010571 0.015278 0.021142
0 0.007639 0.011628 0.015278 0.023256
0 0.007639 0.010571 0.015278 0.021142
0 0.007639 0.010571 0.015278 0.021142
0 0.007639 0.011628 0.015278 0.023256
0 0.007639 0.011628 0.015278 0.023256
0 0.007639 0.010571 0.015278 0.021142
0 0.009028 0.010571 0.018056 0.021142
0 0.007639 0.010571 0.015278 0.021142
0 0.007639 0.010571 0.015278 0.021142
0 0.007639 0.010571 0.015278 0.021142
0 0.007639 0.011628 0.015278 0.023256
0 0.007639 0.011628 0.015278 0.023256
0 0.007639 0.010571 0.015278 0.021142
0 0.007639 0.011628 0.015278 0.023256
0 0.007639 0.011628 0.015278 0.023256
0 0.007639 0.011628 0.015278 0.023256
0 0.007639 0.011628 0.015278 0.023256
0 0.007639 0.010571 0.015278 0.021142
0 0.007639 0.010571 0.015278 0.021142
0 0.007639 0.011628 0.015278 0.023256