0 0.005500 0.007564 0.011000 0.015129
0 0.005500 0.007564 0.011000 0.015129
0 0.005500 0.007564 0.011000 0.015129
0 0.005500 0.007564 0.011000 0.015129
0 0.005500 0.007564 0.011000 0.015129
0 0.005500 0.007564 0.011000 0.015129
0 0.005500 0.007564 0.011000 0.015129
0 0.005500 0.007564 0.011000 0.015129
0 0.005500 0.007564 0.011000 0.015129
0 0.005500 0.007564 0.011000 0.015129
0 0.005500 0.007564 0.011000 0.015129
0 0.005500 0.007564 0.011000 0.015129
0 0.005500 0.007564 0.011000 0.015129
0 0.005500 0.007564 0.011000 0.015129
0 0.005500 0.007564 0.011000 0.015129
0 0.005500 0.007564 0.011000 0.015129
0 0.005500 0.007564 0.011000 0.015129
0 0.005500 0.007564 0.011000 0.015129
0 0.005500 0.007564 0.011000 0.015129
0 0.005500 0.007564 0.011000 0.015129
0 0.005500 0.007564 0.011000 0.015129
0 0.005500 0.007564 0.011000 0.015129
0 0.005500 0.007564 0.011000 0.015129
0 0.005500 0.007564 0.011000 0.015129
0 0.005500 0.007564 0.011000 0.015129
0 0.005500 0.007564 0.011000 0.015129
0 0.005500 0.007564 0.011000 0.015129
0 0.005500 0.007564 0.011000 0.015129