0 0.003602 0.005727 0.007204 0.011455
0 0.003602 0.005727 0.007204 0.011455
0 0.003602 0.005727 0.007204 0.011455
0 0.003602 0.005727 0.007204 0.011455
0 0.003602 0.005727 0.007204 0.011455
0 0.003602 0.005727 0.007204 0.011455
0 0.003602 0.005727 0.007204 0.011455
0 0.003602 0.005727 0.007204 0.011455
0 0.003602 0.005727 0.007204 0.011455
0 0.003602 0.005727 0.007204 0.011455
0 0.003602 0.005727 0.007204 0.011455
0 0.003602 0.005727 0.007204 0.011455
0 0.003602 0.005727 0.007204 0.011455
0 0.003602 0.005727 0.007204 0.011455
0 0.003602 0.005727 0.007204 0.011455
0 0.003602 0.005727 0.007204 0.011455
0 0.003602 0.005727 0.007204 0.011455
0 0.003602 0.005727 0.007204 0.011455
0 0.003602 0.005727 0.007204 0.011455
0 0.003602 0.005727 0.007204 0.011455
0 0.003602 0.005727 0.007204 0.011455