0 0.007161 0.004883 0.014323 0.009766
0 0.007161 0.004883 0.014323 0.009766
0 0.007161 0.004883 0.014323 0.009766
0 0.007812 0.004883 0.015625 0.009766
0 0.007161 0.005371 0.014323 0.010742
0 0.007161 0.004883 0.014323 0.009766
0 0.007161 0.004883 0.014323 0.009766
0 0.007812 0.004883 0.015625 0.009766
0 0.007161 0.004883 0.014323 0.009766
0 0.007161 0.004883 0.014323 0.009766
0 0.007161 0.004883 0.014323 0.009766
0 0.007161 0.004883 0.014323 0.009766
0 0.007161 0.004883 0.014323 0.009766
0 0.007161 0.004883 0.014323 0.009766
0 0.007161 0.004883 0.014323 0.009766
0 0.007161 0.004883 0.014323 0.009766
0 0.007161 0.004883 0.014323 0.009766
0 0.007161 0.005371 0.014323 0.010742
0 0.007161 0.004883 0.014323 0.009766
0 0.007812 0.004883 0.015625 0.009766
0 0.007161 0.004883 0.014323 0.009766
0 0.007161 0.004883 0.014323 0.009766
0 0.007161 0.004883 0.014323 0.009766
0 0.007812 0.004883 0.015625 0.009766
0 0.007161 0.004883 0.014323 0.009766
0 0.007161 0.004883 0.014323 0.009766
0 0.007161 0.004883 0.014323 0.009766
0 0.007161 0.004883 0.014323 0.009766
0 0.007161 0.004883 0.014323 0.009766
0 0.007161 0.004883 0.014323 0.009766
0 0.007161 0.004883 0.014323 0.009766