0 0.004583 0.007937 0.009167 0.015873
0 0.004583 0.007937 0.009167 0.015873
0 0.004583 0.007937 0.009167 0.015873
0 0.004583 0.007937 0.009167 0.015873
0 0.004583 0.007937 0.009167 0.015873
0 0.004583 0.007937 0.009167 0.015873
0 0.004583 0.007937 0.009167 0.015873
0 0.004583 0.007937 0.009167 0.015873
0 0.004583 0.007937 0.009167 0.015873
0 0.004583 0.007937 0.009167 0.015873
0 0.004583 0.007937 0.009167 0.015873
0 0.004583 0.007937 0.009167 0.015873
0 0.004583 0.007937 0.009167 0.015873
0 0.004583 0.007937 0.009167 0.015873
0 0.004583 0.007937 0.009167 0.015873
0 0.004583 0.007937 0.009167 0.015873
0 0.004583 0.007937 0.009167 0.015873
0 0.004583 0.007937 0.009167 0.015873
0 0.004583 0.007937 0.009167 0.015873
0 0.004583 0.007937 0.009167 0.015873
0 0.004583 0.007937 0.009167 0.015873
0 0.004583 0.007937 0.009167 0.015873
0 0.004583 0.007937 0.009167 0.015873
0 0.004583 0.007937 0.009167 0.015873
0 0.004583 0.007937 0.009167 0.015873
0 0.004583 0.007937 0.009167 0.015873