0 0.008029 0.010941 0.016058 0.021882
0 0.008029 0.010941 0.016058 0.021882
0 0.009489 0.010941 0.018978 0.021882
0 0.008029 0.010941 0.016058 0.021882
0 0.008029 0.010941 0.016058 0.021882
0 0.008029 0.010941 0.016058 0.021882
0 0.008029 0.010941 0.016058 0.021882
0 0.008029 0.010941 0.016058 0.021882
0 0.008029 0.010941 0.016058 0.021882
0 0.008029 0.010941 0.016058 0.021882
0 0.009489 0.010941 0.018978 0.021882
0 0.008029 0.010941 0.016058 0.021882
0 0.008029 0.010941 0.016058 0.021882
0 0.008029 0.010941 0.016058 0.021882
0 0.008029 0.010941 0.016058 0.021882