0 0.007746 0.010571 0.015493 0.021142
0 0.007746 0.010571 0.015493 0.021142
0 0.007746 0.010571 0.015493 0.021142
0 0.007746 0.010571 0.015493 0.021142
0 0.007746 0.010571 0.015493 0.021142
0 0.007746 0.010571 0.015493 0.021142
0 0.007746 0.010571 0.015493 0.021142
0 0.007746 0.010571 0.015493 0.021142
0 0.007746 0.010571 0.015493 0.021142
0 0.007746 0.010571 0.015493 0.021142
0 0.007746 0.010571 0.015493 0.021142
0 0.007746 0.010571 0.015493 0.021142
0 0.007746 0.010571 0.015493 0.021142
0 0.007746 0.010571 0.015493 0.021142
0 0.007746 0.010571 0.015493 0.021142
0 0.007746 0.010571 0.015493 0.021142
0 0.007746 0.010571 0.015493 0.021142
0 0.007746 0.010571 0.015493 0.021142
0 0.007746 0.010571 0.015493 0.021142
0 0.007746 0.010571 0.015493 0.021142
0 0.007746 0.010571 0.015493 0.021142
0 0.007746 0.010571 0.015493 0.021142