0 0.009182 0.013514 0.018364 0.027027
0 0.009182 0.013514 0.018364 0.027027
0 0.009182 0.014865 0.018364 0.029730
0 0.009182 0.013514 0.018364 0.027027
0 0.009182 0.013514 0.018364 0.027027
0 0.009182 0.013514 0.018364 0.027027
0 0.009182 0.013514 0.018364 0.027027
0 0.009182 0.013514 0.018364 0.027027
0 0.009182 0.013514 0.018364 0.027027
0 0.009182 0.013514 0.018364 0.027027
0 0.009182 0.013514 0.018364 0.027027
0 0.009182 0.013514 0.018364 0.027027
0 0.009182 0.013514 0.018364 0.027027
0 0.009182 0.013514 0.018364 0.027027
0 0.009182 0.013514 0.018364 0.027027
0 0.009182 0.013514 0.018364 0.027027
0 0.009182 0.013514 0.018364 0.027027
0 0.009182 0.014865 0.018364 0.029730
0 0.009182 0.014865 0.018364 0.029730
0 0.009182 0.013514 0.018364 0.027027
0 0.009182 0.013514 0.018364 0.027027
0 0.009182 0.013514 0.018364 0.027027
0 0.009182 0.013514 0.018364 0.027027
0 0.009182 0.013514 0.018364 0.027027
0 0.009182 0.013514 0.018364 0.027027
0 0.009182 0.013514 0.018364 0.027027
0 0.009182 0.014865 0.018364 0.029730
0 0.009182 0.013514 0.018364 0.027027
0 0.010017 0.013514 0.020033 0.027027
0 0.009182 0.014865 0.018364 0.029730
0 0.009182 0.014865 0.018364 0.029730
0 0.009182 0.014865 0.018364 0.029730
0 0.009182 0.014865 0.018364 0.029730
0 0.009182 0.013514 0.018364 0.027027
0 0.009182 0.013514 0.018364 0.027027
0 0.009182 0.014865 0.018364 0.029730
0 0.009182 0.014865 0.018364 0.029730
0 0.009182 0.014865 0.018364 0.029730
0 0.009182 0.014865 0.018364 0.029730
0 0.009182 0.014865 0.018364 0.029730
0 0.009182 0.013514 0.018364 0.027027
0 0.009182 0.013514 0.018364 0.027027
0 0.009182 0.014865 0.018364 0.029730
0 0.009182 0.013514 0.018364 0.027027
0 0.009182 0.013514 0.018364 0.027027
0 0.009182 0.013514 0.018364 0.027027
0 0.009182 0.013514 0.018364 0.027027
0 0.009182 0.013514 0.018364 0.027027
0 0.009182 0.013514 0.018364 0.027027
0 0.009182 0.014865 0.018364 0.029730
0 0.009182 0.014865 0.018364 0.029730
0 0.009182 0.014865 0.018364 0.029730
0 0.009182 0.013514 0.018364 0.027027
0 0.009182 0.013514 0.018364 0.027027
0 0.009182 0.014865 0.018364 0.029730
0 0.009182 0.013514 0.018364 0.027027
0 0.009182 0.014865 0.018364 0.029730
0 0.009182 0.013514 0.018364 0.027027
0 0.009182 0.014865 0.018364 0.029730
0 0.009182 0.014865 0.018364 0.029730
0 0.009182 0.014865 0.018364 0.029730
0 0.009182 0.014865 0.018364 0.029730
0 0.009182 0.014865 0.018364 0.029730
0 0.009182 0.014865 0.018364 0.029730
0 0.009182 0.013514 0.018364 0.027027
0 0.010017 0.013514 0.020033 0.027027
0 0.009182 0.014865 0.018364 0.029730
0 0.009182 0.013514 0.018364 0.027027
0 0.009182 0.013514 0.018364 0.027027
0 0.009182 0.013514 0.018364 0.027027
0 0.009182 0.014865 0.018364 0.029730
0 0.009182 0.013514 0.018364 0.027027
0 0.009182 0.013514 0.018364 0.027027