0 0.008333 0.011458 0.016667 0.022917
0 0.007639 0.010417 0.015278 0.020833
0 0.007639 0.011458 0.015278 0.022917
0 0.007639 0.010417 0.015278 0.020833
0 0.007639 0.011458 0.015278 0.022917
0 0.007639 0.011458 0.015278 0.022917
0 0.007639 0.011458 0.015278 0.022917
0 0.007639 0.011458 0.015278 0.022917
0 0.007639 0.010417 0.015278 0.020833
0 0.008333 0.011458 0.016667 0.022917
0 0.007639 0.011458 0.015278 0.022917
0 0.007639 0.010417 0.015278 0.020833
0 0.007639 0.010417 0.015278 0.020833
0 0.007639 0.011458 0.015278 0.022917
0 0.007639 0.011458 0.015278 0.022917
0 0.007639 0.010417 0.015278 0.020833
0 0.007639 0.011458 0.015278 0.022917
0 0.008333 0.011458 0.016667 0.022917
0 0.007639 0.011458 0.015278 0.022917
0 0.007639 0.011458 0.015278 0.022917
0 0.007639 0.010417 0.015278 0.020833
0 0.007639 0.010417 0.015278 0.020833
0 0.007639 0.011458 0.015278 0.022917
0 0.007639 0.011458 0.015278 0.022917
0 0.007639 0.010417 0.015278 0.020833
0 0.007639 0.011458 0.015278 0.022917
0 0.007639 0.011458 0.015278 0.022917
0 0.007639 0.010417 0.015278 0.020833
0 0.007639 0.010417 0.015278 0.020833
0 0.007639 0.010417 0.015278 0.020833
0 0.007639 0.011458 0.015278 0.022917
0 0.007639 0.010417 0.015278 0.020833
0 0.007639 0.011458 0.015278 0.022917
0 0.008333 0.011458 0.016667 0.022917
0 0.007639 0.011458 0.015278 0.022917
0 0.007639 0.010417 0.015278 0.020833
0 0.007639 0.011458 0.015278 0.022917
0 0.007639 0.011458 0.015278 0.022917
0 0.008333 0.011458 0.016667 0.022917
0 0.007639 0.010417 0.015278 0.020833
0 0.007639 0.010417 0.015278 0.020833
0 0.007639 0.010417 0.015278 0.020833
0 0.007639 0.011458 0.015278 0.022917
0 0.007639 0.010417 0.015278 0.020833
0 0.007639 0.011458 0.015278 0.022917
0 0.008333 0.011458 0.016667 0.022917
0 0.007639 0.010417 0.015278 0.020833
0 0.007639 0.011458 0.015278 0.022917
0 0.007639 0.010417 0.015278 0.020833
0 0.007639 0.011458 0.015278 0.022917
0 0.007639 0.010417 0.015278 0.020833
0 0.007639 0.010417 0.015278 0.020833