0 0.005729 0.009259 0.011458 0.018519
0 0.005729 0.009259 0.011458 0.018519
0 0.006250 0.009259 0.012500 0.018519
0 0.005729 0.009259 0.011458 0.018519
0 0.005729 0.009259 0.011458 0.018519
0 0.006250 0.009259 0.012500 0.018519
0 0.005729 0.009259 0.011458 0.018519
0 0.005729 0.009259 0.011458 0.018519
0 0.005729 0.009259 0.011458 0.018519
0 0.005729 0.009259 0.011458 0.018519
0 0.005729 0.009259 0.011458 0.018519
0 0.005729 0.009259 0.011458 0.018519
0 0.005729 0.009259 0.011458 0.018519
0 0.005729 0.009259 0.011458 0.018519
0 0.005729 0.009259 0.011458 0.018519
0 0.005729 0.009259 0.011458 0.018519
0 0.006250 0.009259 0.012500 0.018519
0 0.005729 0.009259 0.011458 0.018519
0 0.005729 0.009259 0.011458 0.018519
0 0.005729 0.009259 0.011458 0.018519
0 0.005729 0.009259 0.011458 0.018519
0 0.005729 0.009259 0.011458 0.018519
0 0.005729 0.009259 0.011458 0.018519
0 0.005729 0.009259 0.011458 0.018519
0 0.005729 0.009259 0.011458 0.018519
0 0.005729 0.009259 0.011458 0.018519
0 0.005729 0.009259 0.011458 0.018519
0 0.005729 0.009259 0.011458 0.018519
0 0.005729 0.009259 0.011458 0.018519
0 0.005729 0.009259 0.011458 0.018519
0 0.005729 0.009259 0.011458 0.018519
0 0.005729 0.009259 0.011458 0.018519
0 0.005729 0.009259 0.011458 0.018519
0 0.005729 0.009259 0.011458 0.018519
0 0.005729 0.009259 0.011458 0.018519
0 0.005729 0.009259 0.011458 0.018519
0 0.005729 0.009259 0.011458 0.018519
0 0.006250 0.009259 0.012500 0.018519
0 0.005729 0.009259 0.011458 0.018519
0 0.005729 0.009259 0.011458 0.018519
0 0.005729 0.009259 0.011458 0.018519
0 0.005729 0.009259 0.011458 0.018519
0 0.005729 0.009259 0.011458 0.018519
0 0.005729 0.009259 0.011458 0.018519
0 0.005729 0.009259 0.011458 0.018519
0 0.005729 0.009259 0.011458 0.018519
0 0.006250 0.009259 0.012500 0.018519
0 0.005729 0.009259 0.011458 0.018519