0 0.003537 0.004822 0.007074 0.009643
0 0.003537 0.004822 0.007074 0.009643
0 0.003537 0.004822 0.007074 0.009643
0 0.003537 0.004822 0.007074 0.009643
0 0.004180 0.004822 0.008360 0.009643
0 0.003537 0.004822 0.007074 0.009643
0 0.003537 0.004822 0.007074 0.009643
0 0.003537 0.004822 0.007074 0.009643
0 0.003537 0.004822 0.007074 0.009643
0 0.003537 0.004822 0.007074 0.009643
0 0.003537 0.004822 0.007074 0.009643
0 0.003537 0.004822 0.007074 0.009643
0 0.003537 0.004822 0.007074 0.009643
0 0.003537 0.004822 0.007074 0.009643
0 0.003537 0.004822 0.007074 0.009643
0 0.003537 0.004822 0.007074 0.009643
0 0.003537 0.004822 0.007074 0.009643
0 0.003537 0.004822 0.007074 0.009643
0 0.003537 0.004822 0.007074 0.009643
0 0.003537 0.004822 0.007074 0.009643
0 0.003537 0.004822 0.007074 0.009643
0 0.003537 0.004822 0.007074 0.009643
0 0.003537 0.004822 0.007074 0.009643
0 0.003537 0.004822 0.007074 0.009643
0 0.003537 0.004822 0.007074 0.009643
0 0.003537 0.004822 0.007074 0.009643
0 0.003537 0.004822 0.007074 0.009643