0 0.008703 0.016077 0.017405 0.032154
0 0.008703 0.016077 0.017405 0.032154
0 0.008703 0.016077 0.017405 0.032154
0 0.008703 0.016077 0.017405 0.032154
0 0.008703 0.016077 0.017405 0.032154
0 0.008703 0.016077 0.017405 0.032154
0 0.008703 0.016077 0.017405 0.032154
0 0.008703 0.016077 0.017405 0.032154
0 0.008703 0.016077 0.017405 0.032154
0 0.008703 0.016077 0.017405 0.032154
0 0.008703 0.016077 0.017405 0.032154
0 0.008703 0.016077 0.017405 0.032154
0 0.008703 0.016077 0.017405 0.032154
0 0.008703 0.016077 0.017405 0.032154
0 0.008703 0.016077 0.017405 0.032154
0 0.008703 0.016077 0.017405 0.032154
0 0.008703 0.016077 0.017405 0.032154
0 0.008703 0.016077 0.017405 0.032154
0 0.008703 0.016077 0.017405 0.032154
0 0.008703 0.016077 0.017405 0.032154
0 0.008703 0.016077 0.017405 0.032154
0 0.008703 0.016077 0.017405 0.032154
0 0.008703 0.016077 0.017405 0.032154
0 0.008703 0.016077 0.017405 0.032154
0 0.008703 0.016077 0.017405 0.032154
0 0.008703 0.016077 0.017405 0.032154
0 0.008703 0.016077 0.017405 0.032154
0 0.008703 0.016077 0.017405 0.032154
0 0.008703 0.016077 0.017405 0.032154
0 0.008703 0.016077 0.017405 0.032154
0 0.008703 0.016077 0.017405 0.032154
0 0.008703 0.016077 0.017405 0.032154
0 0.008703 0.016077 0.017405 0.032154
0 0.008703 0.016077 0.017405 0.032154
0 0.008703 0.016077 0.017405 0.032154
0 0.008703 0.016077 0.017405 0.032154