0 0.007746 0.012531 0.015493 0.025063
0 0.007746 0.012531 0.015493 0.025063
0 0.007746 0.012531 0.015493 0.025063
0 0.007746 0.012531 0.015493 0.025063
0 0.007746 0.012531 0.015493 0.025063
0 0.007746 0.012531 0.015493 0.025063
0 0.007746 0.012531 0.015493 0.025063
0 0.007746 0.012531 0.015493 0.025063
0 0.007746 0.012531 0.015493 0.025063
0 0.007746 0.012531 0.015493 0.025063
0 0.007746 0.012531 0.015493 0.025063
0 0.007746 0.012531 0.015493 0.025063
0 0.007746 0.012531 0.015493 0.025063
0 0.007746 0.012531 0.015493 0.025063
0 0.007746 0.012531 0.015493 0.025063
0 0.007746 0.012531 0.015493 0.025063
0 0.007746 0.012531 0.015493 0.025063
0 0.007746 0.012531 0.015493 0.025063
0 0.007746 0.012531 0.015493 0.025063
0 0.007746 0.012531 0.015493 0.025063
0 0.007746 0.012531 0.015493 0.025063
0 0.007746 0.012531 0.015493 0.025063
0 0.007746 0.012531 0.015493 0.025063