0 0.002865 0.004167 0.005729 0.008333
0 0.002865 0.004167 0.005729 0.008333
0 0.002865 0.004167 0.005729 0.008333
0 0.002865 0.004167 0.005729 0.008333
0 0.002865 0.004167 0.005729 0.008333
0 0.002865 0.004167 0.005729 0.008333
0 0.002865 0.004167 0.005729 0.008333
0 0.002865 0.004167 0.005729 0.008333
0 0.002865 0.004167 0.005729 0.008333
0 0.002865 0.004167 0.005729 0.008333
0 0.002865 0.004167 0.005729 0.008333
0 0.002865 0.004167 0.005729 0.008333
0 0.002865 0.004167 0.005729 0.008333
0 0.002865 0.004167 0.005729 0.008333
0 0.002865 0.004167 0.005729 0.008333
0 0.002865 0.004167 0.005729 0.008333
0 0.002865 0.004167 0.005729 0.008333
0 0.002865 0.004167 0.005729 0.008333
0 0.002865 0.004167 0.005729 0.008333
0 0.003385 0.004167 0.006771 0.008333
0 0.002865 0.004167 0.005729 0.008333
0 0.002865 0.004167 0.005729 0.008333
0 0.003385 0.004167 0.006771 0.008333
0 0.002865 0.004167 0.005729 0.008333
0 0.002865 0.004167 0.005729 0.008333
0 0.003385 0.004167 0.006771 0.008333
0 0.002865 0.004167 0.005729 0.008333
0 0.002865 0.004167 0.005729 0.008333
0 0.003385 0.004167 0.006771 0.008333
0 0.002865 0.004167 0.005729 0.008333
0 0.002865 0.004167 0.005729 0.008333
0 0.002865 0.004167 0.005729 0.008333
0 0.002865 0.004167 0.005729 0.008333
0 0.002865 0.004167 0.005729 0.008333
0 0.002865 0.004167 0.005729 0.008333
0 0.002865 0.004167 0.005729 0.008333
0 0.002865 0.004167 0.005729 0.008333
0 0.002865 0.004167 0.005729 0.008333
0 0.002865 0.004167 0.005729 0.008333
0 0.002865 0.004167 0.005729 0.008333
0 0.002865 0.004167 0.005729 0.008333
0 0.002865 0.004167 0.005729 0.008333
0 0.002865 0.004167 0.005729 0.008333
0 0.002865 0.004167 0.005729 0.008333
0 0.002865 0.004167 0.005729 0.008333
0 0.003385 0.004167 0.006771 0.008333
0 0.002865 0.004167 0.005729 0.008333
0 0.002865 0.004167 0.005729 0.008333
0 0.002865 0.004167 0.005729 0.008333
0 0.003385 0.004167 0.006771 0.008333
0 0.002865 0.004167 0.005729 0.008333