0 0.004020 0.005342 0.008041 0.010684
0 0.004020 0.005342 0.008041 0.010684
0 0.004020 0.005342 0.008041 0.010684
0 0.004020 0.005342 0.008041 0.010684
0 0.004020 0.005342 0.008041 0.010684
0 0.004020 0.005342 0.008041 0.010684
0 0.004020 0.005342 0.008041 0.010684
0 0.004020 0.005342 0.008041 0.010684
0 0.004020 0.005342 0.008041 0.010684
0 0.004020 0.005342 0.008041 0.010684
0 0.004020 0.005342 0.008041 0.010684
0 0.004020 0.005342 0.008041 0.010684
0 0.004020 0.005342 0.008041 0.010684
0 0.004020 0.005342 0.008041 0.010684
0 0.004020 0.005342 0.008041 0.010684
0 0.004020 0.005342 0.008041 0.010684
0 0.004020 0.005342 0.008041 0.010684
0 0.004020 0.005342 0.008041 0.010684
0 0.004020 0.005342 0.008041 0.010684
0 0.004020 0.005342 0.008041 0.010684
0 0.004020 0.005342 0.008041 0.010684
0 0.004020 0.005342 0.008041 0.010684
0 0.004020 0.005342 0.008041 0.010684
0 0.004020 0.005342 0.008041 0.010684
0 0.004020 0.005342 0.008041 0.010684
0 0.004020 0.005342 0.008041 0.010684
0 0.004020 0.005342 0.008041 0.010684
0 0.004020 0.005342 0.008041 0.010684
0 0.004020 0.005342 0.008041 0.010684
0 0.004020 0.005342 0.008041 0.010684
0 0.004020 0.005342 0.008041 0.010684
0 0.004020 0.005342 0.008041 0.010684
0 0.004020 0.005342 0.008041 0.010684
0 0.004020 0.005342 0.008041 0.010684
0 0.004020 0.005342 0.008041 0.010684
0 0.004020 0.005342 0.008041 0.010684
0 0.004020 0.005342 0.008041 0.010684
0 0.004020 0.005342 0.008041 0.010684
0 0.004020 0.005342 0.008041 0.010684
0 0.004020 0.005342 0.008041 0.010684
0 0.004020 0.005342 0.008041 0.010684
0 0.004020 0.005342 0.008041 0.010684
0 0.004020 0.005342 0.008041 0.010684
0 0.004020 0.005342 0.008041 0.010684
0 0.004020 0.005342 0.008041 0.010684
0 0.004020 0.005342 0.008041 0.010684
0 0.004020 0.005342 0.008041 0.010684