0 0.004661 0.006353 0.009322 0.012706
0 0.004661 0.006353 0.009322 0.012706
0 0.004661 0.006989 0.009322 0.013977
0 0.004661 0.006989 0.009322 0.013977
0 0.004661 0.006353 0.009322 0.012706
0 0.004661 0.006353 0.009322 0.012706
0 0.004661 0.006989 0.009322 0.013977
0 0.004661 0.006989 0.009322 0.013977
0 0.004661 0.006989 0.009322 0.013977
0 0.004661 0.006989 0.009322 0.013977
0 0.004661 0.006989 0.009322 0.013977
0 0.004661 0.006989 0.009322 0.013977
0 0.004661 0.006353 0.009322 0.012706
0 0.004661 0.006989 0.009322 0.013977
0 0.004661 0.006989 0.009322 0.013977
0 0.004661 0.006989 0.009322 0.013977
0 0.004661 0.006989 0.009322 0.013977
0 0.004661 0.006989 0.009322 0.013977
0 0.004661 0.006989 0.009322 0.013977
0 0.004661 0.006989 0.009322 0.013977
0 0.004661 0.006989 0.009322 0.013977
0 0.004661 0.006353 0.009322 0.012706
0 0.004661 0.006989 0.009322 0.013977
0 0.004661 0.006989 0.009322 0.013977
0 0.004661 0.006989 0.009322 0.013977
0 0.004661 0.006353 0.009322 0.012706
0 0.004661 0.006353 0.009322 0.012706
0 0.004661 0.006989 0.009322 0.013977
0 0.004661 0.006353 0.009322 0.012706
0 0.004661 0.006353 0.009322 0.012706
0 0.004661 0.006353 0.009322 0.012706
0 0.004661 0.006989 0.009322 0.013977
0 0.004661 0.006353 0.009322 0.012706
0 0.004661 0.006989 0.009322 0.013977
0 0.004661 0.006989 0.009322 0.013977
0 0.004661 0.006989 0.009322 0.013977
0 0.004661 0.006989 0.009322 0.013977
0 0.004661 0.006989 0.009322 0.013977
0 0.004661 0.006353 0.009322 0.012706
0 0.004661 0.006989 0.009322 0.013977
0 0.004661 0.006353 0.009322 0.012706
0 0.004661 0.006989 0.009322 0.013977
0 0.004661 0.006353 0.009322 0.012706
0 0.004661 0.006989 0.009322 0.013977
0 0.004661 0.006989 0.009322 0.013977
0 0.004661 0.006353 0.009322 0.012706
0 0.004661 0.006989 0.009322 0.013977
0 0.004661 0.006989 0.009322 0.013977
0 0.004661 0.006353 0.009322 0.012706
0 0.004661 0.006989 0.009322 0.013977
0 0.004661 0.006989 0.009322 0.013977
0 0.004661 0.006989 0.009322 0.013977
0 0.004661 0.006353 0.009322 0.012706
0 0.004661 0.006989 0.009322 0.013977
0 0.004661 0.006353 0.009322 0.012706
0 0.004661 0.006353 0.009322 0.012706
0 0.004661 0.006989 0.009322 0.013977
0 0.004661 0.006989 0.009322 0.013977