0 0.009821 0.014745 0.019643 0.029491
0 0.009821 0.014745 0.019643 0.029491
0 0.009821 0.014745 0.019643 0.029491
0 0.009821 0.014745 0.019643 0.029491
0 0.009821 0.013405 0.019643 0.026810
0 0.009821 0.014745 0.019643 0.029491
0 0.009821 0.014745 0.019643 0.029491
0 0.009821 0.013405 0.019643 0.026810
0 0.009821 0.013405 0.019643 0.026810
0 0.009821 0.014745 0.019643 0.029491
0 0.009821 0.014745 0.019643 0.029491
0 0.009821 0.014745 0.019643 0.029491
0 0.009821 0.014745 0.019643 0.029491
0 0.009821 0.014745 0.019643 0.029491
0 0.009821 0.013405 0.019643 0.026810
0 0.009821 0.014745 0.019643 0.029491
0 0.009821 0.014745 0.019643 0.029491
0 0.009821 0.014745 0.019643 0.029491
0 0.009821 0.013405 0.019643 0.026810
0 0.009821 0.014745 0.019643 0.029491
0 0.009821 0.014745 0.019643 0.029491
0 0.009821 0.014745 0.019643 0.029491
0 0.009821 0.014745 0.019643 0.029491
0 0.009821 0.014745 0.019643 0.029491
0 0.009821 0.013405 0.019643 0.026810
0 0.009821 0.014745 0.019643 0.029491
0 0.009821 0.013405 0.019643 0.026810
0 0.009821 0.014745 0.019643 0.029491
0 0.009821 0.014745 0.019643 0.029491
0 0.009821 0.014745 0.019643 0.029491
0 0.009821 0.013405 0.019643 0.026810
0 0.009821 0.013405 0.019643 0.026810
0 0.009821 0.014745 0.019643 0.029491
0 0.009821 0.014745 0.019643 0.029491
0 0.009821 0.013405 0.019643 0.026810
0 0.009821 0.014745 0.019643 0.029491
0 0.009821 0.014745 0.019643 0.029491
0 0.009821 0.014745 0.019643 0.029491
0 0.009821 0.014745 0.019643 0.029491
0 0.009821 0.014745 0.019643 0.029491
0 0.009821 0.014745 0.019643 0.029491
0 0.009821 0.014745 0.019643 0.029491
0 0.009821 0.014745 0.019643 0.029491
0 0.009821 0.014745 0.019643 0.029491
0 0.009821 0.013405 0.019643 0.026810
0 0.009821 0.014745 0.019643 0.029491
0 0.009821 0.014745 0.019643 0.029491
0 0.009821 0.014745 0.019643 0.029491
0 0.009821 0.014745 0.019643 0.029491
0 0.009821 0.014745 0.019643 0.029491
0 0.009821 0.014745 0.019643 0.029491
0 0.009821 0.014745 0.019643 0.029491
0 0.009821 0.014745 0.019643 0.029491
0 0.009821 0.014745 0.019643 0.029491
0 0.009821 0.013405 0.019643 0.026810
0 0.009821 0.014745 0.019643 0.029491