0 0.008462 0.020295 0.016923 0.040590
0 0.008462 0.018450 0.016923 0.036900
0 0.008462 0.018450 0.016923 0.036900
0 0.010000 0.020295 0.020000 0.040590
0 0.008462 0.018450 0.016923 0.036900
0 0.008462 0.018450 0.016923 0.036900
0 0.008462 0.020295 0.016923 0.040590
0 0.008462 0.018450 0.016923 0.036900
0 0.008462 0.018450 0.016923 0.036900
0 0.008462 0.018450 0.016923 0.036900
0 0.008462 0.020295 0.016923 0.040590
0 0.008462 0.018450 0.016923 0.036900
0 0.008462 0.018450 0.016923 0.036900
0 0.008462 0.018450 0.016923 0.036900
0 0.010000 0.018450 0.020000 0.036900
0 0.010000 0.020295 0.020000 0.040590
0 0.008462 0.020295 0.016923 0.040590
0 0.008462 0.020295 0.016923 0.040590
0 0.008462 0.018450 0.016923 0.036900
0 0.008462 0.020295 0.016923 0.040590
0 0.008462 0.020295 0.016923 0.040590
0 0.008462 0.018450 0.016923 0.036900
0 0.008462 0.020295 0.016923 0.040590
0 0.008462 0.020295 0.016923 0.040590
0 0.008462 0.020295 0.016923 0.040590
0 0.008462 0.018450 0.016923 0.036900
0 0.008462 0.018450 0.016923 0.036900
0 0.008462 0.018450 0.016923 0.036900
0 0.008462 0.020295 0.016923 0.040590
0 0.008462 0.018450 0.016923 0.036900
0 0.008462 0.020295 0.016923 0.040590
0 0.008462 0.018450 0.016923 0.036900
0 0.008462 0.018450 0.016923 0.036900
0 0.008462 0.018450 0.016923 0.036900
0 0.008462 0.018450 0.016923 0.036900
0 0.008462 0.020295 0.016923 0.040590
0 0.010000 0.018450 0.020000 0.036900
0 0.008462 0.018450 0.016923 0.036900
0 0.008462 0.018450 0.016923 0.036900
0 0.008462 0.018450 0.016923 0.036900
0 0.008462 0.020295 0.016923 0.040590
0 0.008462 0.018450 0.016923 0.036900
0 0.008462 0.020295 0.016923 0.040590
0 0.008462 0.018450 0.016923 0.036900
0 0.008462 0.018450 0.016923 0.036900
0 0.008462 0.020295 0.016923 0.040590
0 0.010000 0.020295 0.020000 0.040590
0 0.008462 0.018450 0.016923 0.036900
0 0.008462 0.020295 0.016923 0.040590
0 0.008462 0.018450 0.016923 0.036900
0 0.008462 0.018450 0.016923 0.036900
0 0.008462 0.018450 0.016923 0.036900
0 0.008462 0.020295 0.016923 0.040590
0 0.008462 0.020295 0.016923 0.040590
0 0.008462 0.018450 0.016923 0.036900
0 0.008462 0.018450 0.016923 0.036900
0 0.008462 0.020295 0.016923 0.040590
0 0.008462 0.020295 0.016923 0.040590
0 0.008462 0.018450 0.016923 0.036900
0 0.008462 0.018450 0.016923 0.036900
0 0.008462 0.020295 0.016923 0.040590
0 0.008462 0.020295 0.016923 0.040590
0 0.008462 0.020295 0.016923 0.040590
0 0.008462 0.018450 0.016923 0.036900
0 0.008462 0.018450 0.016923 0.036900
0 0.008462 0.020295 0.016923 0.040590
0 0.008462 0.018450 0.016923 0.036900
0 0.008462 0.020295 0.016923 0.040590
0 0.010000 0.018450 0.020000 0.036900
0 0.010000 0.020295 0.020000 0.040590
0 0.008462 0.018450 0.016923 0.036900
0 0.008462 0.018450 0.016923 0.036900
0 0.008462 0.018450 0.016923 0.036900
0 0.008462 0.018450 0.016923 0.036900
0 0.008462 0.020295 0.016923 0.040590
0 0.010000 0.020295 0.020000 0.040590
0 0.008462 0.020295 0.016923 0.040590
0 0.008462 0.018450 0.016923 0.036900
0 0.008462 0.018450 0.016923 0.036900
0 0.010000 0.018450 0.020000 0.036900
0 0.008462 0.020295 0.016923 0.040590
0 0.008462 0.018450 0.016923 0.036900
0 0.008462 0.020295 0.016923 0.040590
0 0.008462 0.020295 0.016923 0.040590
0 0.008462 0.018450 0.016923 0.036900
0 0.008462 0.020295 0.016923 0.040590
0 0.008462 0.020295 0.016923 0.040590
0 0.008462 0.020295 0.016923 0.040590
0 0.008462 0.018450 0.016923 0.036900
0 0.008462 0.020295 0.016923 0.040590
0 0.008462 0.020295 0.016923 0.040590
0 0.008462 0.020295 0.016923 0.040590
0 0.008462 0.018450 0.016923 0.036900
0 0.008462 0.020295 0.016923 0.040590
0 0.008462 0.020295 0.016923 0.040590
0 0.008462 0.018450 0.016923 0.036900
0 0.008462 0.020295 0.016923 0.040590
0 0.008462 0.018450 0.016923 0.036900
0 0.008462 0.018450 0.016923 0.036900
0 0.010000 0.018450 0.020000 0.036900
0 0.008462 0.020295 0.016923 0.040590
0 0.008462 0.020295 0.016923 0.040590
0 0.010000 0.020295 0.020000 0.040590
0 0.008462 0.020295 0.016923 0.040590
0 0.008462 0.020295 0.016923 0.040590
0 0.010000 0.020295 0.020000 0.040590
0 0.008462 0.020295 0.016923 0.040590
0 0.008462 0.020295 0.016923 0.040590
0 0.008462 0.018450 0.016923 0.036900
0 0.008462 0.020295 0.016923 0.040590