0 0.006478 0.008850 0.012956 0.017699
0 0.006478 0.008850 0.012956 0.017699
0 0.006478 0.008850 0.012956 0.017699
0 0.006478 0.008850 0.012956 0.017699
0 0.006478 0.008850 0.012956 0.017699
0 0.006478 0.008850 0.012956 0.017699
0 0.006478 0.008850 0.012956 0.017699
0 0.006478 0.008850 0.012956 0.017699
0 0.006478 0.008850 0.012956 0.017699
0 0.006478 0.008850 0.012956 0.017699
0 0.006478 0.008850 0.012956 0.017699
0 0.006478 0.008850 0.012956 0.017699
0 0.006478 0.008850 0.012956 0.017699
0 0.006478 0.008850 0.012956 0.017699