0 0.001415 0.001929 0.002829 0.003858
0 0.001415 0.001929 0.002829 0.003858
0 0.001415 0.001929 0.002829 0.003858
0 0.001543 0.001929 0.003086 0.003858
0 0.001415 0.001929 0.002829 0.003858
0 0.001543 0.001929 0.003086 0.003858
0 0.001415 0.001929 0.002829 0.003858
0 0.001415 0.001929 0.002829 0.003858
0 0.001415 0.001929 0.002829 0.003858
0 0.001415 0.001929 0.002829 0.003858
0 0.001543 0.001929 0.003086 0.003858
0 0.001415 0.001929 0.002829 0.003858
0 0.001415 0.001929 0.002829 0.003858
0 0.001415 0.001929 0.002829 0.003858
0 0.001415 0.001929 0.002829 0.003858
0 0.001415 0.001929 0.002829 0.003858
0 0.001415 0.001929 0.002829 0.003858
0 0.001415 0.001929 0.002829 0.003858
0 0.001415 0.001929 0.002829 0.003858
0 0.001415 0.001929 0.002829 0.003858
0 0.001415 0.001929 0.002829 0.003858
0 0.001415 0.001929 0.002829 0.003858
0 0.001415 0.001929 0.002829 0.003858
0 0.001415 0.001929 0.002829 0.003858
0 0.001415 0.001929 0.002829 0.003858
0 0.001543 0.001929 0.003086 0.003858
0 0.001543 0.001929 0.003086 0.003858