0 0.008929 0.012136 0.017857 0.024272
0 0.008929 0.012136 0.017857 0.024272
0 0.008929 0.012136 0.017857 0.024272
0 0.008929 0.012136 0.017857 0.024272
0 0.008929 0.012136 0.017857 0.024272
0 0.008929 0.012136 0.017857 0.024272
0 0.008929 0.012136 0.017857 0.024272
0 0.008929 0.012136 0.017857 0.024272
0 0.008929 0.012136 0.017857 0.024272
0 0.008929 0.012136 0.017857 0.024272
0 0.008929 0.012136 0.017857 0.024272
0 0.008929 0.012136 0.017857 0.024272
0 0.008929 0.012136 0.017857 0.024272
0 0.008929 0.012136 0.017857 0.024272
0 0.008929 0.012136 0.017857 0.024272
0 0.008929 0.012136 0.017857 0.024272
0 0.008929 0.012136 0.017857 0.024272
0 0.008929 0.012136 0.017857 0.024272
0 0.008929 0.012136 0.017857 0.024272
0 0.008929 0.012136 0.017857 0.024272
0 0.008929 0.012136 0.017857 0.024272
0 0.008929 0.012136 0.017857 0.024272
0 0.008929 0.012136 0.017857 0.024272
0 0.008929 0.012136 0.017857 0.024272
0 0.008929 0.012136 0.017857 0.024272
0 0.008929 0.012136 0.017857 0.024272
0 0.008929 0.012136 0.017857 0.024272
0 0.008929 0.012136 0.017857 0.024272
0 0.008929 0.012136 0.017857 0.024272
0 0.008929 0.012136 0.017857 0.024272
0 0.008929 0.012136 0.017857 0.024272
0 0.008929 0.012136 0.017857 0.024272
0 0.008929 0.012136 0.017857 0.024272
0 0.008929 0.012136 0.017857 0.024272
0 0.008929 0.012136 0.017857 0.024272
0 0.008929 0.012136 0.017857 0.024272
0 0.008929 0.012136 0.017857 0.024272
0 0.008929 0.012136 0.017857 0.024272
0 0.008929 0.012136 0.017857 0.024272
0 0.008929 0.012136 0.017857 0.024272
0 0.008929 0.012136 0.017857 0.024272
0 0.008929 0.012136 0.017857 0.024272
0 0.008929 0.012136 0.017857 0.024272
0 0.008929 0.012136 0.017857 0.024272