0 0.003395 0.005093 0.006790 0.010185
0 0.003395 0.005093 0.006790 0.010185
0 0.003395 0.005093 0.006790 0.010185
0 0.003395 0.005093 0.006790 0.010185
0 0.003395 0.005093 0.006790 0.010185
0 0.003395 0.005093 0.006790 0.010185
0 0.003395 0.005093 0.006790 0.010185
0 0.003395 0.005093 0.006790 0.010185
0 0.003395 0.005093 0.006790 0.010185
0 0.003395 0.004630 0.006790 0.009259
0 0.003395 0.005093 0.006790 0.010185
0 0.003395 0.005093 0.006790 0.010185
0 0.003395 0.005093 0.006790 0.010185
0 0.003395 0.005093 0.006790 0.010185
0 0.003395 0.005093 0.006790 0.010185
0 0.003395 0.005093 0.006790 0.010185
0 0.003395 0.005093 0.006790 0.010185
0 0.003395 0.005093 0.006790 0.010185
0 0.003395 0.005093 0.006790 0.010185
0 0.003395 0.005093 0.006790 0.010185
0 0.003395 0.005093 0.006790 0.010185
0 0.003395 0.005093 0.006790 0.010185
0 0.003395 0.005093 0.006790 0.010185
0 0.003395 0.004630 0.006790 0.009259
0 0.003395 0.005093 0.006790 0.010185
0 0.003395 0.005093 0.006790 0.010185
0 0.003395 0.005093 0.006790 0.010185
0 0.003395 0.005093 0.006790 0.010185
0 0.003395 0.005093 0.006790 0.010185
0 0.003395 0.005093 0.006790 0.010185
0 0.003395 0.005093 0.006790 0.010185
0 0.003395 0.005093 0.006790 0.010185
0 0.003395 0.005093 0.006790 0.010185
0 0.003395 0.005093 0.006790 0.010185
0 0.003395 0.005093 0.006790 0.010185
0 0.003395 0.005093 0.006790 0.010185
0 0.003395 0.005093 0.006790 0.010185
0 0.003395 0.005093 0.006790 0.010185
0 0.003395 0.005093 0.006790 0.010185
0 0.003395 0.005093 0.006790 0.010185
0 0.003395 0.005093 0.006790 0.010185
0 0.003395 0.005093 0.006790 0.010185
0 0.003395 0.005093 0.006790 0.010185
0 0.003395 0.005093 0.006790 0.010185
0 0.003395 0.005093 0.006790 0.010185
0 0.003395 0.005093 0.006790 0.010185
0 0.003395 0.005093 0.006790 0.010185
0 0.003395 0.005093 0.006790 0.010185
0 0.003395 0.005093 0.006790 0.010185
0 0.003395 0.005093 0.006790 0.010185
0 0.003395 0.005093 0.006790 0.010185
0 0.003395 0.005093 0.006790 0.010185
0 0.003395 0.005093 0.006790 0.010185
0 0.003395 0.005093 0.006790 0.010185
0 0.003395 0.005093 0.006790 0.010185
0 0.003395 0.005093 0.006790 0.010185
0 0.003395 0.005093 0.006790 0.010185
0 0.003395 0.005093 0.006790 0.010185
0 0.003395 0.005093 0.006790 0.010185
0 0.003395 0.005093 0.006790 0.010185
0 0.003395 0.005093 0.006790 0.010185
0 0.003395 0.005093 0.006790 0.010185
0 0.003395 0.005093 0.006790 0.010185
0 0.003395 0.005093 0.006790 0.010185
0 0.003395 0.004630 0.006790 0.009259
0 0.003395 0.005093 0.006790 0.010185
0 0.003395 0.005093 0.006790 0.010185