0 0.007333 0.013055 0.014667 0.026110
0 0.007333 0.013055 0.014667 0.026110
0 0.007333 0.013055 0.014667 0.026110
0 0.007333 0.013055 0.014667 0.026110
0 0.007333 0.013055 0.014667 0.026110
0 0.007333 0.013055 0.014667 0.026110
0 0.007333 0.013055 0.014667 0.026110
0 0.007333 0.013055 0.014667 0.026110
0 0.007333 0.013055 0.014667 0.026110
0 0.007333 0.013055 0.014667 0.026110
0 0.007333 0.013055 0.014667 0.026110
0 0.007333 0.013055 0.014667 0.026110
0 0.007333 0.013055 0.014667 0.026110
0 0.007333 0.013055 0.014667 0.026110
0 0.007333 0.013055 0.014667 0.026110
0 0.007333 0.013055 0.014667 0.026110
0 0.007333 0.013055 0.014667 0.026110
0 0.007333 0.013055 0.014667 0.026110
0 0.007333 0.013055 0.014667 0.026110
0 0.007333 0.013055 0.014667 0.026110
0 0.007333 0.013055 0.014667 0.026110
0 0.007333 0.013055 0.014667 0.026110
0 0.007333 0.013055 0.014667 0.026110