0 0.002122 0.002894 0.004244 0.005787
0 0.002122 0.002894 0.004244 0.005787
0 0.002122 0.002894 0.004244 0.005787
0 0.002122 0.002894 0.004244 0.005787
0 0.002122 0.002894 0.004244 0.005787
0 0.002122 0.002894 0.004244 0.005787
0 0.002122 0.002894 0.004244 0.005787
0 0.002122 0.002894 0.004244 0.005787
0 0.002122 0.002894 0.004244 0.005787
0 0.002122 0.002894 0.004244 0.005787
0 0.002122 0.002894 0.004244 0.005787
0 0.002122 0.002894 0.004244 0.005787
0 0.002122 0.002894 0.004244 0.005787
0 0.002122 0.002894 0.004244 0.005787
0 0.002122 0.002894 0.004244 0.005787
0 0.002122 0.002894 0.004244 0.005787