0 0.014474 0.021739 0.028947 0.043478
0 0.014474 0.021739 0.028947 0.043478
0 0.014474 0.021739 0.028947 0.043478
0 0.014474 0.021739 0.028947 0.043478
0 0.014474 0.021739 0.028947 0.043478
0 0.014474 0.021739 0.028947 0.043478
0 0.014474 0.021739 0.028947 0.043478
0 0.015789 0.021739 0.031579 0.043478
0 0.014474 0.021739 0.028947 0.043478
0 0.014474 0.021739 0.028947 0.043478
0 0.014474 0.021739 0.028947 0.043478
0 0.014474 0.021739 0.028947 0.043478
0 0.014474 0.021739 0.028947 0.043478
0 0.014474 0.021739 0.028947 0.043478
0 0.014474 0.021739 0.028947 0.043478
0 0.014474 0.021739 0.028947 0.043478
0 0.015789 0.021739 0.031579 0.043478
0 0.014474 0.021739 0.028947 0.043478
0 0.014474 0.021739 0.028947 0.043478
0 0.014474 0.021739 0.028947 0.043478
0 0.015789 0.021739 0.031579 0.043478
0 0.014474 0.021739 0.028947 0.043478
0 0.014474 0.021739 0.028947 0.043478
0 0.014474 0.021739 0.028947 0.043478
0 0.014474 0.021739 0.028947 0.043478
0 0.014474 0.021739 0.028947 0.043478
0 0.014474 0.021739 0.028947 0.043478
0 0.014474 0.021739 0.028947 0.043478
0 0.014474 0.021739 0.028947 0.043478
0 0.014474 0.021739 0.028947 0.043478
0 0.014474 0.021739 0.028947 0.043478
0 0.015789 0.021739 0.031579 0.043478
0 0.014474 0.021739 0.028947 0.043478
0 0.014474 0.021739 0.028947 0.043478
0 0.014474 0.021739 0.028947 0.043478
0 0.014474 0.021739 0.028947 0.043478
0 0.014474 0.021739 0.028947 0.043478
0 0.014474 0.021739 0.028947 0.043478
0 0.014474 0.021739 0.028947 0.043478
0 0.014474 0.021739 0.028947 0.043478
0 0.014474 0.021739 0.028947 0.043478
0 0.014474 0.021739 0.028947 0.043478
0 0.014474 0.021739 0.028947 0.043478
0 0.014474 0.021739 0.028947 0.043478
0 0.014474 0.021739 0.028947 0.043478
0 0.015789 0.021739 0.031579 0.043478
0 0.014474 0.021739 0.028947 0.043478
0 0.015789 0.021739 0.031579 0.043478
0 0.014474 0.021739 0.028947 0.043478
0 0.015789 0.021739 0.031579 0.043478
0 0.014474 0.021739 0.028947 0.043478
0 0.014474 0.021739 0.028947 0.043478
0 0.014474 0.021739 0.028947 0.043478
0 0.014474 0.021739 0.028947 0.043478
0 0.015789 0.021739 0.031579 0.043478
0 0.014474 0.021739 0.028947 0.043478
0 0.014474 0.021739 0.028947 0.043478
0 0.014474 0.021739 0.028947 0.043478
0 0.015789 0.021739 0.031579 0.043478
0 0.014474 0.021739 0.028947 0.043478
0 0.014474 0.021739 0.028947 0.043478
0 0.014474 0.021739 0.028947 0.043478
0 0.014474 0.021739 0.028947 0.043478
0 0.014474 0.021739 0.028947 0.043478
0 0.014474 0.021739 0.028947 0.043478
0 0.014474 0.021739 0.028947 0.043478
0 0.014474 0.021739 0.028947 0.043478
0 0.015789 0.021739 0.031579 0.043478
0 0.014474 0.021739 0.028947 0.043478
0 0.014474 0.021739 0.028947 0.043478
0 0.015789 0.021739 0.031579 0.043478
0 0.014474 0.021739 0.028947 0.043478
0 0.014474 0.021739 0.028947 0.043478
0 0.014474 0.021739 0.028947 0.043478
0 0.014474 0.021739 0.028947 0.043478
0 0.014474 0.021739 0.028947 0.043478
0 0.015789 0.021739 0.031579 0.043478
0 0.014474 0.021739 0.028947 0.043478
0 0.014474 0.021739 0.028947 0.043478
0 0.014474 0.021739 0.028947 0.043478
0 0.014474 0.021739 0.028947 0.043478
0 0.014474 0.021739 0.028947 0.043478