0 0.004231 0.006699 0.008462 0.013398
0 0.004231 0.006699 0.008462 0.013398
0 0.004231 0.006699 0.008462 0.013398
0 0.004231 0.006699 0.008462 0.013398
0 0.004231 0.006090 0.008462 0.012180
0 0.004231 0.006699 0.008462 0.013398
0 0.004231 0.006090 0.008462 0.012180
0 0.004231 0.006699 0.008462 0.013398
0 0.004231 0.006090 0.008462 0.012180
0 0.004231 0.006090 0.008462 0.012180
0 0.004231 0.006699 0.008462 0.013398
0 0.004231 0.006699 0.008462 0.013398
0 0.004231 0.006699 0.008462 0.013398
0 0.004231 0.006090 0.008462 0.012180
0 0.004231 0.006699 0.008462 0.013398
0 0.004231 0.006090 0.008462 0.012180
0 0.004231 0.006699 0.008462 0.013398
0 0.004231 0.006699 0.008462 0.013398
0 0.004231 0.006699 0.008462 0.013398
0 0.004231 0.006699 0.008462 0.013398
0 0.004231 0.006090 0.008462 0.012180
0 0.004231 0.006699 0.008462 0.013398
0 0.004231 0.006090 0.008462 0.012180
0 0.004231 0.006699 0.008462 0.013398
0 0.004231 0.006090 0.008462 0.012180
0 0.004231 0.006699 0.008462 0.013398
0 0.004231 0.006699 0.008462 0.013398