0 0.009213 0.014970 0.018425 0.029940
0 0.009213 0.014970 0.018425 0.029940
0 0.009213 0.014970 0.018425 0.029940
0 0.009213 0.014970 0.018425 0.029940
0 0.009213 0.014970 0.018425 0.029940
0 0.009213 0.014970 0.018425 0.029940
0 0.009213 0.014970 0.018425 0.029940
0 0.009213 0.014970 0.018425 0.029940
0 0.009213 0.014970 0.018425 0.029940
0 0.009213 0.014970 0.018425 0.029940
0 0.009213 0.014970 0.018425 0.029940
0 0.009213 0.014970 0.018425 0.029940
0 0.009213 0.014970 0.018425 0.029940
0 0.009213 0.014970 0.018425 0.029940
0 0.009213 0.014970 0.018425 0.029940
0 0.009213 0.014970 0.018425 0.029940
0 0.009213 0.014970 0.018425 0.029940
0 0.009213 0.014970 0.018425 0.029940
0 0.009213 0.014970 0.018425 0.029940
0 0.009213 0.014970 0.018425 0.029940
0 0.009213 0.014970 0.018425 0.029940
0 0.009213 0.014970 0.018425 0.029940
0 0.009213 0.014970 0.018425 0.029940
0 0.009213 0.014970 0.018425 0.029940
0 0.009213 0.014970 0.018425 0.029940