0 0.017188 0.020833 0.034375 0.041667
0 0.017188 0.020833 0.034375 0.041667
0 0.017188 0.020833 0.034375 0.041667
0 0.017188 0.020833 0.034375 0.041667
0 0.017188 0.020833 0.034375 0.041667
0 0.017188 0.020833 0.034375 0.041667
0 0.017188 0.020833 0.034375 0.041667
0 0.017188 0.020833 0.034375 0.041667
0 0.017188 0.020833 0.034375 0.041667
0 0.017188 0.020833 0.034375 0.041667
0 0.017188 0.020833 0.034375 0.041667
0 0.017188 0.020833 0.034375 0.041667
0 0.017188 0.020833 0.034375 0.041667
0 0.017188 0.020833 0.034375 0.041667
0 0.017188 0.020833 0.034375 0.041667
0 0.017188 0.020833 0.034375 0.041667
0 0.017188 0.020833 0.034375 0.041667
0 0.017188 0.020833 0.034375 0.041667
0 0.017188 0.020833 0.034375 0.041667
0 0.017188 0.020833 0.034375 0.041667
0 0.017188 0.020833 0.034375 0.041667
0 0.017188 0.020833 0.034375 0.041667
0 0.017188 0.020833 0.034375 0.041667
0 0.017188 0.020833 0.034375 0.041667
0 0.017188 0.020833 0.034375 0.041667
0 0.017188 0.020833 0.034375 0.041667
0 0.017188 0.020833 0.034375 0.041667
0 0.017188 0.020833 0.034375 0.041667
0 0.017188 0.020833 0.034375 0.041667
0 0.017188 0.020833 0.034375 0.041667
0 0.017188 0.020833 0.034375 0.041667
0 0.017188 0.020833 0.034375 0.041667