0 0.007333 0.010000 0.014667 0.020000
0 0.007333 0.011000 0.014667 0.022000
0 0.007333 0.011000 0.014667 0.022000
0 0.007333 0.010000 0.014667 0.020000
0 0.007333 0.011000 0.014667 0.022000
0 0.007333 0.010000 0.014667 0.020000
0 0.007333 0.010000 0.014667 0.020000
0 0.007333 0.010000 0.014667 0.020000
0 0.007333 0.010000 0.014667 0.020000
0 0.007333 0.010000 0.014667 0.020000
0 0.007333 0.011000 0.014667 0.022000
0 0.007333 0.011000 0.014667 0.022000
0 0.007333 0.011000 0.014667 0.022000
0 0.007333 0.011000 0.014667 0.022000
0 0.007333 0.011000 0.014667 0.022000
0 0.007333 0.010000 0.014667 0.020000
0 0.007333 0.010000 0.014667 0.020000
0 0.007333 0.011000 0.014667 0.022000
0 0.007333 0.011000 0.014667 0.022000
0 0.007333 0.010000 0.014667 0.020000
0 0.007333 0.011000 0.014667 0.022000
0 0.007333 0.010000 0.014667 0.020000
0 0.007333 0.010000 0.014667 0.020000
0 0.007333 0.011000 0.014667 0.022000
0 0.007333 0.011000 0.014667 0.022000
0 0.007333 0.010000 0.014667 0.020000
0 0.007333 0.011000 0.014667 0.022000
0 0.007333 0.010000 0.014667 0.020000
0 0.007333 0.010000 0.014667 0.020000
0 0.007333 0.010000 0.014667 0.020000
0 0.007333 0.011000 0.014667 0.022000
0 0.007333 0.010000 0.014667 0.020000
0 0.007333 0.010000 0.014667 0.020000
0 0.007333 0.010000 0.014667 0.020000
0 0.007333 0.011000 0.014667 0.022000
0 0.007333 0.011000 0.014667 0.022000
0 0.007333 0.010000 0.014667 0.020000
0 0.007333 0.011000 0.014667 0.022000
0 0.007333 0.011000 0.014667 0.022000
0 0.007333 0.011000 0.014667 0.022000
0 0.007333 0.011000 0.014667 0.022000
0 0.007333 0.010000 0.014667 0.020000
0 0.007333 0.010000 0.014667 0.020000
0 0.007333 0.010000 0.014667 0.020000
0 0.007333 0.011000 0.014667 0.022000
0 0.007333 0.011000 0.014667 0.022000
0 0.007333 0.010000 0.014667 0.020000
0 0.007333 0.010000 0.014667 0.020000
0 0.007333 0.011000 0.014667 0.022000
0 0.007333 0.010000 0.014667 0.020000
0 0.007333 0.010000 0.014667 0.020000
0 0.007333 0.011000 0.014667 0.022000
0 0.007333 0.010000 0.014667 0.020000
0 0.007333 0.010000 0.014667 0.020000
0 0.007333 0.010000 0.014667 0.020000
0 0.007333 0.010000 0.014667 0.020000
0 0.007333 0.011000 0.014667 0.022000
0 0.007333 0.010000 0.014667 0.020000
0 0.007333 0.010000 0.014667 0.020000
0 0.007333 0.011000 0.014667 0.022000
0 0.007333 0.010000 0.014667 0.020000
0 0.007333 0.011000 0.014667 0.022000
0 0.007333 0.010000 0.014667 0.020000
0 0.007333 0.010000 0.014667 0.020000
0 0.007333 0.011000 0.014667 0.022000
0 0.007333 0.011000 0.014667 0.022000
0 0.007333 0.011000 0.014667 0.022000
0 0.007333 0.011000 0.014667 0.022000
0 0.007333 0.010000 0.014667 0.020000
0 0.008667 0.010000 0.017333 0.020000
0 0.007333 0.011000 0.014667 0.022000
0 0.007333 0.010000 0.014667 0.020000
0 0.007333 0.010000 0.014667 0.020000
0 0.007333 0.011000 0.014667 0.022000
0 0.007333 0.011000 0.014667 0.022000
0 0.007333 0.011000 0.014667 0.022000
0 0.007333 0.011000 0.014667 0.022000
0 0.007333 0.011000 0.014667 0.022000
0 0.007333 0.011000 0.014667 0.022000
0 0.007333 0.011000 0.014667 0.022000
0 0.007333 0.010000 0.014667 0.020000
0 0.007333 0.010000 0.014667 0.020000
0 0.007333 0.011000 0.014667 0.022000
0 0.007333 0.011000 0.014667 0.022000
0 0.007333 0.011000 0.014667 0.022000
0 0.007333 0.010000 0.014667 0.020000
0 0.008667 0.010000 0.017333 0.020000
0 0.007333 0.011000 0.014667 0.022000
0 0.007333 0.010000 0.014667 0.020000
0 0.007333 0.010000 0.014667 0.020000
0 0.007333 0.011000 0.014667 0.022000
0 0.007333 0.011000 0.014667 0.022000
0 0.007333 0.011000 0.014667 0.022000
0 0.007333 0.011000 0.014667 0.022000
0 0.007333 0.010000 0.014667 0.020000
0 0.007333 0.011000 0.014667 0.022000
0 0.007333 0.011000 0.014667 0.022000
0 0.007333 0.010000 0.014667 0.020000
0 0.007333 0.010000 0.014667 0.020000
0 0.007333 0.011000 0.014667 0.022000
0 0.007333 0.011000 0.014667 0.022000
0 0.007333 0.010000 0.014667 0.020000
0 0.007333 0.010000 0.014667 0.020000
0 0.007333 0.011000 0.014667 0.022000
0 0.007333 0.010000 0.014667 0.020000
0 0.007333 0.010000 0.014667 0.020000
0 0.007333 0.010000 0.014667 0.020000
0 0.007333 0.010000 0.014667 0.020000
0 0.007333 0.011000 0.014667 0.022000
0 0.007333 0.010000 0.014667 0.020000
0 0.007333 0.010000 0.014667 0.020000
0 0.007333 0.010000 0.014667 0.020000
0 0.007333 0.010000 0.014667 0.020000
0 0.007333 0.011000 0.014667 0.022000
0 0.007333 0.010000 0.014667 0.020000
0 0.007333 0.010000 0.014667 0.020000
0 0.007333 0.010000 0.014667 0.020000
0 0.007333 0.011000 0.014667 0.022000
0 0.007333 0.011000 0.014667 0.022000
0 0.007333 0.010000 0.014667 0.020000
0 0.007333 0.011000 0.014667 0.022000
0 0.007333 0.010000 0.014667 0.020000
0 0.007333 0.010000 0.014667 0.020000
0 0.007333 0.011000 0.014667 0.022000
0 0.007333 0.010000 0.014667 0.020000
0 0.007333 0.011000 0.014667 0.022000
0 0.007333 0.011000 0.014667 0.022000
0 0.007333 0.010000 0.014667 0.020000
0 0.007333 0.010000 0.014667 0.020000
0 0.007333 0.010000 0.014667 0.020000
0 0.007333 0.010000 0.014667 0.020000
0 0.007333 0.011000 0.014667 0.022000
0 0.007333 0.011000 0.014667 0.022000
0 0.007333 0.010000 0.014667 0.020000
0 0.007333 0.010000 0.014667 0.020000
0 0.007333 0.011000 0.014667 0.022000
0 0.007333 0.011000 0.014667 0.022000
0 0.007333 0.011000 0.014667 0.022000
0 0.007333 0.010000 0.014667 0.020000
0 0.007333 0.011000 0.014667 0.022000
0 0.007333 0.011000 0.014667 0.022000
0 0.007333 0.011000 0.014667 0.022000
0 0.007333 0.011000 0.014667 0.022000
0 0.007333 0.011000 0.014667 0.022000