0 0.004685 0.015449 0.009370 0.030899
0 0.004685 0.014045 0.009370 0.028090
0 0.004685 0.014045 0.009370 0.028090
0 0.004685 0.015449 0.009370 0.030899
0 0.004685 0.015449 0.009370 0.030899
0 0.004685 0.015449 0.009370 0.030899
0 0.004685 0.014045 0.009370 0.028090
0 0.004685 0.014045 0.009370 0.028090
0 0.004685 0.015449 0.009370 0.030899
0 0.004685 0.015449 0.009370 0.030899
0 0.004685 0.014045 0.009370 0.028090
0 0.004685 0.014045 0.009370 0.028090
0 0.004685 0.014045 0.009370 0.028090
0 0.004685 0.014045 0.009370 0.028090
0 0.004685 0.015449 0.009370 0.030899
0 0.004685 0.015449 0.009370 0.030899
0 0.004685 0.015449 0.009370 0.030899
0 0.004685 0.014045 0.009370 0.028090
0 0.004685 0.014045 0.009370 0.028090
0 0.004685 0.014045 0.009370 0.028090
0 0.004685 0.014045 0.009370 0.028090
0 0.004685 0.015449 0.009370 0.030899
0 0.004685 0.015449 0.009370 0.030899
0 0.004685 0.014045 0.009370 0.028090
0 0.004685 0.015449 0.009370 0.030899
0 0.004685 0.015449 0.009370 0.030899
0 0.004685 0.015449 0.009370 0.030899
0 0.005111 0.015449 0.010221 0.030899
0 0.004685 0.015449 0.009370 0.030899
0 0.005111 0.015449 0.010221 0.030899