0 0.005729 0.006944 0.011458 0.013889
0 0.005729 0.006944 0.011458 0.013889
0 0.006250 0.006944 0.012500 0.013889
0 0.005729 0.007639 0.011458 0.015278
0 0.005729 0.006944 0.011458 0.013889
0 0.005729 0.006944 0.011458 0.013889
0 0.005729 0.006944 0.011458 0.013889
0 0.005729 0.006944 0.011458 0.013889
0 0.005729 0.006944 0.011458 0.013889
0 0.006250 0.006944 0.012500 0.013889
0 0.005729 0.006944 0.011458 0.013889
0 0.005729 0.006944 0.011458 0.013889
0 0.005729 0.006944 0.011458 0.013889
0 0.005729 0.006944 0.011458 0.013889
0 0.005729 0.006944 0.011458 0.013889
0 0.005729 0.006944 0.011458 0.013889
0 0.005729 0.007639 0.011458 0.015278
0 0.005729 0.006944 0.011458 0.013889
0 0.005729 0.006944 0.011458 0.013889
0 0.005729 0.006944 0.011458 0.013889
0 0.005729 0.006944 0.011458 0.013889
0 0.005729 0.006944 0.011458 0.013889
0 0.005729 0.006944 0.011458 0.013889
0 0.005729 0.006944 0.011458 0.013889
0 0.005729 0.006944 0.011458 0.013889
0 0.005729 0.006944 0.011458 0.013889
0 0.005729 0.006944 0.011458 0.013889
0 0.005729 0.006944 0.011458 0.013889
0 0.005729 0.006944 0.011458 0.013889
0 0.005729 0.006944 0.011458 0.013889