0 0.013221 0.016667 0.026442 0.033333
0 0.013221 0.016667 0.026442 0.033333
0 0.013221 0.016667 0.026442 0.033333
0 0.013221 0.016667 0.026442 0.033333
0 0.013221 0.016667 0.026442 0.033333
0 0.013221 0.016667 0.026442 0.033333
0 0.013221 0.016667 0.026442 0.033333
0 0.013221 0.016667 0.026442 0.033333
0 0.013221 0.016667 0.026442 0.033333
0 0.013221 0.016667 0.026442 0.033333
0 0.013221 0.016667 0.026442 0.033333
0 0.013221 0.018333 0.026442 0.036667
0 0.013221 0.016667 0.026442 0.033333
0 0.013221 0.016667 0.026442 0.033333
0 0.013221 0.016667 0.026442 0.033333
0 0.013221 0.016667 0.026442 0.033333
0 0.013221 0.016667 0.026442 0.033333
0 0.013221 0.016667 0.026442 0.033333
0 0.013221 0.016667 0.026442 0.033333
0 0.013221 0.018333 0.026442 0.036667
0 0.013221 0.016667 0.026442 0.033333
0 0.013221 0.016667 0.026442 0.033333
0 0.013221 0.016667 0.026442 0.033333
0 0.013221 0.016667 0.026442 0.033333
0 0.013221 0.016667 0.026442 0.033333
0 0.013221 0.016667 0.026442 0.033333
0 0.013221 0.016667 0.026442 0.033333
0 0.013221 0.016667 0.026442 0.033333
0 0.013221 0.016667 0.026442 0.033333
0 0.013221 0.016667 0.026442 0.033333
0 0.013221 0.016667 0.026442 0.033333
0 0.013221 0.016667 0.026442 0.033333
0 0.013221 0.016667 0.026442 0.033333
0 0.013221 0.016667 0.026442 0.033333
0 0.013221 0.016667 0.026442 0.033333
0 0.013221 0.016667 0.026442 0.033333
0 0.013221 0.016667 0.026442 0.033333
0 0.013221 0.016667 0.026442 0.033333
0 0.013221 0.016667 0.026442 0.033333
0 0.013221 0.016667 0.026442 0.033333
0 0.013221 0.016667 0.026442 0.033333
0 0.013221 0.016667 0.026442 0.033333
0 0.013221 0.016667 0.026442 0.033333
0 0.013221 0.016667 0.026442 0.033333
0 0.013221 0.016667 0.026442 0.033333
0 0.013221 0.016667 0.026442 0.033333
0 0.013221 0.016667 0.026442 0.033333
0 0.013221 0.016667 0.026442 0.033333
0 0.013221 0.016667 0.026442 0.033333
0 0.013221 0.016667 0.026442 0.033333
0 0.013221 0.016667 0.026442 0.033333
0 0.013221 0.016667 0.026442 0.033333
0 0.013221 0.016667 0.026442 0.033333
0 0.013221 0.016667 0.026442 0.033333
0 0.013221 0.018333 0.026442 0.036667
0 0.013221 0.016667 0.026442 0.033333
0 0.013221 0.016667 0.026442 0.033333
0 0.013221 0.016667 0.026442 0.033333
0 0.013221 0.016667 0.026442 0.033333
0 0.013221 0.016667 0.026442 0.033333
0 0.013221 0.016667 0.026442 0.033333
0 0.013221 0.016667 0.026442 0.033333
0 0.013221 0.016667 0.026442 0.033333
0 0.013221 0.018333 0.026442 0.036667
0 0.013221 0.018333 0.026442 0.036667
0 0.013221 0.016667 0.026442 0.033333
0 0.013221 0.016667 0.026442 0.033333
0 0.013221 0.016667 0.026442 0.033333
0 0.013221 0.016667 0.026442 0.033333
0 0.013221 0.018333 0.026442 0.036667
0 0.013221 0.016667 0.026442 0.033333
0 0.013221 0.016667 0.026442 0.033333
0 0.013221 0.016667 0.026442 0.033333
0 0.013221 0.016667 0.026442 0.033333
0 0.013221 0.016667 0.026442 0.033333
0 0.013221 0.016667 0.026442 0.033333
0 0.013221 0.016667 0.026442 0.033333
0 0.013221 0.016667 0.026442 0.033333
0 0.013221 0.016667 0.026442 0.033333
0 0.013221 0.016667 0.026442 0.033333
0 0.013221 0.016667 0.026442 0.033333
0 0.013221 0.016667 0.026442 0.033333
0 0.013221 0.016667 0.026442 0.033333
0 0.013221 0.016667 0.026442 0.033333
0 0.013221 0.018333 0.026442 0.036667
0 0.013221 0.016667 0.026442 0.033333
0 0.013221 0.016667 0.026442 0.033333
0 0.013221 0.016667 0.026442 0.033333
0 0.013221 0.016667 0.026442 0.033333
0 0.013221 0.016667 0.026442 0.033333
0 0.013221 0.016667 0.026442 0.033333
0 0.013221 0.018333 0.026442 0.036667
0 0.013221 0.016667 0.026442 0.033333
0 0.013221 0.016667 0.026442 0.033333
0 0.013221 0.018333 0.026442 0.036667
0 0.013221 0.018333 0.026442 0.036667
0 0.013221 0.016667 0.026442 0.033333
0 0.013221 0.016667 0.026442 0.033333
0 0.013221 0.016667 0.026442 0.033333
0 0.013221 0.016667 0.026442 0.033333