0 0.013415 0.018382 0.026829 0.036765
0 0.013415 0.020221 0.026829 0.040441
0 0.013415 0.018382 0.026829 0.036765
0 0.013415 0.020221 0.026829 0.040441
0 0.013415 0.018382 0.026829 0.036765
0 0.013415 0.020221 0.026829 0.040441
0 0.013415 0.020221 0.026829 0.040441
0 0.013415 0.020221 0.026829 0.040441
0 0.013415 0.018382 0.026829 0.036765
0 0.013415 0.020221 0.026829 0.040441
0 0.013415 0.020221 0.026829 0.040441
0 0.013415 0.020221 0.026829 0.040441
0 0.013415 0.020221 0.026829 0.040441
0 0.013415 0.018382 0.026829 0.036765
0 0.013415 0.020221 0.026829 0.040441
0 0.013415 0.020221 0.026829 0.040441
0 0.013415 0.020221 0.026829 0.040441
0 0.013415 0.020221 0.026829 0.040441
0 0.013415 0.020221 0.026829 0.040441
0 0.013415 0.020221 0.026829 0.040441
0 0.013415 0.020221 0.026829 0.040441
0 0.013415 0.020221 0.026829 0.040441
0 0.013415 0.020221 0.026829 0.040441
0 0.013415 0.020221 0.026829 0.040441
0 0.013415 0.020221 0.026829 0.040441
0 0.013415 0.020221 0.026829 0.040441
0 0.013415 0.020221 0.026829 0.040441
0 0.013415 0.020221 0.026829 0.040441
0 0.013415 0.018382 0.026829 0.036765
0 0.013415 0.020221 0.026829 0.040441
0 0.013415 0.018382 0.026829 0.036765
0 0.013415 0.020221 0.026829 0.040441
0 0.013415 0.018382 0.026829 0.036765
0 0.013415 0.020221 0.026829 0.040441
0 0.013415 0.020221 0.026829 0.040441
0 0.013415 0.020221 0.026829 0.040441
0 0.013415 0.018382 0.026829 0.036765
0 0.013415 0.018382 0.026829 0.036765
0 0.013415 0.020221 0.026829 0.040441
0 0.013415 0.020221 0.026829 0.040441
0 0.013415 0.020221 0.026829 0.040441
0 0.013415 0.020221 0.026829 0.040441
0 0.013415 0.020221 0.026829 0.040441
0 0.013415 0.020221 0.026829 0.040441
0 0.013415 0.020221 0.026829 0.040441
0 0.013415 0.018382 0.026829 0.036765
0 0.013415 0.020221 0.026829 0.040441
0 0.013415 0.020221 0.026829 0.040441
0 0.013415 0.020221 0.026829 0.040441
0 0.013415 0.020221 0.026829 0.040441
0 0.013415 0.020221 0.026829 0.040441
0 0.013415 0.020221 0.026829 0.040441
0 0.013415 0.020221 0.026829 0.040441
0 0.013415 0.020221 0.026829 0.040441
0 0.013415 0.020221 0.026829 0.040441
0 0.013415 0.020221 0.026829 0.040441
0 0.013415 0.020221 0.026829 0.040441
0 0.013415 0.020221 0.026829 0.040441
0 0.013415 0.018382 0.026829 0.036765
0 0.013415 0.020221 0.026829 0.040441
0 0.013415 0.020221 0.026829 0.040441
0 0.013415 0.020221 0.026829 0.040441
0 0.013415 0.020221 0.026829 0.040441
0 0.013415 0.018382 0.026829 0.036765
0 0.013415 0.020221 0.026829 0.040441
0 0.013415 0.020221 0.026829 0.040441
0 0.013415 0.018382 0.026829 0.036765
0 0.013415 0.020221 0.026829 0.040441
0 0.013415 0.020221 0.026829 0.040441
0 0.013415 0.020221 0.026829 0.040441
0 0.013415 0.020221 0.026829 0.040441
0 0.013415 0.020221 0.026829 0.040441
0 0.013415 0.020221 0.026829 0.040441
0 0.013415 0.020221 0.026829 0.040441
0 0.013415 0.018382 0.026829 0.036765
0 0.013415 0.018382 0.026829 0.036765
0 0.013415 0.020221 0.026829 0.040441
0 0.013415 0.020221 0.026829 0.040441
0 0.013415 0.020221 0.026829 0.040441
0 0.013415 0.020221 0.026829 0.040441
0 0.013415 0.018382 0.026829 0.036765
0 0.013415 0.020221 0.026829 0.040441
0 0.013415 0.020221 0.026829 0.040441
0 0.013415 0.020221 0.026829 0.040441
0 0.013415 0.018382 0.026829 0.036765
0 0.013415 0.020221 0.026829 0.040441
0 0.013415 0.020221 0.026829 0.040441