0 0.005064 0.007597 0.010129 0.015193
0 0.005985 0.006906 0.011971 0.013812
0 0.005064 0.007597 0.010129 0.015193
0 0.005064 0.007597 0.010129 0.015193
0 0.005064 0.007597 0.010129 0.015193
0 0.005064 0.006906 0.010129 0.013812
0 0.005064 0.006906 0.010129 0.013812
0 0.005064 0.006906 0.010129 0.013812
0 0.005064 0.007597 0.010129 0.015193
0 0.005985 0.006906 0.011971 0.013812
0 0.005064 0.007597 0.010129 0.015193
0 0.005985 0.006906 0.011971 0.013812
0 0.005064 0.007597 0.010129 0.015193
0 0.005064 0.007597 0.010129 0.015193
0 0.005064 0.006906 0.010129 0.013812
0 0.005064 0.006906 0.010129 0.013812
0 0.005064 0.006906 0.010129 0.013812
0 0.005064 0.006906 0.010129 0.013812
0 0.005064 0.007597 0.010129 0.015193
0 0.005064 0.006906 0.010129 0.013812
0 0.005064 0.007597 0.010129 0.015193
0 0.005064 0.007597 0.010129 0.015193
0 0.005064 0.006906 0.010129 0.013812
0 0.005985 0.006906 0.011971 0.013812
0 0.005064 0.006906 0.010129 0.013812
0 0.005064 0.006906 0.010129 0.013812
0 0.005064 0.007597 0.010129 0.015193
0 0.005064 0.006906 0.010129 0.013812
0 0.005064 0.007597 0.010129 0.015193
0 0.005064 0.006906 0.010129 0.013812
0 0.005064 0.007597 0.010129 0.015193
0 0.005064 0.007597 0.010129 0.015193
0 0.005064 0.006906 0.010129 0.013812
0 0.005064 0.006906 0.010129 0.013812
0 0.005985 0.006906 0.011971 0.013812
0 0.005064 0.006906 0.010129 0.013812
0 0.005064 0.007597 0.010129 0.015193
0 0.005064 0.007597 0.010129 0.015193
0 0.005064 0.006906 0.010129 0.013812
0 0.005985 0.006906 0.011971 0.013812
0 0.005064 0.007597 0.010129 0.015193
0 0.005064 0.007597 0.010129 0.015193
0 0.005064 0.007597 0.010129 0.015193
0 0.005064 0.007597 0.010129 0.015193
0 0.005064 0.007597 0.010129 0.015193
0 0.005064 0.007597 0.010129 0.015193
0 0.005064 0.007597 0.010129 0.015193
0 0.005064 0.006906 0.010129 0.013812
0 0.005985 0.006906 0.011971 0.013812
0 0.005064 0.006906 0.010129 0.013812
0 0.005064 0.007597 0.010129 0.015193
0 0.005064 0.007597 0.010129 0.015193
0 0.005985 0.006906 0.011971 0.013812
0 0.005985 0.006906 0.011971 0.013812
0 0.005064 0.006906 0.010129 0.013812
0 0.005985 0.006906 0.011971 0.013812
0 0.005064 0.007597 0.010129 0.015193
0 0.005064 0.006906 0.010129 0.013812
0 0.005064 0.007597 0.010129 0.015193
0 0.005064 0.007597 0.010129 0.015193
0 0.005064 0.007597 0.010129 0.015193
0 0.005985 0.006906 0.011971 0.013812
0 0.005985 0.006906 0.011971 0.013812
0 0.005064 0.006906 0.010129 0.013812
0 0.005064 0.006906 0.010129 0.013812
0 0.005985 0.006906 0.011971 0.013812
0 0.005064 0.006906 0.010129 0.013812
0 0.005064 0.006906 0.010129 0.013812
0 0.005064 0.006906 0.010129 0.013812
0 0.005064 0.006906 0.010129 0.013812
0 0.005064 0.007597 0.010129 0.015193
0 0.005064 0.006906 0.010129 0.013812
0 0.005064 0.006906 0.010129 0.013812
0 0.005064 0.006906 0.010129 0.013812
0 0.005064 0.006906 0.010129 0.013812
0 0.005064 0.006906 0.010129 0.013812
0 0.005985 0.006906 0.011971 0.013812
0 0.005064 0.007597 0.010129 0.015193
0 0.005064 0.006906 0.010129 0.013812
0 0.005985 0.007597 0.011971 0.015193
0 0.005064 0.007597 0.010129 0.015193
0 0.005064 0.007597 0.010129 0.015193
0 0.005064 0.006906 0.010129 0.013812
0 0.005064 0.006906 0.010129 0.013812
0 0.005064 0.006906 0.010129 0.013812
0 0.005064 0.006906 0.010129 0.013812
0 0.005064 0.007597 0.010129 0.015193
0 0.005064 0.006906 0.010129 0.013812
0 0.005064 0.007597 0.010129 0.015193
0 0.005064 0.006906 0.010129 0.013812
0 0.005985 0.006906 0.011971 0.013812
0 0.005985 0.006906 0.011971 0.013812
0 0.005064 0.006906 0.010129 0.013812
0 0.005064 0.006906 0.010129 0.013812
0 0.005064 0.006906 0.010129 0.013812
0 0.005064 0.006906 0.010129 0.013812
0 0.005985 0.006906 0.011971 0.013812
0 0.005064 0.007597 0.010129 0.015193
0 0.005064 0.007597 0.010129 0.015193
0 0.005064 0.007597 0.010129 0.015193
0 0.005064 0.007597 0.010129 0.015193
0 0.005985 0.006906 0.011971 0.013812
0 0.005064 0.007597 0.010129 0.015193
0 0.005064 0.006906 0.010129 0.013812
0 0.005064 0.006906 0.010129 0.013812
0 0.005064 0.006906 0.010129 0.013812
0 0.005064 0.007597 0.010129 0.015193
0 0.005064 0.007597 0.010129 0.015193
0 0.005064 0.006906 0.010129 0.013812
0 0.005985 0.006906 0.011971 0.013812
0 0.005064 0.007597 0.010129 0.015193
0 0.005064 0.006906 0.010129 0.013812
0 0.005064 0.006906 0.010129 0.013812
0 0.005064 0.006906 0.010129 0.013812
0 0.005064 0.006906 0.010129 0.013812
0 0.005064 0.006906 0.010129 0.013812
0 0.005064 0.006906 0.010129 0.013812
0 0.005064 0.006906 0.010129 0.013812
0 0.005064 0.006906 0.010129 0.013812
0 0.005064 0.006906 0.010129 0.013812
0 0.005985 0.006906 0.011971 0.013812
0 0.005064 0.007597 0.010129 0.015193
0 0.005064 0.007597 0.010129 0.015193
0 0.005064 0.006906 0.010129 0.013812
0 0.005064 0.007597 0.010129 0.015193
0 0.005064 0.006906 0.010129 0.013812
0 0.005064 0.006906 0.010129 0.013812
0 0.005064 0.006906 0.010129 0.013812
0 0.005064 0.006906 0.010129 0.013812
0 0.005064 0.007597 0.010129 0.015193
0 0.005064 0.006906 0.010129 0.013812
0 0.005064 0.006906 0.010129 0.013812
0 0.005064 0.007597 0.010129 0.015193
0 0.005064 0.006906 0.010129 0.013812
0 0.005064 0.006906 0.010129 0.013812
0 0.005064 0.006906 0.010129 0.013812
0 0.005064 0.006906 0.010129 0.013812
0 0.005064 0.006906 0.010129 0.013812
0 0.005064 0.006906 0.010129 0.013812
0 0.005064 0.006906 0.010129 0.013812
0 0.005064 0.007597 0.010129 0.015193
0 0.005064 0.006906 0.010129 0.013812
0 0.005064 0.007597 0.010129 0.015193
0 0.005064 0.007597 0.010129 0.015193
0 0.005064 0.007597 0.010129 0.015193
0 0.005064 0.007597 0.010129 0.015193
0 0.005064 0.006906 0.010129 0.013812
0 0.005064 0.006906 0.010129 0.013812
0 0.005064 0.006906 0.010129 0.013812
0 0.005064 0.006906 0.010129 0.013812
0 0.005064 0.007597 0.010129 0.015193
0 0.005064 0.006906 0.010129 0.013812
0 0.005064 0.006906 0.010129 0.013812
0 0.005064 0.006906 0.010129 0.013812
0 0.005064 0.006906 0.010129 0.013812
0 0.005064 0.007597 0.010129 0.015193
0 0.005064 0.007597 0.010129 0.015193
0 0.005064 0.006906 0.010129 0.013812
0 0.005064 0.006906 0.010129 0.013812
0 0.005064 0.007597 0.010129 0.015193
0 0.005064 0.006906 0.010129 0.013812
0 0.005064 0.007597 0.010129 0.015193
0 0.005064 0.006906 0.010129 0.013812
0 0.005064 0.007597 0.010129 0.015193
0 0.005985 0.007597 0.011971 0.015193
0 0.005064 0.006906 0.010129 0.013812
0 0.005064 0.006906 0.010129 0.013812
0 0.005064 0.006906 0.010129 0.013812
0 0.005064 0.007597 0.010129 0.015193
0 0.005064 0.006906 0.010129 0.013812