0 0.011957 0.018116 0.023913 0.036232
0 0.011957 0.018116 0.023913 0.036232
0 0.011957 0.018116 0.023913 0.036232
0 0.011957 0.018116 0.023913 0.036232
0 0.011957 0.018116 0.023913 0.036232
0 0.011957 0.018116 0.023913 0.036232
0 0.011957 0.018116 0.023913 0.036232
0 0.011957 0.018116 0.023913 0.036232
0 0.011957 0.018116 0.023913 0.036232
0 0.011957 0.018116 0.023913 0.036232
0 0.011957 0.018116 0.023913 0.036232
0 0.011957 0.018116 0.023913 0.036232
0 0.011957 0.018116 0.023913 0.036232
0 0.011957 0.018116 0.023913 0.036232
0 0.011957 0.018116 0.023913 0.036232
0 0.011957 0.018116 0.023913 0.036232
0 0.011957 0.018116 0.023913 0.036232
0 0.011957 0.018116 0.023913 0.036232
0 0.011957 0.018116 0.023913 0.036232
0 0.011957 0.018116 0.023913 0.036232
0 0.011957 0.018116 0.023913 0.036232
0 0.011957 0.018116 0.023913 0.036232
0 0.014130 0.018116 0.028261 0.036232
0 0.011957 0.018116 0.023913 0.036232
0 0.011957 0.018116 0.023913 0.036232
0 0.011957 0.018116 0.023913 0.036232
0 0.011957 0.018116 0.023913 0.036232
0 0.011957 0.018116 0.023913 0.036232
0 0.011957 0.018116 0.023913 0.036232
0 0.011957 0.018116 0.023913 0.036232
0 0.011957 0.018116 0.023913 0.036232
0 0.011957 0.018116 0.023913 0.036232
0 0.011957 0.018116 0.023913 0.036232
0 0.011957 0.018116 0.023913 0.036232
0 0.011957 0.018116 0.023913 0.036232
0 0.011957 0.018116 0.023913 0.036232
0 0.011957 0.018116 0.023913 0.036232
0 0.011957 0.018116 0.023913 0.036232
0 0.011957 0.018116 0.023913 0.036232
0 0.011957 0.018116 0.023913 0.036232
0 0.011957 0.018116 0.023913 0.036232
0 0.011957 0.018116 0.023913 0.036232
0 0.011957 0.018116 0.023913 0.036232
0 0.011957 0.018116 0.023913 0.036232
0 0.011957 0.018116 0.023913 0.036232
0 0.011957 0.018116 0.023913 0.036232
0 0.011957 0.018116 0.023913 0.036232
0 0.011957 0.018116 0.023913 0.036232
0 0.011957 0.018116 0.023913 0.036232
0 0.011957 0.018116 0.023913 0.036232
0 0.011957 0.018116 0.023913 0.036232
0 0.011957 0.018116 0.023913 0.036232
0 0.011957 0.018116 0.023913 0.036232
0 0.011957 0.018116 0.023913 0.036232
0 0.011957 0.018116 0.023913 0.036232
0 0.011957 0.018116 0.023913 0.036232
0 0.011957 0.018116 0.023913 0.036232
0 0.011957 0.018116 0.023913 0.036232
0 0.011957 0.018116 0.023913 0.036232
0 0.011957 0.018116 0.023913 0.036232
0 0.011957 0.018116 0.023913 0.036232
0 0.011957 0.018116 0.023913 0.036232
0 0.011957 0.018116 0.023913 0.036232
0 0.011957 0.018116 0.023913 0.036232
0 0.011957 0.018116 0.023913 0.036232
0 0.011957 0.018116 0.023913 0.036232
0 0.011957 0.018116 0.023913 0.036232
0 0.011957 0.018116 0.023913 0.036232
0 0.011957 0.018116 0.023913 0.036232
0 0.011957 0.018116 0.023913 0.036232
0 0.011957 0.018116 0.023913 0.036232
0 0.011957 0.018116 0.023913 0.036232
0 0.011957 0.018116 0.023913 0.036232
0 0.011957 0.018116 0.023913 0.036232
0 0.011957 0.018116 0.023913 0.036232
0 0.011957 0.018116 0.023913 0.036232
0 0.011957 0.018116 0.023913 0.036232
0 0.011957 0.018116 0.023913 0.036232
0 0.011957 0.018116 0.023913 0.036232
0 0.011957 0.018116 0.023913 0.036232
0 0.011957 0.018116 0.023913 0.036232
0 0.011957 0.018116 0.023913 0.036232