0 0.006875 0.010338 0.013750 0.020677
0 0.006875 0.010338 0.013750 0.020677
0 0.006875 0.010338 0.013750 0.020677
0 0.006875 0.009398 0.013750 0.018797
0 0.006875 0.009398 0.013750 0.018797
0 0.006875 0.009398 0.013750 0.018797
0 0.006875 0.009398 0.013750 0.018797
0 0.006875 0.009398 0.013750 0.018797
0 0.006875 0.009398 0.013750 0.018797
0 0.006875 0.009398 0.013750 0.018797
0 0.006875 0.010338 0.013750 0.020677
0 0.006875 0.009398 0.013750 0.018797
0 0.006875 0.009398 0.013750 0.018797
0 0.006875 0.010338 0.013750 0.020677
0 0.006875 0.009398 0.013750 0.018797
0 0.006875 0.010338 0.013750 0.020677
0 0.006875 0.009398 0.013750 0.018797
0 0.006875 0.010338 0.013750 0.020677
0 0.006875 0.009398 0.013750 0.018797
0 0.006875 0.010338 0.013750 0.020677
0 0.006875 0.010338 0.013750 0.020677
0 0.006875 0.009398 0.013750 0.018797
0 0.006875 0.009398 0.013750 0.018797
0 0.006875 0.009398 0.013750 0.018797
0 0.006875 0.010338 0.013750 0.020677
0 0.006875 0.010338 0.013750 0.020677
0 0.006875 0.009398 0.013750 0.018797
0 0.006875 0.009398 0.013750 0.018797
0 0.006875 0.009398 0.013750 0.018797
0 0.006875 0.009398 0.013750 0.018797
0 0.006875 0.009398 0.013750 0.018797
0 0.006875 0.010338 0.013750 0.020677
0 0.006875 0.009398 0.013750 0.018797
0 0.006875 0.010338 0.013750 0.020677
0 0.006875 0.010338 0.013750 0.020677
0 0.006875 0.010338 0.013750 0.020677
0 0.006875 0.010338 0.013750 0.020677
0 0.006875 0.009398 0.013750 0.018797
0 0.006875 0.010338 0.013750 0.020677
0 0.006875 0.010338 0.013750 0.020677
0 0.006875 0.010338 0.013750 0.020677
0 0.006875 0.010338 0.013750 0.020677
0 0.006875 0.009398 0.013750 0.018797
0 0.006875 0.010338 0.013750 0.020677
0 0.006875 0.010338 0.013750 0.020677
0 0.006875 0.010338 0.013750 0.020677
0 0.006875 0.010338 0.013750 0.020677
0 0.006875 0.010338 0.013750 0.020677
0 0.006875 0.010338 0.013750 0.020677
0 0.006875 0.010338 0.013750 0.020677
0 0.006875 0.010338 0.013750 0.020677
0 0.006875 0.009398 0.013750 0.018797
0 0.006875 0.009398 0.013750 0.018797
0 0.006875 0.009398 0.013750 0.018797
0 0.006875 0.010338 0.013750 0.020677
0 0.006875 0.009398 0.013750 0.018797
0 0.006875 0.010338 0.013750 0.020677
0 0.006875 0.010338 0.013750 0.020677
0 0.006875 0.010338 0.013750 0.020677
0 0.006875 0.009398 0.013750 0.018797
0 0.006875 0.010338 0.013750 0.020677
0 0.006875 0.010338 0.013750 0.020677
0 0.006875 0.010338 0.013750 0.020677
0 0.006875 0.009398 0.013750 0.018797
0 0.006875 0.009398 0.013750 0.018797
0 0.006875 0.010338 0.013750 0.020677
0 0.006875 0.010338 0.013750 0.020677
0 0.006875 0.010338 0.013750 0.020677
0 0.006875 0.010338 0.013750 0.020677
0 0.006875 0.010338 0.013750 0.020677
0 0.006875 0.010338 0.013750 0.020677
0 0.006875 0.010338 0.013750 0.020677
0 0.006875 0.010338 0.013750 0.020677
0 0.006875 0.010338 0.013750 0.020677
0 0.006875 0.010338 0.013750 0.020677
0 0.006875 0.010338 0.013750 0.020677
0 0.006875 0.010338 0.013750 0.020677
0 0.006875 0.009398 0.013750 0.018797
0 0.006875 0.010338 0.013750 0.020677
0 0.006875 0.010338 0.013750 0.020677
0 0.006875 0.009398 0.013750 0.018797