0 0.004583 0.006010 0.009167 0.012019
0 0.004583 0.006010 0.009167 0.012019
0 0.004583 0.006010 0.009167 0.012019
0 0.004583 0.006010 0.009167 0.012019
0 0.004583 0.006010 0.009167 0.012019
0 0.004583 0.006010 0.009167 0.012019
0 0.004583 0.006010 0.009167 0.012019
0 0.004583 0.006010 0.009167 0.012019
0 0.004583 0.006010 0.009167 0.012019
0 0.004583 0.006010 0.009167 0.012019
0 0.004583 0.006010 0.009167 0.012019
0 0.004583 0.006010 0.009167 0.012019
0 0.004583 0.006010 0.009167 0.012019
0 0.004583 0.006010 0.009167 0.012019
0 0.004583 0.006010 0.009167 0.012019
0 0.004583 0.006010 0.009167 0.012019
0 0.004583 0.006010 0.009167 0.012019
0 0.004583 0.006010 0.009167 0.012019
0 0.004583 0.006010 0.009167 0.012019
0 0.004583 0.006010 0.009167 0.012019
0 0.004583 0.006010 0.009167 0.012019
0 0.004583 0.006010 0.009167 0.012019
0 0.004583 0.006010 0.009167 0.012019
0 0.004583 0.006010 0.009167 0.012019
0 0.004583 0.006010 0.009167 0.012019
0 0.004583 0.006010 0.009167 0.012019
0 0.004583 0.006010 0.009167 0.012019
0 0.004583 0.006010 0.009167 0.012019
0 0.004583 0.006010 0.009167 0.012019