0 0.005670 0.007576 0.011340 0.015152
0 0.005670 0.007576 0.011340 0.015152
0 0.005670 0.007576 0.011340 0.015152
0 0.005670 0.007576 0.011340 0.015152
0 0.005670 0.007576 0.011340 0.015152
0 0.005670 0.007576 0.011340 0.015152
0 0.005670 0.007576 0.011340 0.015152
0 0.005670 0.007576 0.011340 0.015152
0 0.005670 0.007576 0.011340 0.015152
0 0.005670 0.007576 0.011340 0.015152
0 0.005670 0.007576 0.011340 0.015152
0 0.005670 0.007576 0.011340 0.015152
0 0.005670 0.007576 0.011340 0.015152
0 0.005670 0.007576 0.011340 0.015152
0 0.005670 0.007576 0.011340 0.015152
0 0.005670 0.007576 0.011340 0.015152
0 0.005670 0.007576 0.011340 0.015152
0 0.005670 0.007576 0.011340 0.015152
0 0.005670 0.007576 0.011340 0.015152
0 0.005670 0.007576 0.011340 0.015152
0 0.005670 0.007576 0.011340 0.015152
0 0.005670 0.007576 0.011340 0.015152
0 0.005670 0.007576 0.011340 0.015152
0 0.005670 0.007576 0.011340 0.015152
0 0.005670 0.007576 0.011340 0.015152
0 0.005670 0.007576 0.011340 0.015152
0 0.005670 0.007576 0.011340 0.015152
0 0.005670 0.007576 0.011340 0.015152
0 0.005670 0.007576 0.011340 0.015152
0 0.005670 0.007576 0.011340 0.015152
0 0.005670 0.007576 0.011340 0.015152
0 0.005670 0.007576 0.011340 0.015152
0 0.005670 0.007576 0.011340 0.015152
0 0.005670 0.007576 0.011340 0.015152
0 0.005670 0.007576 0.011340 0.015152
0 0.005670 0.007576 0.011340 0.015152
0 0.005670 0.007576 0.011340 0.015152
0 0.005670 0.007576 0.011340 0.015152
0 0.005670 0.007576 0.011340 0.015152
0 0.005670 0.007576 0.011340 0.015152
0 0.005670 0.007576 0.011340 0.015152
0 0.005670 0.007576 0.011340 0.015152
0 0.005670 0.007576 0.011340 0.015152
0 0.005670 0.007576 0.011340 0.015152
0 0.005670 0.007576 0.011340 0.015152
0 0.005670 0.007576 0.011340 0.015152