0 0.005729 0.013750 0.011458 0.027500
0 0.005729 0.013750 0.011458 0.027500
0 0.005729 0.013750 0.011458 0.027500
0 0.005729 0.013750 0.011458 0.027500
0 0.005729 0.012500 0.011458 0.025000
0 0.005729 0.013750 0.011458 0.027500
0 0.005729 0.013750 0.011458 0.027500
0 0.005729 0.013750 0.011458 0.027500
0 0.005729 0.013750 0.011458 0.027500
0 0.005729 0.012500 0.011458 0.025000
0 0.005729 0.013750 0.011458 0.027500
0 0.005729 0.012500 0.011458 0.025000
0 0.005729 0.013750 0.011458 0.027500
0 0.005729 0.013750 0.011458 0.027500
0 0.005729 0.013750 0.011458 0.027500
0 0.005729 0.013750 0.011458 0.027500
0 0.005729 0.012500 0.011458 0.025000
0 0.005729 0.012500 0.011458 0.025000
0 0.005729 0.013750 0.011458 0.027500
0 0.005729 0.012500 0.011458 0.025000
0 0.005729 0.013750 0.011458 0.027500
0 0.005729 0.013750 0.011458 0.027500
0 0.005729 0.012500 0.011458 0.025000
0 0.005729 0.012500 0.011458 0.025000
0 0.005729 0.013750 0.011458 0.027500
0 0.005729 0.012500 0.011458 0.025000
0 0.005729 0.013750 0.011458 0.027500
0 0.005729 0.013750 0.011458 0.027500
0 0.005729 0.013750 0.011458 0.027500
0 0.005729 0.013750 0.011458 0.027500
0 0.005729 0.013750 0.011458 0.027500
0 0.005729 0.012500 0.011458 0.025000
0 0.005729 0.013750 0.011458 0.027500
0 0.005729 0.013750 0.011458 0.027500
0 0.005729 0.012500 0.011458 0.025000
0 0.005729 0.013750 0.011458 0.027500
0 0.005729 0.013750 0.011458 0.027500
0 0.005729 0.013750 0.011458 0.027500
0 0.005729 0.012500 0.011458 0.025000
0 0.005729 0.013750 0.011458 0.027500
0 0.005729 0.013750 0.011458 0.027500
0 0.005729 0.012500 0.011458 0.025000
0 0.005729 0.013750 0.011458 0.027500
0 0.005729 0.013750 0.011458 0.027500
0 0.005729 0.012500 0.011458 0.025000
0 0.005729 0.013750 0.011458 0.027500
0 0.005729 0.013750 0.011458 0.027500
0 0.005729 0.013750 0.011458 0.027500
0 0.005729 0.012500 0.011458 0.025000
0 0.005729 0.013750 0.011458 0.027500
0 0.005729 0.013750 0.011458 0.027500
0 0.005729 0.013750 0.011458 0.027500
0 0.005729 0.013750 0.011458 0.027500
0 0.005729 0.013750 0.011458 0.027500
0 0.005729 0.013750 0.011458 0.027500
0 0.005729 0.013750 0.011458 0.027500
0 0.005729 0.013750 0.011458 0.027500
0 0.005729 0.013750 0.011458 0.027500
0 0.005729 0.013750 0.011458 0.027500
0 0.005729 0.013750 0.011458 0.027500
0 0.005729 0.013750 0.011458 0.027500
0 0.005729 0.013750 0.011458 0.027500
0 0.005729 0.012500 0.011458 0.025000
0 0.005729 0.012500 0.011458 0.025000
0 0.005729 0.013750 0.011458 0.027500
0 0.005729 0.013750 0.011458 0.027500
0 0.005729 0.012500 0.011458 0.025000
0 0.005729 0.013750 0.011458 0.027500
0 0.005729 0.012500 0.011458 0.025000
0 0.005729 0.013750 0.011458 0.027500
0 0.005729 0.013750 0.011458 0.027500
0 0.005729 0.013750 0.011458 0.027500
0 0.005729 0.013750 0.011458 0.027500
0 0.005729 0.013750 0.011458 0.027500
0 0.005729 0.013750 0.011458 0.027500
0 0.005729 0.013750 0.011458 0.027500
0 0.005729 0.013750 0.011458 0.027500
0 0.005729 0.012500 0.011458 0.025000
0 0.005729 0.013750 0.011458 0.027500
0 0.005729 0.013750 0.011458 0.027500
0 0.005729 0.012500 0.011458 0.025000
0 0.005729 0.012500 0.011458 0.025000
0 0.005729 0.013750 0.011458 0.027500
0 0.005729 0.013750 0.011458 0.027500
0 0.005729 0.012500 0.011458 0.025000
0 0.005729 0.013750 0.011458 0.027500
0 0.005729 0.013750 0.011458 0.027500
0 0.005729 0.013750 0.011458 0.027500
0 0.005729 0.013750 0.011458 0.027500
0 0.005729 0.013750 0.011458 0.027500