0 0.010000 0.012136 0.020000 0.024272
0 0.010000 0.012136 0.020000 0.024272
0 0.010000 0.012136 0.020000 0.024272
0 0.010000 0.012136 0.020000 0.024272
0 0.010000 0.012136 0.020000 0.024272
0 0.010000 0.012136 0.020000 0.024272
0 0.010000 0.012136 0.020000 0.024272
0 0.010000 0.012136 0.020000 0.024272
0 0.010000 0.012136 0.020000 0.024272
0 0.010000 0.012136 0.020000 0.024272
0 0.010000 0.012136 0.020000 0.024272
0 0.010000 0.012136 0.020000 0.024272
0 0.010000 0.012136 0.020000 0.024272
0 0.010000 0.012136 0.020000 0.024272
0 0.010000 0.012136 0.020000 0.024272
0 0.010000 0.012136 0.020000 0.024272
0 0.010000 0.012136 0.020000 0.024272
0 0.010000 0.012136 0.020000 0.024272
0 0.010000 0.012136 0.020000 0.024272
0 0.010000 0.012136 0.020000 0.024272
0 0.010000 0.012136 0.020000 0.024272
0 0.010000 0.012136 0.020000 0.024272
0 0.010000 0.012136 0.020000 0.024272
0 0.010000 0.012136 0.020000 0.024272
0 0.010909 0.012136 0.021818 0.024272
0 0.010000 0.012136 0.020000 0.024272
0 0.010909 0.012136 0.021818 0.024272
0 0.010000 0.012136 0.020000 0.024272
0 0.010909 0.012136 0.021818 0.024272
0 0.010000 0.012136 0.020000 0.024272
0 0.010000 0.012136 0.020000 0.024272
0 0.010000 0.012136 0.020000 0.024272
0 0.010000 0.012136 0.020000 0.024272
0 0.010909 0.012136 0.021818 0.024272
0 0.010000 0.012136 0.020000 0.024272
0 0.010909 0.012136 0.021818 0.024272
0 0.010000 0.012136 0.020000 0.024272
0 0.010000 0.012136 0.020000 0.024272
0 0.010000 0.012136 0.020000 0.024272
0 0.010000 0.012136 0.020000 0.024272
0 0.010000 0.012136 0.020000 0.024272
0 0.010000 0.012136 0.020000 0.024272
0 0.010909 0.012136 0.021818 0.024272
0 0.010000 0.012136 0.020000 0.024272
0 0.010909 0.012136 0.021818 0.024272
0 0.010000 0.012136 0.020000 0.024272
0 0.010909 0.012136 0.021818 0.024272
0 0.010000 0.012136 0.020000 0.024272
0 0.010000 0.012136 0.020000 0.024272
0 0.010000 0.012136 0.020000 0.024272
0 0.010909 0.012136 0.021818 0.024272
0 0.010000 0.012136 0.020000 0.024272
0 0.010000 0.012136 0.020000 0.024272
0 0.010000 0.012136 0.020000 0.024272
0 0.010909 0.012136 0.021818 0.024272
0 0.010000 0.012136 0.020000 0.024272
0 0.010000 0.012136 0.020000 0.024272
0 0.010000 0.012136 0.020000 0.024272