0 0.008333 0.010309 0.016667 0.020619
0 0.008333 0.010309 0.016667 0.020619
0 0.009091 0.010309 0.018182 0.020619
0 0.008333 0.010309 0.016667 0.020619
0 0.008333 0.010309 0.016667 0.020619
0 0.008333 0.010309 0.016667 0.020619
0 0.008333 0.010309 0.016667 0.020619
0 0.008333 0.010309 0.016667 0.020619
0 0.008333 0.010309 0.016667 0.020619
0 0.008333 0.010309 0.016667 0.020619
0 0.008333 0.010309 0.016667 0.020619
0 0.008333 0.010309 0.016667 0.020619
0 0.008333 0.010309 0.016667 0.020619
0 0.008333 0.010309 0.016667 0.020619
0 0.008333 0.010309 0.016667 0.020619
0 0.008333 0.010309 0.016667 0.020619
0 0.008333 0.010309 0.016667 0.020619
0 0.008333 0.010309 0.016667 0.020619
0 0.008333 0.010309 0.016667 0.020619
0 0.008333 0.010309 0.016667 0.020619
0 0.008333 0.010309 0.016667 0.020619
0 0.008333 0.010309 0.016667 0.020619
0 0.008333 0.010309 0.016667 0.020619
0 0.008333 0.010309 0.016667 0.020619
0 0.008333 0.010309 0.016667 0.020619
0 0.008333 0.010309 0.016667 0.020619
0 0.008333 0.010309 0.016667 0.020619
0 0.008333 0.010309 0.016667 0.020619
0 0.008333 0.010309 0.016667 0.020619
0 0.008333 0.010309 0.016667 0.020619
0 0.008333 0.010309 0.016667 0.020619
0 0.008333 0.010309 0.016667 0.020619
0 0.008333 0.010309 0.016667 0.020619
0 0.008333 0.010309 0.016667 0.020619
0 0.008333 0.010309 0.016667 0.020619
0 0.008333 0.010309 0.016667 0.020619
0 0.008333 0.010309 0.016667 0.020619
0 0.008333 0.010309 0.016667 0.020619
0 0.008333 0.010309 0.016667 0.020619
0 0.008333 0.010309 0.016667 0.020619
0 0.008333 0.010309 0.016667 0.020619
0 0.008333 0.010309 0.016667 0.020619
0 0.009091 0.010309 0.018182 0.020619
0 0.008333 0.010309 0.016667 0.020619
0 0.009091 0.010309 0.018182 0.020619
0 0.008333 0.010309 0.016667 0.020619
0 0.008333 0.010309 0.016667 0.020619
0 0.008333 0.010309 0.016667 0.020619
0 0.008333 0.010309 0.016667 0.020619
0 0.008333 0.010309 0.016667 0.020619
0 0.008333 0.010309 0.016667 0.020619
0 0.008333 0.010309 0.016667 0.020619
0 0.009091 0.010309 0.018182 0.020619
0 0.008333 0.010309 0.016667 0.020619
0 0.009091 0.010309 0.018182 0.020619
0 0.009091 0.010309 0.018182 0.020619
0 0.008333 0.010309 0.016667 0.020619
0 0.008333 0.010309 0.016667 0.020619
0 0.008333 0.010309 0.016667 0.020619