0 0.006395 0.010395 0.012791 0.020790
0 0.006395 0.010395 0.012791 0.020790
0 0.006395 0.010395 0.012791 0.020790
0 0.006395 0.010395 0.012791 0.020790
0 0.006395 0.010395 0.012791 0.020790
0 0.006395 0.010395 0.012791 0.020790
0 0.006395 0.010395 0.012791 0.020790
0 0.006395 0.010395 0.012791 0.020790
0 0.006395 0.010395 0.012791 0.020790
0 0.006395 0.010395 0.012791 0.020790
0 0.006395 0.010395 0.012791 0.020790
0 0.006395 0.010395 0.012791 0.020790
0 0.006395 0.010395 0.012791 0.020790
0 0.006395 0.010395 0.012791 0.020790
0 0.006395 0.010395 0.012791 0.020790
0 0.006395 0.010395 0.012791 0.020790
0 0.006395 0.010395 0.012791 0.020790
0 0.006395 0.010395 0.012791 0.020790
0 0.006395 0.010395 0.012791 0.020790
0 0.006395 0.010395 0.012791 0.020790
0 0.006395 0.010395 0.012791 0.020790
0 0.006395 0.010395 0.012791 0.020790
0 0.006395 0.010395 0.012791 0.020790
0 0.006395 0.010395 0.012791 0.020790
0 0.006395 0.010395 0.012791 0.020790
0 0.006395 0.010395 0.012791 0.020790
0 0.006395 0.010395 0.012791 0.020790
0 0.006395 0.010395 0.012791 0.020790
0 0.006395 0.010395 0.012791 0.020790