0 0.004583 0.006234 0.009167 0.012469
0 0.004583 0.006234 0.009167 0.012469
0 0.004583 0.006234 0.009167 0.012469
0 0.004583 0.006234 0.009167 0.012469
0 0.004583 0.006234 0.009167 0.012469
0 0.004583 0.006234 0.009167 0.012469
0 0.004583 0.006234 0.009167 0.012469
0 0.004583 0.006234 0.009167 0.012469
0 0.004583 0.006234 0.009167 0.012469
0 0.004583 0.006234 0.009167 0.012469
0 0.004583 0.006234 0.009167 0.012469
0 0.004583 0.006234 0.009167 0.012469
0 0.004583 0.006234 0.009167 0.012469
0 0.004583 0.006234 0.009167 0.012469
0 0.004583 0.006234 0.009167 0.012469
0 0.004583 0.006234 0.009167 0.012469
0 0.004583 0.006234 0.009167 0.012469
0 0.004583 0.006234 0.009167 0.012469
0 0.004583 0.006234 0.009167 0.012469
0 0.004583 0.006234 0.009167 0.012469
0 0.004583 0.006234 0.009167 0.012469
0 0.004583 0.006234 0.009167 0.012469
0 0.004583 0.006234 0.009167 0.012469
0 0.004583 0.006234 0.009167 0.012469
0 0.004583 0.006234 0.009167 0.012469
0 0.004583 0.006234 0.009167 0.012469
0 0.004583 0.006234 0.009167 0.012469
0 0.004583 0.006234 0.009167 0.012469
0 0.004583 0.006234 0.009167 0.012469
0 0.004583 0.006234 0.009167 0.012469
0 0.004583 0.006234 0.009167 0.012469
0 0.004583 0.006234 0.009167 0.012469
0 0.004583 0.006234 0.009167 0.012469
0 0.004583 0.006234 0.009167 0.012469
0 0.004583 0.006234 0.009167 0.012469
0 0.004583 0.006234 0.009167 0.012469
0 0.004583 0.006234 0.009167 0.012469
0 0.004583 0.006234 0.009167 0.012469
0 0.004583 0.006234 0.009167 0.012469
0 0.004583 0.006234 0.009167 0.012469
0 0.004583 0.006234 0.009167 0.012469