0 0.003706 0.005045 0.007412 0.010091
0 0.003706 0.005045 0.007412 0.010091
0 0.003706 0.005045 0.007412 0.010091
0 0.003706 0.005045 0.007412 0.010091
0 0.003706 0.005045 0.007412 0.010091
0 0.003706 0.005045 0.007412 0.010091
0 0.003706 0.005045 0.007412 0.010091
0 0.003706 0.005045 0.007412 0.010091
0 0.003706 0.005045 0.007412 0.010091
0 0.003706 0.005045 0.007412 0.010091
0 0.003706 0.005045 0.007412 0.010091
0 0.003706 0.005045 0.007412 0.010091
0 0.003706 0.005045 0.007412 0.010091
0 0.003706 0.005045 0.007412 0.010091
0 0.003706 0.005045 0.007412 0.010091
0 0.003706 0.005045 0.007412 0.010091
0 0.003706 0.005045 0.007412 0.010091
0 0.003706 0.005045 0.007412 0.010091
0 0.003706 0.005045 0.007412 0.010091
0 0.003706 0.005045 0.007412 0.010091
0 0.003706 0.005045 0.007412 0.010091
0 0.003706 0.005045 0.007412 0.010091
0 0.003706 0.005045 0.007412 0.010091
0 0.003706 0.005045 0.007412 0.010091
0 0.003706 0.005045 0.007412 0.010091
0 0.003706 0.005045 0.007412 0.010091
0 0.003706 0.005045 0.007412 0.010091
0 0.003706 0.005045 0.007412 0.010091
0 0.003706 0.005045 0.007412 0.010091
0 0.003706 0.005045 0.007412 0.010091
0 0.003706 0.005045 0.007412 0.010091
0 0.003706 0.005045 0.007412 0.010091
0 0.003706 0.005045 0.007412 0.010091
0 0.003706 0.005045 0.007412 0.010091
0 0.003706 0.005045 0.007412 0.010091
0 0.003706 0.005045 0.007412 0.010091
0 0.003706 0.005045 0.007412 0.010091
0 0.003706 0.005045 0.007412 0.010091
0 0.003706 0.005045 0.007412 0.010091
0 0.003706 0.005045 0.007412 0.010091
0 0.003706 0.005045 0.007412 0.010091
0 0.003706 0.005045 0.007412 0.010091
0 0.003706 0.005045 0.007412 0.010091
0 0.003706 0.005045 0.007412 0.010091