0 0.006875 0.007800 0.013750 0.015601
0 0.006875 0.007800 0.013750 0.015601
0 0.006875 0.007800 0.013750 0.015601
0 0.006875 0.007800 0.013750 0.015601
0 0.006875 0.007800 0.013750 0.015601
0 0.006875 0.007800 0.013750 0.015601
0 0.006875 0.007800 0.013750 0.015601
0 0.006875 0.007800 0.013750 0.015601
0 0.006875 0.007800 0.013750 0.015601
0 0.006875 0.007800 0.013750 0.015601
0 0.006875 0.007800 0.013750 0.015601
0 0.006875 0.007800 0.013750 0.015601
0 0.006875 0.007800 0.013750 0.015601
0 0.006875 0.007800 0.013750 0.015601
0 0.006875 0.007800 0.013750 0.015601
0 0.006875 0.007800 0.013750 0.015601
0 0.006875 0.007800 0.013750 0.015601
0 0.006875 0.007800 0.013750 0.015601
0 0.006875 0.007800 0.013750 0.015601
0 0.006875 0.007800 0.013750 0.015601
0 0.006875 0.007800 0.013750 0.015601
0 0.006875 0.007800 0.013750 0.015601
0 0.006875 0.007800 0.013750 0.015601
0 0.006875 0.007800 0.013750 0.015601
0 0.006875 0.007800 0.013750 0.015601
0 0.006875 0.007800 0.013750 0.015601