0 0.007857 0.014286 0.015714 0.028571
0 0.007857 0.014286 0.015714 0.028571
0 0.007857 0.014286 0.015714 0.028571
0 0.007857 0.014286 0.015714 0.028571
0 0.007857 0.014286 0.015714 0.028571
0 0.007857 0.014286 0.015714 0.028571
0 0.007857 0.014286 0.015714 0.028571
0 0.007857 0.014286 0.015714 0.028571
0 0.007857 0.014286 0.015714 0.028571
0 0.007857 0.014286 0.015714 0.028571
0 0.007857 0.014286 0.015714 0.028571
0 0.007857 0.014286 0.015714 0.028571
0 0.007857 0.014286 0.015714 0.028571
0 0.007857 0.014286 0.015714 0.028571
0 0.007857 0.014286 0.015714 0.028571
0 0.007857 0.014286 0.015714 0.028571
0 0.007857 0.014286 0.015714 0.028571
0 0.007857 0.014286 0.015714 0.028571