0 0.011458 0.020833 0.022917 0.041667
0 0.011458 0.020833 0.022917 0.041667
0 0.011458 0.020833 0.022917 0.041667
0 0.011458 0.020833 0.022917 0.041667
0 0.011458 0.020833 0.022917 0.041667
0 0.011458 0.020833 0.022917 0.041667
0 0.011458 0.020833 0.022917 0.041667
0 0.011458 0.020833 0.022917 0.041667
0 0.011458 0.020833 0.022917 0.041667
0 0.011458 0.020833 0.022917 0.041667
0 0.011458 0.020833 0.022917 0.041667
0 0.011458 0.020833 0.022917 0.041667
0 0.011458 0.020833 0.022917 0.041667
0 0.011458 0.020833 0.022917 0.041667
0 0.011458 0.020833 0.022917 0.041667
0 0.011458 0.020833 0.022917 0.041667
0 0.011458 0.020833 0.022917 0.041667
0 0.011458 0.020833 0.022917 0.041667
0 0.011458 0.020833 0.022917 0.041667