0 0.005729 0.007645 0.011458 0.015291
0 0.005729 0.007645 0.011458 0.015291
0 0.005729 0.007645 0.011458 0.015291
0 0.005729 0.007645 0.011458 0.015291
0 0.005729 0.007645 0.011458 0.015291
0 0.005729 0.007645 0.011458 0.015291
0 0.005729 0.007645 0.011458 0.015291
0 0.005729 0.007645 0.011458 0.015291
0 0.005729 0.007645 0.011458 0.015291
0 0.005729 0.007645 0.011458 0.015291
0 0.005729 0.007645 0.011458 0.015291
0 0.005729 0.007645 0.011458 0.015291
0 0.005729 0.007645 0.011458 0.015291
0 0.005729 0.007645 0.011458 0.015291
0 0.005729 0.007645 0.011458 0.015291
0 0.005729 0.007645 0.011458 0.015291
0 0.005729 0.007645 0.011458 0.015291
0 0.005729 0.007645 0.011458 0.015291
0 0.005729 0.007645 0.011458 0.015291
0 0.005729 0.007645 0.011458 0.015291
0 0.005729 0.007645 0.011458 0.015291
0 0.005729 0.007645 0.011458 0.015291
0 0.005729 0.007645 0.011458 0.015291
0 0.005729 0.007645 0.011458 0.015291
0 0.005729 0.007645 0.011458 0.015291
0 0.005729 0.007645 0.011458 0.015291
0 0.005729 0.007645 0.011458 0.015291
0 0.005729 0.007645 0.011458 0.015291
0 0.005729 0.007645 0.011458 0.015291
0 0.005729 0.007645 0.011458 0.015291
0 0.005729 0.007645 0.011458 0.015291
0 0.005729 0.007645 0.011458 0.015291
0 0.005729 0.007645 0.011458 0.015291
0 0.005729 0.007645 0.011458 0.015291
0 0.005729 0.007645 0.011458 0.015291
0 0.005729 0.007645 0.011458 0.015291
0 0.005729 0.007645 0.011458 0.015291
0 0.005729 0.007645 0.011458 0.015291
0 0.005729 0.007645 0.011458 0.015291
0 0.005729 0.007645 0.011458 0.015291
0 0.005729 0.007645 0.011458 0.015291
0 0.005729 0.007645 0.011458 0.015291
0 0.005729 0.007645 0.011458 0.015291
0 0.005729 0.007645 0.011458 0.015291
0 0.005729 0.007645 0.011458 0.015291
0 0.005729 0.007645 0.011458 0.015291
0 0.005729 0.007645 0.011458 0.015291
0 0.005729 0.007645 0.011458 0.015291
0 0.005729 0.007645 0.011458 0.015291