0 0.003667 0.007862 0.007333 0.015723
0 0.003667 0.007862 0.007333 0.015723
0 0.003667 0.007862 0.007333 0.015723
0 0.003667 0.007862 0.007333 0.015723
0 0.003667 0.007862 0.007333 0.015723
0 0.003667 0.007862 0.007333 0.015723
0 0.003667 0.007862 0.007333 0.015723
0 0.003667 0.007862 0.007333 0.015723
0 0.003667 0.007862 0.007333 0.015723
0 0.003667 0.007862 0.007333 0.015723
0 0.003667 0.007862 0.007333 0.015723
0 0.003667 0.007862 0.007333 0.015723
0 0.003667 0.007862 0.007333 0.015723
0 0.003667 0.007862 0.007333 0.015723
0 0.003667 0.007862 0.007333 0.015723
0 0.003667 0.007862 0.007333 0.015723
0 0.003667 0.007862 0.007333 0.015723
0 0.003667 0.007862 0.007333 0.015723
0 0.003667 0.007862 0.007333 0.015723
0 0.003667 0.007862 0.007333 0.015723
0 0.003667 0.007862 0.007333 0.015723
0 0.003667 0.007862 0.007333 0.015723
0 0.003667 0.007862 0.007333 0.015723
0 0.003667 0.007862 0.007333 0.015723
0 0.003667 0.007862 0.007333 0.015723
0 0.003667 0.007862 0.007333 0.015723
0 0.003667 0.007862 0.007333 0.015723
0 0.003667 0.007862 0.007333 0.015723
0 0.003667 0.007862 0.007333 0.015723
0 0.003667 0.007862 0.007333 0.015723
0 0.003667 0.007862 0.007333 0.015723
0 0.003667 0.007862 0.007333 0.015723
0 0.003667 0.007862 0.007333 0.015723
0 0.003667 0.007862 0.007333 0.015723
0 0.003667 0.007862 0.007333 0.015723
0 0.003667 0.007862 0.007333 0.015723
0 0.003667 0.007862 0.007333 0.015723
0 0.003667 0.007862 0.007333 0.015723
0 0.003667 0.007862 0.007333 0.015723
0 0.003667 0.007862 0.007333 0.015723
0 0.003667 0.007862 0.007333 0.015723
0 0.003667 0.007862 0.007333 0.015723
0 0.003667 0.007862 0.007333 0.015723
0 0.003667 0.007862 0.007333 0.015723
0 0.003667 0.007862 0.007333 0.015723
0 0.003667 0.007862 0.007333 0.015723
0 0.003667 0.007862 0.007333 0.015723
0 0.003667 0.007862 0.007333 0.015723
0 0.003667 0.007862 0.007333 0.015723
0 0.003667 0.007862 0.007333 0.015723
0 0.003667 0.007862 0.007333 0.015723
0 0.003667 0.007862 0.007333 0.015723
0 0.003667 0.007862 0.007333 0.015723
0 0.004333 0.007862 0.008667 0.015723
0 0.003667 0.007862 0.007333 0.015723
0 0.003667 0.007862 0.007333 0.015723
0 0.003667 0.007862 0.007333 0.015723
0 0.003667 0.007862 0.007333 0.015723
0 0.003667 0.007862 0.007333 0.015723
0 0.003667 0.007862 0.007333 0.015723
0 0.003667 0.007862 0.007333 0.015723
0 0.003667 0.007862 0.007333 0.015723
0 0.003667 0.007862 0.007333 0.015723
0 0.003667 0.007862 0.007333 0.015723
0 0.003667 0.007862 0.007333 0.015723
0 0.003667 0.007862 0.007333 0.015723
0 0.003667 0.007862 0.007333 0.015723
0 0.003667 0.007862 0.007333 0.015723
0 0.003667 0.007862 0.007333 0.015723
0 0.003667 0.007862 0.007333 0.015723
0 0.003667 0.007862 0.007333 0.015723
0 0.003667 0.007862 0.007333 0.015723
0 0.003667 0.007862 0.007333 0.015723
0 0.003667 0.007862 0.007333 0.015723