0 0.001563 0.002110 0.003125 0.004219
0 0.001563 0.002110 0.003125 0.004219
0 0.001563 0.002110 0.003125 0.004219
0 0.001563 0.002321 0.003125 0.004641
0 0.001563 0.002110 0.003125 0.004219
0 0.001563 0.002110 0.003125 0.004219
0 0.001563 0.002110 0.003125 0.004219
0 0.001563 0.002321 0.003125 0.004641
0 0.001563 0.002110 0.003125 0.004219
0 0.001705 0.002110 0.003409 0.004219
0 0.001563 0.002321 0.003125 0.004641
0 0.001563 0.002110 0.003125 0.004219
0 0.001563 0.002110 0.003125 0.004219
0 0.001563 0.002321 0.003125 0.004641
0 0.001563 0.002110 0.003125 0.004219
0 0.001563 0.002110 0.003125 0.004219
0 0.001563 0.002110 0.003125 0.004219
0 0.001563 0.002110 0.003125 0.004219
0 0.001563 0.002110 0.003125 0.004219
0 0.001563 0.002110 0.003125 0.004219
0 0.001563 0.002321 0.003125 0.004641
0 0.001563 0.002110 0.003125 0.004219
0 0.001563 0.002110 0.003125 0.004219
0 0.001563 0.002110 0.003125 0.004219
0 0.001563 0.002321 0.003125 0.004641
0 0.001563 0.002110 0.003125 0.004219
0 0.001563 0.002110 0.003125 0.004219
0 0.001563 0.002321 0.003125 0.004641
0 0.001563 0.002110 0.003125 0.004219
0 0.001563 0.002110 0.003125 0.004219
0 0.001563 0.002110 0.003125 0.004219
0 0.001563 0.002321 0.003125 0.004641
0 0.001563 0.002321 0.003125 0.004641
0 0.001563 0.002321 0.003125 0.004641
0 0.001563 0.002110 0.003125 0.004219
0 0.001563 0.002110 0.003125 0.004219
0 0.001563 0.002321 0.003125 0.004641
0 0.001563 0.002110 0.003125 0.004219
0 0.001563 0.002321 0.003125 0.004641
0 0.001563 0.002110 0.003125 0.004219
0 0.001563 0.002110 0.003125 0.004219
0 0.001563 0.002110 0.003125 0.004219
0 0.001563 0.002110 0.003125 0.004219
0 0.001563 0.002110 0.003125 0.004219
0 0.001563 0.002321 0.003125 0.004641
0 0.001563 0.002110 0.003125 0.004219
0 0.001563 0.002321 0.003125 0.004641
0 0.001563 0.002110 0.003125 0.004219
0 0.001563 0.002110 0.003125 0.004219
0 0.001563 0.002110 0.003125 0.004219
0 0.001563 0.002110 0.003125 0.004219
0 0.001563 0.002110 0.003125 0.004219
0 0.001563 0.002321 0.003125 0.004641
0 0.001563 0.002110 0.003125 0.004219
0 0.001563 0.002321 0.003125 0.004641
0 0.001563 0.002110 0.003125 0.004219
0 0.001563 0.002110 0.003125 0.004219
0 0.001563 0.002110 0.003125 0.004219
0 0.001563 0.002321 0.003125 0.004641
0 0.001563 0.002321 0.003125 0.004641
0 0.001563 0.002110 0.003125 0.004219
0 0.001563 0.002110 0.003125 0.004219
0 0.001563 0.002110 0.003125 0.004219
0 0.001563 0.002110 0.003125 0.004219
0 0.001563 0.002321 0.003125 0.004641
0 0.001563 0.002321 0.003125 0.004641
0 0.001563 0.002110 0.003125 0.004219
0 0.001563 0.002321 0.003125 0.004641
0 0.001563 0.002110 0.003125 0.004219
0 0.001563 0.002321 0.003125 0.004641
0 0.001563 0.002110 0.003125 0.004219
0 0.001563 0.002110 0.003125 0.004219
0 0.001563 0.002321 0.003125 0.004641
0 0.001563 0.002110 0.003125 0.004219
0 0.001563 0.002110 0.003125 0.004219
0 0.001563 0.002110 0.003125 0.004219
0 0.001563 0.002321 0.003125 0.004641
0 0.001563 0.002110 0.003125 0.004219
0 0.001705 0.002110 0.003409 0.004219
0 0.001563 0.002110 0.003125 0.004219
0 0.001563 0.002110 0.003125 0.004219
0 0.001563 0.002110 0.003125 0.004219
0 0.001563 0.002110 0.003125 0.004219
0 0.001563 0.002110 0.003125 0.004219
0 0.001563 0.002110 0.003125 0.004219
0 0.001563 0.002110 0.003125 0.004219
0 0.001563 0.002110 0.003125 0.004219
0 0.001563 0.002110 0.003125 0.004219
0 0.001563 0.002110 0.003125 0.004219
0 0.001563 0.002321 0.003125 0.004641
0 0.001563 0.002321 0.003125 0.004641
0 0.001563 0.002110 0.003125 0.004219
0 0.001563 0.002110 0.003125 0.004219
0 0.001563 0.002321 0.003125 0.004641
0 0.001563 0.002110 0.003125 0.004219
0 0.001563 0.002321 0.003125 0.004641
0 0.001563 0.002110 0.003125 0.004219
0 0.001563 0.002110 0.003125 0.004219
0 0.001563 0.002110 0.003125 0.004219
0 0.001563 0.002110 0.003125 0.004219
0 0.001563 0.002321 0.003125 0.004641
0 0.001563 0.002321 0.003125 0.004641
0 0.001563 0.002110 0.003125 0.004219
0 0.001563 0.002321 0.003125 0.004641
0 0.001563 0.002321 0.003125 0.004641
0 0.001563 0.002321 0.003125 0.004641
0 0.001563 0.002110 0.003125 0.004219
0 0.001563 0.002110 0.003125 0.004219
0 0.001563 0.002110 0.003125 0.004219
0 0.001563 0.002110 0.003125 0.004219
0 0.001563 0.002321 0.003125 0.004641
0 0.001563 0.002110 0.003125 0.004219
0 0.001563 0.002321 0.003125 0.004641
0 0.001563 0.002110 0.003125 0.004219
0 0.001563 0.002110 0.003125 0.004219
0 0.001563 0.002110 0.003125 0.004219
0 0.001563 0.002321 0.003125 0.004641
0 0.001563 0.002110 0.003125 0.004219
0 0.001563 0.002321 0.003125 0.004641
0 0.001563 0.002110 0.003125 0.004219
0 0.001563 0.002110 0.003125 0.004219
0 0.001563 0.002110 0.003125 0.004219
0 0.001563 0.002321 0.003125 0.004641
0 0.001563 0.002321 0.003125 0.004641
0 0.001563 0.002321 0.003125 0.004641
0 0.001563 0.002110 0.003125 0.004219
0 0.001563 0.002110 0.003125 0.004219
0 0.001563 0.002321 0.003125 0.004641
0 0.001563 0.002110 0.003125 0.004219
0 0.001563 0.002110 0.003125 0.004219
0 0.001563 0.002110 0.003125 0.004219
0 0.001563 0.002110 0.003125 0.004219
0 0.001563 0.002110 0.003125 0.004219
0 0.001563 0.002110 0.003125 0.004219
0 0.001563 0.002321 0.003125 0.004641
0 0.001563 0.002110 0.003125 0.004219
0 0.001563 0.002110 0.003125 0.004219
0 0.001563 0.002321 0.003125 0.004641
0 0.001563 0.002110 0.003125 0.004219
0 0.001563 0.002110 0.003125 0.004219
0 0.001563 0.002321 0.003125 0.004641