0 0.004231 0.005225 0.008462 0.010449
0 0.004231 0.005225 0.008462 0.010449
0 0.004231 0.005225 0.008462 0.010449
0 0.004231 0.005225 0.008462 0.010449
0 0.004231 0.005225 0.008462 0.010449
0 0.004231 0.005225 0.008462 0.010449
0 0.004231 0.005225 0.008462 0.010449
0 0.004231 0.005225 0.008462 0.010449
0 0.004231 0.005225 0.008462 0.010449
0 0.004231 0.005225 0.008462 0.010449
0 0.004231 0.005225 0.008462 0.010449
0 0.004231 0.005225 0.008462 0.010449
0 0.004231 0.005225 0.008462 0.010449
0 0.004231 0.005225 0.008462 0.010449
0 0.004231 0.005225 0.008462 0.010449
0 0.004231 0.005225 0.008462 0.010449
0 0.004231 0.005225 0.008462 0.010449
0 0.004615 0.005225 0.009231 0.010449
0 0.004231 0.005225 0.008462 0.010449
0 0.004231 0.005225 0.008462 0.010449
0 0.004231 0.005225 0.008462 0.010449
0 0.004231 0.005225 0.008462 0.010449
0 0.004231 0.005225 0.008462 0.010449
0 0.004231 0.005225 0.008462 0.010449
0 0.004231 0.005225 0.008462 0.010449
0 0.004231 0.005225 0.008462 0.010449
0 0.004231 0.005225 0.008462 0.010449
0 0.004231 0.005225 0.008462 0.010449
0 0.004231 0.005225 0.008462 0.010449
0 0.004615 0.005225 0.009231 0.010449
0 0.004231 0.005225 0.008462 0.010449
0 0.004231 0.005225 0.008462 0.010449
0 0.004231 0.005225 0.008462 0.010449
0 0.004231 0.005225 0.008462 0.010449
0 0.004231 0.005225 0.008462 0.010449
0 0.004231 0.005225 0.008462 0.010449
0 0.004231 0.005225 0.008462 0.010449
0 0.004231 0.005225 0.008462 0.010449
0 0.004231 0.005225 0.008462 0.010449
0 0.004231 0.005225 0.008462 0.010449
0 0.004615 0.005225 0.009231 0.010449
0 0.004231 0.005225 0.008462 0.010449
0 0.004231 0.005225 0.008462 0.010449
0 0.004231 0.005225 0.008462 0.010449
0 0.004615 0.005225 0.009231 0.010449
0 0.004231 0.005225 0.008462 0.010449
0 0.004231 0.005225 0.008462 0.010449
0 0.004231 0.005225 0.008462 0.010449
0 0.004231 0.005225 0.008462 0.010449
0 0.004231 0.005225 0.008462 0.010449
0 0.004231 0.005225 0.008462 0.010449
0 0.004231 0.005225 0.008462 0.010449