0 0.004583 0.008730 0.009167 0.017460
0 0.004583 0.008730 0.009167 0.017460
0 0.004583 0.008730 0.009167 0.017460
0 0.004583 0.008730 0.009167 0.017460
0 0.004583 0.008730 0.009167 0.017460
0 0.004583 0.008730 0.009167 0.017460
0 0.004583 0.008730 0.009167 0.017460
0 0.004583 0.008730 0.009167 0.017460
0 0.004583 0.008730 0.009167 0.017460
0 0.004583 0.008730 0.009167 0.017460
0 0.004583 0.008730 0.009167 0.017460
0 0.004583 0.008730 0.009167 0.017460
0 0.004583 0.008730 0.009167 0.017460
0 0.004583 0.008730 0.009167 0.017460
0 0.004583 0.008730 0.009167 0.017460
0 0.004583 0.008730 0.009167 0.017460
0 0.004583 0.008730 0.009167 0.017460
0 0.004583 0.008730 0.009167 0.017460
0 0.004583 0.008730 0.009167 0.017460
0 0.004583 0.008730 0.009167 0.017460
0 0.004583 0.008730 0.009167 0.017460
0 0.004583 0.008730 0.009167 0.017460
0 0.004583 0.008730 0.009167 0.017460
0 0.004583 0.008730 0.009167 0.017460
0 0.004583 0.008730 0.009167 0.017460
0 0.004583 0.008730 0.009167 0.017460
0 0.004583 0.008730 0.009167 0.017460
0 0.004583 0.008730 0.009167 0.017460
0 0.004583 0.008730 0.009167 0.017460
0 0.004583 0.008730 0.009167 0.017460
0 0.004583 0.008730 0.009167 0.017460
0 0.004583 0.008730 0.009167 0.017460
0 0.004583 0.008730 0.009167 0.017460
0 0.004583 0.008730 0.009167 0.017460
0 0.004583 0.008730 0.009167 0.017460
0 0.004583 0.008730 0.009167 0.017460
0 0.004583 0.008730 0.009167 0.017460
0 0.004583 0.008730 0.009167 0.017460
0 0.004583 0.008730 0.009167 0.017460
0 0.004583 0.008730 0.009167 0.017460
0 0.004583 0.008730 0.009167 0.017460
0 0.004583 0.008730 0.009167 0.017460
0 0.004583 0.008730 0.009167 0.017460
0 0.004583 0.008730 0.009167 0.017460
0 0.004583 0.008730 0.009167 0.017460
0 0.004583 0.008730 0.009167 0.017460
0 0.004583 0.008730 0.009167 0.017460
0 0.004583 0.008730 0.009167 0.017460