0 0.011853 0.011261 0.023707 0.022523
0 0.011853 0.011261 0.023707 0.022523
0 0.011853 0.011261 0.023707 0.022523
0 0.011853 0.011261 0.023707 0.022523
0 0.011853 0.011261 0.023707 0.022523
0 0.011853 0.011261 0.023707 0.022523
0 0.011853 0.011261 0.023707 0.022523
0 0.011853 0.011261 0.023707 0.022523
0 0.011853 0.011261 0.023707 0.022523
0 0.011853 0.011261 0.023707 0.022523
0 0.011853 0.011261 0.023707 0.022523
0 0.011853 0.011261 0.023707 0.022523
0 0.011853 0.011261 0.023707 0.022523
0 0.011853 0.011261 0.023707 0.022523
0 0.011853 0.011261 0.023707 0.022523
0 0.011853 0.011261 0.023707 0.022523
0 0.011853 0.011261 0.023707 0.022523
0 0.011853 0.011261 0.023707 0.022523