0 0.005408 0.007375 0.010816 0.014749
0 0.005408 0.007375 0.010816 0.014749
0 0.005408 0.007375 0.010816 0.014749
0 0.005408 0.007375 0.010816 0.014749
0 0.005408 0.007375 0.010816 0.014749
0 0.005408 0.007375 0.010816 0.014749
0 0.005408 0.007375 0.010816 0.014749
0 0.005408 0.007375 0.010816 0.014749
0 0.005408 0.007375 0.010816 0.014749
0 0.005408 0.007375 0.010816 0.014749
0 0.005408 0.007375 0.010816 0.014749
0 0.005408 0.007375 0.010816 0.014749
0 0.005408 0.007375 0.010816 0.014749
0 0.005408 0.007375 0.010816 0.014749
0 0.005408 0.007375 0.010816 0.014749
0 0.005408 0.007375 0.010816 0.014749
0 0.005408 0.007375 0.010816 0.014749
0 0.005900 0.007375 0.011799 0.014749
0 0.005408 0.007375 0.010816 0.014749
0 0.005408 0.007375 0.010816 0.014749
0 0.005408 0.007375 0.010816 0.014749
0 0.005408 0.007375 0.010816 0.014749
0 0.005408 0.007375 0.010816 0.014749
0 0.005408 0.007375 0.010816 0.014749
0 0.005408 0.007375 0.010816 0.014749
0 0.005408 0.007375 0.010816 0.014749
0 0.005408 0.007375 0.010816 0.014749
0 0.005408 0.007375 0.010816 0.014749
0 0.005408 0.007375 0.010816 0.014749
0 0.005408 0.007375 0.010816 0.014749
0 0.005408 0.007375 0.010816 0.014749
0 0.005408 0.007375 0.010816 0.014749
0 0.005408 0.007375 0.010816 0.014749
0 0.005408 0.007375 0.010816 0.014749
0 0.005408 0.007375 0.010816 0.014749
0 0.005408 0.007375 0.010816 0.014749
0 0.005408 0.007375 0.010816 0.014749
0 0.005408 0.007375 0.010816 0.014749
0 0.005408 0.007375 0.010816 0.014749
0 0.005408 0.007375 0.010816 0.014749
0 0.005408 0.007375 0.010816 0.014749
0 0.005408 0.007375 0.010816 0.014749
0 0.005408 0.007375 0.010816 0.014749
0 0.005408 0.007375 0.010816 0.014749
0 0.005408 0.007375 0.010816 0.014749
0 0.005408 0.007375 0.010816 0.014749
0 0.005408 0.007375 0.010816 0.014749
0 0.005900 0.007375 0.011799 0.014749
0 0.005408 0.007375 0.010816 0.014749
0 0.005408 0.007375 0.010816 0.014749
0 0.005408 0.007375 0.010816 0.014749
0 0.005408 0.007375 0.010816 0.014749
0 0.005408 0.007375 0.010816 0.014749
0 0.005408 0.007375 0.010816 0.014749
0 0.005408 0.007375 0.010816 0.014749
0 0.005408 0.007375 0.010816 0.014749