0 0.002686 0.004029 0.005371 0.008059
0 0.002686 0.004029 0.005371 0.008059
0 0.002686 0.004029 0.005371 0.008059
0 0.002686 0.004029 0.005371 0.008059
0 0.002686 0.004029 0.005371 0.008059
0 0.002686 0.004029 0.005371 0.008059
0 0.002686 0.004029 0.005371 0.008059
0 0.002686 0.004029 0.005371 0.008059
0 0.002686 0.004029 0.005371 0.008059
0 0.002686 0.004029 0.005371 0.008059
0 0.002686 0.004029 0.005371 0.008059
0 0.002686 0.004029 0.005371 0.008059
0 0.002686 0.004029 0.005371 0.008059
0 0.002686 0.004029 0.005371 0.008059
0 0.002686 0.004029 0.005371 0.008059
0 0.002686 0.004029 0.005371 0.008059
0 0.002686 0.004029 0.005371 0.008059
0 0.002686 0.004029 0.005371 0.008059
0 0.002686 0.004029 0.005371 0.008059
0 0.002686 0.004029 0.005371 0.008059
0 0.002686 0.004029 0.005371 0.008059
0 0.002686 0.004029 0.005371 0.008059
0 0.002686 0.004029 0.005371 0.008059
0 0.002686 0.004029 0.005371 0.008059
0 0.002686 0.004029 0.005371 0.008059