0 0.003395 0.005882 0.006790 0.011765
0 0.003395 0.006471 0.006790 0.012941
0 0.003395 0.005882 0.006790 0.011765
0 0.003395 0.005882 0.006790 0.011765
0 0.003395 0.005882 0.006790 0.011765
0 0.003395 0.005882 0.006790 0.011765
0 0.003395 0.005882 0.006790 0.011765
0 0.003395 0.005882 0.006790 0.011765
0 0.003395 0.005882 0.006790 0.011765
0 0.003395 0.005882 0.006790 0.011765
0 0.003395 0.005882 0.006790 0.011765
0 0.003395 0.005882 0.006790 0.011765
0 0.003395 0.005882 0.006790 0.011765
0 0.003395 0.005882 0.006790 0.011765
0 0.003395 0.005882 0.006790 0.011765
0 0.003395 0.005882 0.006790 0.011765
0 0.003395 0.005882 0.006790 0.011765
0 0.003395 0.005882 0.006790 0.011765
0 0.003395 0.005882 0.006790 0.011765
0 0.003395 0.005882 0.006790 0.011765
0 0.003395 0.005882 0.006790 0.011765
0 0.003395 0.006471 0.006790 0.012941
0 0.003395 0.005882 0.006790 0.011765
0 0.003395 0.006471 0.006790 0.012941
0 0.003395 0.005882 0.006790 0.011765
0 0.003395 0.005882 0.006790 0.011765
0 0.003395 0.005882 0.006790 0.011765
0 0.003395 0.006471 0.006790 0.012941
0 0.003395 0.005882 0.006790 0.011765
0 0.003395 0.005882 0.006790 0.011765
0 0.003395 0.005882 0.006790 0.011765
0 0.003395 0.005882 0.006790 0.011765
0 0.003395 0.005882 0.006790 0.011765
0 0.003395 0.005882 0.006790 0.011765
0 0.003395 0.005882 0.006790 0.011765
0 0.003395 0.005882 0.006790 0.011765
0 0.003395 0.006471 0.006790 0.012941
0 0.003395 0.005882 0.006790 0.011765
0 0.003395 0.005882 0.006790 0.011765
0 0.003395 0.005882 0.006790 0.011765
0 0.003395 0.006471 0.006790 0.012941
0 0.003395 0.005882 0.006790 0.011765
0 0.003395 0.005882 0.006790 0.011765
0 0.003395 0.005882 0.006790 0.011765
0 0.003395 0.005882 0.006790 0.011765
0 0.003395 0.005882 0.006790 0.011765
0 0.003395 0.005882 0.006790 0.011765
0 0.003395 0.005882 0.006790 0.011765
0 0.003395 0.005882 0.006790 0.011765
0 0.003395 0.005882 0.006790 0.011765
0 0.003395 0.005882 0.006790 0.011765
0 0.003395 0.005882 0.006790 0.011765
0 0.003395 0.005882 0.006790 0.011765
0 0.003395 0.005882 0.006790 0.011765
0 0.003395 0.006471 0.006790 0.012941
0 0.003395 0.005882 0.006790 0.011765
0 0.003395 0.005882 0.006790 0.011765
0 0.003395 0.005882 0.006790 0.011765
0 0.003395 0.005882 0.006790 0.011765
0 0.003395 0.005882 0.006790 0.011765
0 0.003395 0.005882 0.006790 0.011765
0 0.003395 0.006471 0.006790 0.012941