0 0.002865 0.003846 0.005729 0.007692
0 0.002865 0.003846 0.005729 0.007692
0 0.002865 0.003846 0.005729 0.007692
0 0.002865 0.003846 0.005729 0.007692
0 0.002865 0.003846 0.005729 0.007692
0 0.002865 0.003846 0.005729 0.007692
0 0.002865 0.003846 0.005729 0.007692
0 0.002865 0.003846 0.005729 0.007692
0 0.002865 0.003846 0.005729 0.007692
0 0.002865 0.003846 0.005729 0.007692
0 0.002865 0.003846 0.005729 0.007692
0 0.002865 0.003846 0.005729 0.007692
0 0.002865 0.003846 0.005729 0.007692
0 0.002865 0.003846 0.005729 0.007692
0 0.002865 0.003846 0.005729 0.007692
0 0.002865 0.003846 0.005729 0.007692
0 0.002865 0.003846 0.005729 0.007692
0 0.002865 0.003846 0.005729 0.007692
0 0.003385 0.003846 0.006771 0.007692
0 0.002865 0.003846 0.005729 0.007692
0 0.002865 0.003846 0.005729 0.007692
0 0.002865 0.003846 0.005729 0.007692
0 0.002865 0.003846 0.005729 0.007692
0 0.002865 0.003846 0.005729 0.007692
0 0.002865 0.003846 0.005729 0.007692
0 0.002865 0.003846 0.005729 0.007692
0 0.002865 0.003846 0.005729 0.007692
0 0.002865 0.003846 0.005729 0.007692
0 0.002865 0.003846 0.005729 0.007692
0 0.002865 0.003846 0.005729 0.007692
0 0.002865 0.003846 0.005729 0.007692
0 0.002865 0.003846 0.005729 0.007692
0 0.002865 0.003846 0.005729 0.007692
0 0.002865 0.003846 0.005729 0.007692
0 0.002865 0.003846 0.005729 0.007692
0 0.002865 0.003846 0.005729 0.007692
0 0.002865 0.003846 0.005729 0.007692
0 0.002865 0.003846 0.005729 0.007692
0 0.002865 0.003846 0.005729 0.007692
0 0.002865 0.003846 0.005729 0.007692
0 0.002865 0.003846 0.005729 0.007692
0 0.002865 0.003846 0.005729 0.007692
0 0.002865 0.003846 0.005729 0.007692
0 0.002865 0.003846 0.005729 0.007692
0 0.002865 0.003846 0.005729 0.007692
0 0.002865 0.003846 0.005729 0.007692
0 0.002865 0.003846 0.005729 0.007692
0 0.002865 0.003846 0.005729 0.007692
0 0.002865 0.003846 0.005729 0.007692
0 0.002865 0.003846 0.005729 0.007692
0 0.002865 0.003846 0.005729 0.007692
0 0.002865 0.003846 0.005729 0.007692
0 0.002865 0.003846 0.005729 0.007692
0 0.002865 0.003846 0.005729 0.007692
0 0.002865 0.003846 0.005729 0.007692
0 0.002865 0.003846 0.005729 0.007692
0 0.002865 0.003846 0.005729 0.007692
0 0.003385 0.003846 0.006771 0.007692
0 0.002865 0.003846 0.005729 0.007692
0 0.002865 0.003846 0.005729 0.007692
0 0.002865 0.003846 0.005729 0.007692
0 0.002865 0.003846 0.005729 0.007692
0 0.002865 0.003846 0.005729 0.007692
0 0.002865 0.003846 0.005729 0.007692
0 0.002865 0.003846 0.005729 0.007692