0 0.003085 0.004205 0.006169 0.008410
0 0.003085 0.004626 0.006169 0.009251
0 0.003085 0.004626 0.006169 0.009251
0 0.003085 0.004205 0.006169 0.008410
0 0.003365 0.004205 0.006730 0.008410
0 0.003365 0.004205 0.006730 0.008410
0 0.003085 0.004205 0.006169 0.008410
0 0.003365 0.004626 0.006730 0.009251
0 0.003085 0.004626 0.006169 0.009251
0 0.003085 0.004626 0.006169 0.009251
0 0.003085 0.004626 0.006169 0.009251
0 0.003085 0.004205 0.006169 0.008410
0 0.003085 0.004205 0.006169 0.008410
0 0.003085 0.004626 0.006169 0.009251
0 0.003085 0.004626 0.006169 0.009251
0 0.003085 0.004626 0.006169 0.009251
0 0.003085 0.004626 0.006169 0.009251
0 0.003085 0.004626 0.006169 0.009251
0 0.003085 0.004626 0.006169 0.009251
0 0.003085 0.004205 0.006169 0.008410
0 0.003085 0.004205 0.006169 0.008410
0 0.003085 0.004626 0.006169 0.009251
0 0.003085 0.004205 0.006169 0.008410
0 0.003085 0.004626 0.006169 0.009251
0 0.003085 0.004626 0.006169 0.009251
0 0.003365 0.004626 0.006730 0.009251
0 0.003365 0.004205 0.006730 0.008410
0 0.003365 0.004205 0.006730 0.008410
0 0.003085 0.004205 0.006169 0.008410
0 0.003085 0.004205 0.006169 0.008410
0 0.003365 0.004205 0.006730 0.008410
0 0.003085 0.004626 0.006169 0.009251
0 0.003085 0.004205 0.006169 0.008410
0 0.003085 0.004205 0.006169 0.008410
0 0.003085 0.004626 0.006169 0.009251
0 0.003085 0.004205 0.006169 0.008410
0 0.003085 0.004205 0.006169 0.008410
0 0.003085 0.004205 0.006169 0.008410
0 0.003085 0.004205 0.006169 0.008410
0 0.003365 0.004205 0.006730 0.008410
0 0.003085 0.004626 0.006169 0.009251
0 0.003085 0.004626 0.006169 0.009251
0 0.003085 0.004626 0.006169 0.009251
0 0.003085 0.004205 0.006169 0.008410
0 0.003085 0.004205 0.006169 0.008410
0 0.003085 0.004205 0.006169 0.008410
0 0.003365 0.004205 0.006730 0.008410
0 0.003085 0.004205 0.006169 0.008410
0 0.003085 0.004626 0.006169 0.009251
0 0.003085 0.004626 0.006169 0.009251
0 0.003085 0.004626 0.006169 0.009251
0 0.003085 0.004626 0.006169 0.009251
0 0.003085 0.004205 0.006169 0.008410
0 0.003085 0.004626 0.006169 0.009251
0 0.003085 0.004205 0.006169 0.008410
0 0.003085 0.004626 0.006169 0.009251
0 0.003085 0.004205 0.006169 0.008410
0 0.003365 0.004205 0.006730 0.008410
0 0.003085 0.004626 0.006169 0.009251
0 0.003365 0.004205 0.006730 0.008410
0 0.003085 0.004205 0.006169 0.008410
0 0.003085 0.004205 0.006169 0.008410
0 0.003085 0.004205 0.006169 0.008410
0 0.003085 0.004205 0.006169 0.008410
0 0.003365 0.004205 0.006730 0.008410
0 0.003085 0.004205 0.006169 0.008410
0 0.003365 0.004626 0.006730 0.009251
0 0.003085 0.004205 0.006169 0.008410
0 0.003085 0.004205 0.006169 0.008410
0 0.003085 0.004205 0.006169 0.008410
0 0.003085 0.004626 0.006169 0.009251
0 0.003085 0.004205 0.006169 0.008410
0 0.003085 0.004205 0.006169 0.008410
0 0.003365 0.004205 0.006730 0.008410
0 0.003085 0.004205 0.006169 0.008410
0 0.003085 0.004205 0.006169 0.008410
0 0.003085 0.004205 0.006169 0.008410
0 0.003365 0.004626 0.006730 0.009251
0 0.003365 0.004205 0.006730 0.008410
0 0.003365 0.004205 0.006730 0.008410