0 0.004231 0.006208 0.008462 0.012415
0 0.004231 0.005643 0.008462 0.011287
0 0.004231 0.006208 0.008462 0.012415
0 0.004231 0.006208 0.008462 0.012415
0 0.004231 0.006208 0.008462 0.012415
0 0.004231 0.005643 0.008462 0.011287
0 0.004231 0.006208 0.008462 0.012415
0 0.004231 0.006208 0.008462 0.012415
0 0.004231 0.006208 0.008462 0.012415
0 0.004615 0.005643 0.009231 0.011287
0 0.004231 0.006208 0.008462 0.012415
0 0.004231 0.006208 0.008462 0.012415
0 0.004231 0.005643 0.008462 0.011287
0 0.004231 0.005643 0.008462 0.011287
0 0.004231 0.005643 0.008462 0.011287
0 0.004231 0.006208 0.008462 0.012415
0 0.004231 0.006208 0.008462 0.012415
0 0.004231 0.006208 0.008462 0.012415
0 0.004231 0.006208 0.008462 0.012415
0 0.004231 0.005643 0.008462 0.011287
0 0.004231 0.006208 0.008462 0.012415
0 0.004231 0.005643 0.008462 0.011287
0 0.004231 0.005643 0.008462 0.011287
0 0.004231 0.005643 0.008462 0.011287
0 0.004231 0.005643 0.008462 0.011287
0 0.004231 0.006208 0.008462 0.012415
0 0.004231 0.005643 0.008462 0.011287
0 0.004231 0.005643 0.008462 0.011287
0 0.004615 0.005643 0.009231 0.011287
0 0.004231 0.006208 0.008462 0.012415
0 0.004231 0.005643 0.008462 0.011287
0 0.004231 0.005643 0.008462 0.011287
0 0.004231 0.005643 0.008462 0.011287
0 0.004231 0.006208 0.008462 0.012415
0 0.004231 0.006208 0.008462 0.012415