0 0.011458 0.013889 0.022917 0.027778
0 0.011458 0.013889 0.022917 0.027778
0 0.011458 0.013889 0.022917 0.027778
0 0.011458 0.013889 0.022917 0.027778
0 0.011458 0.013889 0.022917 0.027778
0 0.011458 0.013889 0.022917 0.027778
0 0.011458 0.013889 0.022917 0.027778
0 0.011458 0.013889 0.022917 0.027778
0 0.011458 0.013889 0.022917 0.027778
0 0.011458 0.013889 0.022917 0.027778
0 0.011458 0.013889 0.022917 0.027778
0 0.011458 0.013889 0.022917 0.027778
0 0.011458 0.013889 0.022917 0.027778
0 0.011458 0.013889 0.022917 0.027778
0 0.011458 0.013889 0.022917 0.027778
0 0.011458 0.013889 0.022917 0.027778
0 0.011458 0.013889 0.022917 0.027778
0 0.011458 0.013889 0.022917 0.027778
0 0.011458 0.013889 0.022917 0.027778
0 0.011458 0.013889 0.022917 0.027778
0 0.011458 0.013889 0.022917 0.027778
0 0.011458 0.013889 0.022917 0.027778
0 0.011458 0.013889 0.022917 0.027778
0 0.011458 0.013889 0.022917 0.027778
0 0.011458 0.013889 0.022917 0.027778
0 0.011458 0.013889 0.022917 0.027778
0 0.011458 0.013889 0.022917 0.027778
0 0.011458 0.013889 0.022917 0.027778
0 0.011458 0.013889 0.022917 0.027778
0 0.011458 0.013889 0.022917 0.027778