0 0.007432 0.010395 0.014865 0.020790
0 0.007432 0.010395 0.014865 0.020790
0 0.007432 0.010395 0.014865 0.020790
0 0.007432 0.010395 0.014865 0.020790
0 0.007432 0.010395 0.014865 0.020790
0 0.007432 0.010395 0.014865 0.020790
0 0.007432 0.010395 0.014865 0.020790
0 0.007432 0.010395 0.014865 0.020790
0 0.007432 0.010395 0.014865 0.020790
0 0.007432 0.011435 0.014865 0.022869
0 0.007432 0.010395 0.014865 0.020790
0 0.007432 0.010395 0.014865 0.020790
0 0.007432 0.010395 0.014865 0.020790
0 0.007432 0.010395 0.014865 0.020790
0 0.007432 0.010395 0.014865 0.020790
0 0.007432 0.010395 0.014865 0.020790
0 0.007432 0.011435 0.014865 0.022869
0 0.007432 0.010395 0.014865 0.020790
0 0.007432 0.010395 0.014865 0.020790
0 0.007432 0.010395 0.014865 0.020790
0 0.007432 0.010395 0.014865 0.020790
0 0.007432 0.011435 0.014865 0.022869
0 0.007432 0.010395 0.014865 0.020790
0 0.007432 0.011435 0.014865 0.022869
0 0.007432 0.010395 0.014865 0.020790
0 0.007432 0.010395 0.014865 0.020790
0 0.007432 0.010395 0.014865 0.020790
0 0.007432 0.011435 0.014865 0.022869
0 0.007432 0.010395 0.014865 0.020790
0 0.007432 0.010395 0.014865 0.020790
0 0.007432 0.010395 0.014865 0.020790
0 0.007432 0.011435 0.014865 0.022869
0 0.007432 0.011435 0.014865 0.022869
0 0.007432 0.010395 0.014865 0.020790
0 0.007432 0.010395 0.014865 0.020790
0 0.007432 0.010395 0.014865 0.020790
0 0.007432 0.010395 0.014865 0.020790
0 0.007432 0.011435 0.014865 0.022869
0 0.007432 0.010395 0.014865 0.020790
0 0.007432 0.010395 0.014865 0.020790
0 0.007432 0.010395 0.014865 0.020790
0 0.007432 0.010395 0.014865 0.020790
0 0.007432 0.010395 0.014865 0.020790
0 0.007432 0.010395 0.014865 0.020790
0 0.007432 0.010395 0.014865 0.020790
0 0.007432 0.010395 0.014865 0.020790
0 0.007432 0.011435 0.014865 0.022869
0 0.007432 0.010395 0.014865 0.020790
0 0.007432 0.010395 0.014865 0.020790
0 0.007432 0.011435 0.014865 0.022869
0 0.007432 0.010395 0.014865 0.020790
0 0.007432 0.010395 0.014865 0.020790
0 0.007432 0.010395 0.014865 0.020790
0 0.007432 0.010395 0.014865 0.020790
0 0.007432 0.010395 0.014865 0.020790
0 0.007432 0.010395 0.014865 0.020790
0 0.007432 0.010395 0.014865 0.020790
0 0.007432 0.010395 0.014865 0.020790
0 0.007432 0.011435 0.014865 0.022869
0 0.008108 0.011435 0.016216 0.022869
0 0.007432 0.011435 0.014865 0.022869
0 0.007432 0.010395 0.014865 0.020790
0 0.007432 0.011435 0.014865 0.022869
0 0.007432 0.010395 0.014865 0.020790
0 0.007432 0.010395 0.014865 0.020790
0 0.008108 0.011435 0.016216 0.022869
0 0.007432 0.011435 0.014865 0.022869
0 0.007432 0.010395 0.014865 0.020790
0 0.007432 0.010395 0.014865 0.020790
0 0.007432 0.011435 0.014865 0.022869
0 0.007432 0.011435 0.014865 0.022869
0 0.007432 0.010395 0.014865 0.020790
0 0.007432 0.010395 0.014865 0.020790
0 0.007432 0.010395 0.014865 0.020790
0 0.007432 0.011435 0.014865 0.022869
0 0.007432 0.010395 0.014865 0.020790
0 0.007432 0.010395 0.014865 0.020790
0 0.008108 0.011435 0.016216 0.022869
0 0.008108 0.010395 0.016216 0.020790
0 0.007432 0.010395 0.014865 0.020790
0 0.007432 0.010395 0.014865 0.020790
0 0.007432 0.010395 0.014865 0.020790
0 0.007432 0.010395 0.014865 0.020790
0 0.007432 0.010395 0.014865 0.020790
0 0.007432 0.010395 0.014865 0.020790
0 0.007432 0.010395 0.014865 0.020790
0 0.007432 0.010395 0.014865 0.020790
0 0.007432 0.011435 0.014865 0.022869
0 0.007432 0.011435 0.014865 0.022869
0 0.007432 0.010395 0.014865 0.020790
0 0.007432 0.010395 0.014865 0.020790
0 0.007432 0.010395 0.014865 0.020790
0 0.007432 0.010395 0.014865 0.020790
0 0.007432 0.010395 0.014865 0.020790
0 0.007432 0.010395 0.014865 0.020790
0 0.007432 0.010395 0.014865 0.020790
0 0.007432 0.011435 0.014865 0.022869
0 0.007432 0.010395 0.014865 0.020790
0 0.007432 0.010395 0.014865 0.020790
0 0.007432 0.010395 0.014865 0.020790
0 0.007432 0.010395 0.014865 0.020790
0 0.007432 0.010395 0.014865 0.020790
0 0.007432 0.010395 0.014865 0.020790
0 0.007432 0.010395 0.014865 0.020790
0 0.007432 0.010395 0.014865 0.020790
0 0.007432 0.011435 0.014865 0.022869
0 0.007432 0.010395 0.014865 0.020790
0 0.007432 0.010395 0.014865 0.020790
0 0.007432 0.011435 0.014865 0.022869
0 0.007432 0.010395 0.014865 0.020790
0 0.007432 0.010395 0.014865 0.020790
0 0.007432 0.010395 0.014865 0.020790
0 0.007432 0.010395 0.014865 0.020790
0 0.007432 0.010395 0.014865 0.020790
0 0.007432 0.010395 0.014865 0.020790
0 0.007432 0.010395 0.014865 0.020790
0 0.007432 0.010395 0.014865 0.020790
0 0.007432 0.010395 0.014865 0.020790
0 0.007432 0.010395 0.014865 0.020790
0 0.007432 0.010395 0.014865 0.020790
0 0.007432 0.010395 0.014865 0.020790
0 0.007432 0.011435 0.014865 0.022869
0 0.007432 0.011435 0.014865 0.022869
0 0.007432 0.010395 0.014865 0.020790
0 0.007432 0.010395 0.014865 0.020790
0 0.007432 0.010395 0.014865 0.020790
0 0.008108 0.010395 0.016216 0.020790
0 0.007432 0.010395 0.014865 0.020790
0 0.007432 0.011435 0.014865 0.022869
0 0.007432 0.010395 0.014865 0.020790
0 0.007432 0.010395 0.014865 0.020790
0 0.007432 0.010395 0.014865 0.020790
0 0.007432 0.010395 0.014865 0.020790
0 0.007432 0.010395 0.014865 0.020790
0 0.007432 0.010395 0.014865 0.020790
0 0.007432 0.010395 0.014865 0.020790
0 0.007432 0.010395 0.014865 0.020790
0 0.008108 0.011435 0.016216 0.022869
0 0.007432 0.010395 0.014865 0.020790
0 0.007432 0.010395 0.014865 0.020790
0 0.007432 0.011435 0.014865 0.022869
0 0.007432 0.010395 0.014865 0.020790
0 0.007432 0.011435 0.014865 0.022869
0 0.007432 0.010395 0.014865 0.020790
0 0.007432 0.010395 0.014865 0.020790
0 0.007432 0.010395 0.014865 0.020790
0 0.007432 0.010395 0.014865 0.020790
0 0.007432 0.010395 0.014865 0.020790
0 0.007432 0.010395 0.014865 0.020790
0 0.007432 0.011435 0.014865 0.022869
0 0.007432 0.010395 0.014865 0.020790
0 0.007432 0.010395 0.014865 0.020790
0 0.007432 0.010395 0.014865 0.020790
0 0.007432 0.011435 0.014865 0.022869
0 0.007432 0.010395 0.014865 0.020790
0 0.007432 0.011435 0.014865 0.022869
0 0.007432 0.010395 0.014865 0.020790
0 0.007432 0.011435 0.014865 0.022869
0 0.007432 0.010395 0.014865 0.020790
0 0.007432 0.010395 0.014865 0.020790
0 0.007432 0.011435 0.014865 0.022869
0 0.007432 0.010395 0.014865 0.020790
0 0.007432 0.010395 0.014865 0.020790
0 0.007432 0.010395 0.014865 0.020790
0 0.007432 0.010395 0.014865 0.020790
0 0.007432 0.010395 0.014865 0.020790
0 0.007432 0.010395 0.014865 0.020790
0 0.007432 0.010395 0.014865 0.020790
0 0.007432 0.010395 0.014865 0.020790
0 0.007432 0.010395 0.014865 0.020790
0 0.007432 0.010395 0.014865 0.020790
0 0.007432 0.010395 0.014865 0.020790
0 0.007432 0.010395 0.014865 0.020790
0 0.007432 0.010395 0.014865 0.020790
0 0.007432 0.010395 0.014865 0.020790
0 0.007432 0.010395 0.014865 0.020790
0 0.007432 0.010395 0.014865 0.020790
0 0.007432 0.010395 0.014865 0.020790
0 0.007432 0.011435 0.014865 0.022869
0 0.007432 0.011435 0.014865 0.022869
0 0.007432 0.010395 0.014865 0.020790
0 0.007432 0.010395 0.014865 0.020790
0 0.007432 0.011435 0.014865 0.022869
0 0.007432 0.010395 0.014865 0.020790
0 0.007432 0.010395 0.014865 0.020790
0 0.007432 0.011435 0.014865 0.022869
0 0.007432 0.010395 0.014865 0.020790
0 0.007432 0.010395 0.014865 0.020790
0 0.007432 0.011435 0.014865 0.022869
0 0.007432 0.010395 0.014865 0.020790
0 0.007432 0.010395 0.014865 0.020790