0 0.004829 0.014667 0.009658 0.029333
0 0.004829 0.014667 0.009658 0.029333
0 0.004829 0.014667 0.009658 0.029333
0 0.004829 0.014667 0.009658 0.029333
0 0.004829 0.013333 0.009658 0.026667
0 0.005268 0.014667 0.010536 0.029333
0 0.005268 0.014667 0.010536 0.029333
0 0.004829 0.013333 0.009658 0.026667
0 0.005268 0.014667 0.010536 0.029333
0 0.005268 0.014667 0.010536 0.029333
0 0.004829 0.014667 0.009658 0.029333
0 0.004829 0.014667 0.009658 0.029333
0 0.004829 0.014667 0.009658 0.029333
0 0.005268 0.014667 0.010536 0.029333
0 0.004829 0.013333 0.009658 0.026667
0 0.004829 0.014667 0.009658 0.029333
0 0.004829 0.013333 0.009658 0.026667
0 0.004829 0.013333 0.009658 0.026667
0 0.004829 0.013333 0.009658 0.026667
0 0.004829 0.014667 0.009658 0.029333
0 0.004829 0.014667 0.009658 0.029333
0 0.004829 0.014667 0.009658 0.029333
0 0.004829 0.013333 0.009658 0.026667
0 0.004829 0.014667 0.009658 0.029333
0 0.004829 0.014667 0.009658 0.029333
0 0.004829 0.014667 0.009658 0.029333
0 0.004829 0.014667 0.009658 0.029333
0 0.004829 0.014667 0.009658 0.029333
0 0.004829 0.014667 0.009658 0.029333
0 0.004829 0.013333 0.009658 0.026667
0 0.004829 0.014667 0.009658 0.029333
0 0.004829 0.013333 0.009658 0.026667
0 0.004829 0.013333 0.009658 0.026667
0 0.004829 0.014667 0.009658 0.029333
0 0.004829 0.013333 0.009658 0.026667
0 0.005268 0.014667 0.010536 0.029333
0 0.004829 0.014667 0.009658 0.029333
0 0.004829 0.014667 0.009658 0.029333
0 0.004829 0.014667 0.009658 0.029333
0 0.004829 0.014667 0.009658 0.029333
0 0.004829 0.013333 0.009658 0.026667
0 0.004829 0.014667 0.009658 0.029333
0 0.005268 0.014667 0.010536 0.029333
0 0.004829 0.014667 0.009658 0.029333
0 0.004829 0.014667 0.009658 0.029333
0 0.004829 0.014667 0.009658 0.029333
0 0.004829 0.014667 0.009658 0.029333
0 0.004829 0.013333 0.009658 0.026667
0 0.004829 0.013333 0.009658 0.026667
0 0.004829 0.014667 0.009658 0.029333
0 0.004829 0.014667 0.009658 0.029333
0 0.004829 0.014667 0.009658 0.029333
0 0.004829 0.013333 0.009658 0.026667
0 0.004829 0.014667 0.009658 0.029333
0 0.004829 0.014667 0.009658 0.029333
0 0.004829 0.014667 0.009658 0.029333
0 0.004829 0.014667 0.009658 0.029333
0 0.004829 0.014667 0.009658 0.029333
0 0.005268 0.014667 0.010536 0.029333
0 0.004829 0.014667 0.009658 0.029333
0 0.004829 0.014667 0.009658 0.029333
0 0.004829 0.014667 0.009658 0.029333
0 0.004829 0.014667 0.009658 0.029333
0 0.004829 0.013333 0.009658 0.026667
0 0.005268 0.014667 0.010536 0.029333