0 0.007246 0.013033 0.014493 0.026066
0 0.007246 0.011848 0.014493 0.023697
0 0.007246 0.011848 0.014493 0.023697
0 0.007246 0.011848 0.014493 0.023697
0 0.007246 0.011848 0.014493 0.023697
0 0.007246 0.011848 0.014493 0.023697
0 0.007246 0.011848 0.014493 0.023697
0 0.007246 0.011848 0.014493 0.023697
0 0.007246 0.013033 0.014493 0.026066
0 0.007905 0.013033 0.015810 0.026066
0 0.007246 0.011848 0.014493 0.023697
0 0.007246 0.011848 0.014493 0.023697
0 0.007246 0.013033 0.014493 0.026066
0 0.007246 0.013033 0.014493 0.026066
0 0.007246 0.013033 0.014493 0.026066
0 0.007246 0.011848 0.014493 0.023697
0 0.007246 0.013033 0.014493 0.026066
0 0.007246 0.013033 0.014493 0.026066
0 0.007905 0.013033 0.015810 0.026066
0 0.007246 0.013033 0.014493 0.026066
0 0.007246 0.011848 0.014493 0.023697