0 0.006875 0.009709 0.013750 0.019417
0 0.006875 0.009709 0.013750 0.019417
0 0.006875 0.009709 0.013750 0.019417
0 0.006875 0.009709 0.013750 0.019417
0 0.006875 0.009709 0.013750 0.019417
0 0.006875 0.009709 0.013750 0.019417
0 0.006875 0.009709 0.013750 0.019417
0 0.006875 0.009709 0.013750 0.019417
0 0.006875 0.009709 0.013750 0.019417
0 0.006875 0.009709 0.013750 0.019417
0 0.006875 0.009709 0.013750 0.019417
0 0.006875 0.009709 0.013750 0.019417
0 0.006875 0.009709 0.013750 0.019417
0 0.006875 0.009709 0.013750 0.019417
0 0.006875 0.009709 0.013750 0.019417
0 0.006875 0.009709 0.013750 0.019417
0 0.006875 0.009709 0.013750 0.019417
0 0.006875 0.009709 0.013750 0.019417
0 0.006875 0.009709 0.013750 0.019417
0 0.006875 0.009709 0.013750 0.019417
0 0.006875 0.009709 0.013750 0.019417
0 0.006875 0.009709 0.013750 0.019417
0 0.006875 0.009709 0.013750 0.019417
0 0.006875 0.009709 0.013750 0.019417
0 0.006875 0.009709 0.013750 0.019417
0 0.006875 0.009709 0.013750 0.019417
0 0.006875 0.009709 0.013750 0.019417
0 0.006875 0.009709 0.013750 0.019417
0 0.006875 0.009709 0.013750 0.019417
0 0.006875 0.009709 0.013750 0.019417
0 0.006875 0.009709 0.013750 0.019417
0 0.006875 0.009709 0.013750 0.019417
0 0.006875 0.009709 0.013750 0.019417
0 0.006875 0.009709 0.013750 0.019417
0 0.006875 0.009709 0.013750 0.019417
0 0.006875 0.009709 0.013750 0.019417
0 0.006875 0.009709 0.013750 0.019417
0 0.006875 0.009709 0.013750 0.019417
0 0.006875 0.009709 0.013750 0.019417
0 0.006875 0.009709 0.013750 0.019417
0 0.006875 0.009709 0.013750 0.019417
0 0.006875 0.009709 0.013750 0.019417