0 0.001571 0.002096 0.003143 0.004191
0 0.001571 0.002096 0.003143 0.004191
0 0.001571 0.002096 0.003143 0.004191
0 0.001714 0.002096 0.003429 0.004191
0 0.001571 0.002096 0.003143 0.004191
0 0.001571 0.002096 0.003143 0.004191
0 0.001571 0.002096 0.003143 0.004191
0 0.001571 0.002096 0.003143 0.004191
0 0.001571 0.002096 0.003143 0.004191
0 0.001714 0.002096 0.003429 0.004191
0 0.001571 0.002096 0.003143 0.004191
0 0.001714 0.002096 0.003429 0.004191
0 0.001571 0.002096 0.003143 0.004191
0 0.001571 0.002096 0.003143 0.004191
0 0.001571 0.002305 0.003143 0.004610
0 0.001571 0.002096 0.003143 0.004191
0 0.001571 0.002096 0.003143 0.004191