0 0.001168 0.001593 0.002337 0.003187
0 0.001168 0.001593 0.002337 0.003187
0 0.001168 0.001593 0.002337 0.003187
0 0.001168 0.001593 0.002337 0.003187
0 0.001168 0.001593 0.002337 0.003187
0 0.001168 0.001593 0.002337 0.003187
0 0.001168 0.001593 0.002337 0.003187
0 0.001168 0.001593 0.002337 0.003187
0 0.001168 0.001593 0.002337 0.003187
0 0.001168 0.001593 0.002337 0.003187
0 0.001168 0.001593 0.002337 0.003187
0 0.001168 0.001593 0.002337 0.003187
0 0.001168 0.001593 0.002337 0.003187
0 0.001168 0.001593 0.002337 0.003187
0 0.001168 0.001593 0.002337 0.003187
0 0.001168 0.001593 0.002337 0.003187