0 0.008758 0.015924 0.017516 0.031847
0 0.008758 0.015924 0.017516 0.031847
0 0.008758 0.015924 0.017516 0.031847
0 0.008758 0.015924 0.017516 0.031847
0 0.008758 0.015924 0.017516 0.031847
0 0.008758 0.015924 0.017516 0.031847
0 0.008758 0.015924 0.017516 0.031847
0 0.008758 0.015924 0.017516 0.031847
0 0.008758 0.015924 0.017516 0.031847
0 0.008758 0.015924 0.017516 0.031847
0 0.008758 0.015924 0.017516 0.031847
0 0.008758 0.015924 0.017516 0.031847
0 0.008758 0.015924 0.017516 0.031847
0 0.008758 0.015924 0.017516 0.031847
0 0.008758 0.015924 0.017516 0.031847
0 0.008758 0.015924 0.017516 0.031847
0 0.008758 0.015924 0.017516 0.031847