0 0.009091 0.009488 0.018182 0.018975
0 0.007692 0.009488 0.015385 0.018975
0 0.007692 0.009488 0.015385 0.018975
0 0.007692 0.009488 0.015385 0.018975
0 0.007692 0.009488 0.015385 0.018975
0 0.007692 0.009488 0.015385 0.018975
0 0.007692 0.009488 0.015385 0.018975
0 0.007692 0.009488 0.015385 0.018975
0 0.007692 0.009488 0.015385 0.018975
0 0.007692 0.009488 0.015385 0.018975
0 0.007692 0.009488 0.015385 0.018975
0 0.007692 0.009488 0.015385 0.018975
0 0.007692 0.009488 0.015385 0.018975
0 0.007692 0.009488 0.015385 0.018975
0 0.007692 0.009488 0.015385 0.018975
0 0.007692 0.009488 0.015385 0.018975
0 0.007692 0.009488 0.015385 0.018975
0 0.007692 0.009488 0.015385 0.018975
0 0.007692 0.009488 0.015385 0.018975
0 0.007692 0.009488 0.015385 0.018975