0 0.007161 0.008681 0.014323 0.017361
0 0.007161 0.008681 0.014323 0.017361
0 0.007161 0.008681 0.014323 0.017361
0 0.007161 0.009549 0.014323 0.019097
0 0.007161 0.008681 0.014323 0.017361
0 0.007161 0.009549 0.014323 0.019097
0 0.007161 0.008681 0.014323 0.017361
0 0.007812 0.008681 0.015625 0.017361
0 0.007161 0.008681 0.014323 0.017361
0 0.007161 0.008681 0.014323 0.017361
0 0.007161 0.008681 0.014323 0.017361
0 0.007161 0.008681 0.014323 0.017361
0 0.007161 0.008681 0.014323 0.017361
0 0.007161 0.008681 0.014323 0.017361
0 0.007161 0.009549 0.014323 0.019097
0 0.007161 0.008681 0.014323 0.017361
0 0.007161 0.008681 0.014323 0.017361
0 0.007161 0.008681 0.014323 0.017361
0 0.007161 0.008681 0.014323 0.017361
0 0.007161 0.008681 0.014323 0.017361
0 0.007161 0.008681 0.014323 0.017361
0 0.007161 0.008681 0.014323 0.017361
0 0.007161 0.008681 0.014323 0.017361
0 0.007812 0.008681 0.015625 0.017361
0 0.007161 0.008681 0.014323 0.017361
0 0.007161 0.009549 0.014323 0.019097
0 0.007161 0.008681 0.014323 0.017361
0 0.007161 0.008681 0.014323 0.017361
0 0.007161 0.008681 0.014323 0.017361
0 0.007161 0.008681 0.014323 0.017361
0 0.007812 0.008681 0.015625 0.017361
0 0.007161 0.008681 0.014323 0.017361
0 0.007161 0.008681 0.014323 0.017361
0 0.007161 0.008681 0.014323 0.017361
0 0.007161 0.008681 0.014323 0.017361
0 0.007161 0.008681 0.014323 0.017361
0 0.007161 0.008681 0.014323 0.017361
0 0.007161 0.008681 0.014323 0.017361
0 0.007161 0.009549 0.014323 0.019097
0 0.007161 0.008681 0.014323 0.017361
0 0.007161 0.008681 0.014323 0.017361
0 0.007161 0.009549 0.014323 0.019097
0 0.007161 0.008681 0.014323 0.017361
0 0.007161 0.009549 0.014323 0.019097
0 0.007161 0.009549 0.014323 0.019097
0 0.007161 0.009549 0.014323 0.019097
0 0.007161 0.009549 0.014323 0.019097
0 0.007161 0.009549 0.014323 0.019097
0 0.007161 0.008681 0.014323 0.017361
0 0.007161 0.008681 0.014323 0.017361
0 0.007161 0.008681 0.014323 0.017361
0 0.007161 0.009549 0.014323 0.019097
0 0.007161 0.008681 0.014323 0.017361
0 0.007161 0.008681 0.014323 0.017361
0 0.007161 0.009549 0.014323 0.019097
0 0.007161 0.009549 0.014323 0.019097
0 0.007161 0.008681 0.014323 0.017361
0 0.007161 0.009549 0.014323 0.019097
0 0.007161 0.008681 0.014323 0.017361
0 0.007161 0.008681 0.014323 0.017361
0 0.007161 0.009549 0.014323 0.019097
0 0.007812 0.008681 0.015625 0.017361
0 0.007161 0.008681 0.014323 0.017361