0 0.008871 0.015805 0.017742 0.031609
0 0.008871 0.014368 0.017742 0.028736
0 0.008871 0.015805 0.017742 0.031609
0 0.008871 0.015805 0.017742 0.031609
0 0.008871 0.015805 0.017742 0.031609
0 0.008871 0.014368 0.017742 0.028736
0 0.008871 0.015805 0.017742 0.031609
0 0.008871 0.015805 0.017742 0.031609
0 0.008871 0.014368 0.017742 0.028736
0 0.008871 0.015805 0.017742 0.031609
0 0.008871 0.014368 0.017742 0.028736
0 0.008871 0.015805 0.017742 0.031609
0 0.008871 0.015805 0.017742 0.031609
0 0.008871 0.014368 0.017742 0.028736
0 0.008871 0.014368 0.017742 0.028736
0 0.008871 0.014368 0.017742 0.028736
0 0.008871 0.015805 0.017742 0.031609
0 0.008871 0.014368 0.017742 0.028736
0 0.008871 0.014368 0.017742 0.028736
0 0.008871 0.014368 0.017742 0.028736
0 0.008871 0.015805 0.017742 0.031609
0 0.008871 0.014368 0.017742 0.028736
0 0.008871 0.014368 0.017742 0.028736
0 0.008871 0.015805 0.017742 0.031609