0 0.002895 0.003946 0.005789 0.007893
0 0.002895 0.003946 0.005789 0.007893
0 0.002895 0.003946 0.005789 0.007893
0 0.002895 0.003946 0.005789 0.007893
0 0.002895 0.003946 0.005789 0.007893
0 0.002895 0.003946 0.005789 0.007893
0 0.002895 0.003946 0.005789 0.007893
0 0.002895 0.003946 0.005789 0.007893
0 0.002895 0.003946 0.005789 0.007893
0 0.002895 0.003946 0.005789 0.007893
0 0.002895 0.003946 0.005789 0.007893
0 0.002895 0.003946 0.005789 0.007893
0 0.002895 0.003946 0.005789 0.007893
0 0.003421 0.003946 0.006842 0.007893
0 0.002895 0.003946 0.005789 0.007893
0 0.002895 0.003946 0.005789 0.007893
0 0.002895 0.003946 0.005789 0.007893
0 0.002895 0.003946 0.005789 0.007893
0 0.002895 0.003946 0.005789 0.007893
0 0.002895 0.003946 0.005789 0.007893
0 0.002895 0.003946 0.005789 0.007893
0 0.002895 0.003946 0.005789 0.007893
0 0.002895 0.003946 0.005789 0.007893
0 0.002895 0.003946 0.005789 0.007893
0 0.002895 0.003946 0.005789 0.007893
0 0.002895 0.003946 0.005789 0.007893
0 0.002895 0.003946 0.005789 0.007893
0 0.002895 0.003946 0.005789 0.007893
0 0.002895 0.003946 0.005789 0.007893
0 0.002895 0.003946 0.005789 0.007893
0 0.002895 0.003946 0.005789 0.007893
0 0.002895 0.003946 0.005789 0.007893
0 0.002895 0.003946 0.005789 0.007893
0 0.002895 0.003946 0.005789 0.007893
0 0.002895 0.003946 0.005789 0.007893
0 0.002895 0.003946 0.005789 0.007893
0 0.002895 0.003946 0.005789 0.007893
0 0.002895 0.003946 0.005789 0.007893
0 0.002895 0.003946 0.005789 0.007893
0 0.002895 0.003946 0.005789 0.007893
0 0.003421 0.003946 0.006842 0.007893
0 0.002895 0.003946 0.005789 0.007893
0 0.002895 0.003946 0.005789 0.007893
0 0.002895 0.003946 0.005789 0.007893
0 0.002895 0.003946 0.005789 0.007893
0 0.002895 0.003946 0.005789 0.007893
0 0.002895 0.003946 0.005789 0.007893
0 0.002895 0.003946 0.005789 0.007893
0 0.002895 0.003946 0.005789 0.007893
0 0.002895 0.003946 0.005789 0.007893
0 0.002895 0.003946 0.005789 0.007893
0 0.002895 0.003946 0.005789 0.007893
0 0.002895 0.003946 0.005789 0.007893