0 0.002013 0.003660 0.004026 0.007321
0 0.002379 0.003660 0.004758 0.007321
0 0.002013 0.003660 0.004026 0.007321
0 0.002013 0.003660 0.004026 0.007321
0 0.002013 0.003660 0.004026 0.007321
0 0.002379 0.003660 0.004758 0.007321
0 0.002013 0.003660 0.004026 0.007321
0 0.002013 0.003660 0.004026 0.007321
0 0.002013 0.003660 0.004026 0.007321
0 0.002013 0.003660 0.004026 0.007321
0 0.002013 0.003660 0.004026 0.007321
0 0.002013 0.003660 0.004026 0.007321
0 0.002013 0.003660 0.004026 0.007321
0 0.002013 0.003660 0.004026 0.007321
0 0.002013 0.003660 0.004026 0.007321
0 0.002379 0.003660 0.004758 0.007321
0 0.002013 0.003660 0.004026 0.007321
0 0.002013 0.003660 0.004026 0.007321
0 0.002013 0.003660 0.004026 0.007321
0 0.002013 0.003660 0.004026 0.007321
0 0.002379 0.003660 0.004758 0.007321
0 0.002013 0.003660 0.004026 0.007321
0 0.002013 0.003660 0.004026 0.007321
0 0.002013 0.003660 0.004026 0.007321
0 0.002013 0.003660 0.004026 0.007321
0 0.002013 0.003660 0.004026 0.007321
0 0.002013 0.003660 0.004026 0.007321
0 0.002013 0.003660 0.004026 0.007321
0 0.002013 0.003660 0.004026 0.007321
0 0.002013 0.003660 0.004026 0.007321
0 0.002013 0.003660 0.004026 0.007321
0 0.002013 0.003660 0.004026 0.007321
0 0.002013 0.003660 0.004026 0.007321
0 0.002013 0.003660 0.004026 0.007321
0 0.002013 0.003660 0.004026 0.007321
0 0.002013 0.003660 0.004026 0.007321
0 0.002013 0.003660 0.004026 0.007321
0 0.002013 0.003660 0.004026 0.007321