0 0.005978 0.007599 0.011957 0.015198
0 0.005978 0.007599 0.011957 0.015198
0 0.005978 0.007599 0.011957 0.015198
0 0.005978 0.007599 0.011957 0.015198
0 0.005978 0.007599 0.011957 0.015198
0 0.005978 0.007599 0.011957 0.015198
0 0.005978 0.007599 0.011957 0.015198
0 0.005978 0.007599 0.011957 0.015198
0 0.005978 0.007599 0.011957 0.015198
0 0.005978 0.007599 0.011957 0.015198
0 0.005978 0.007599 0.011957 0.015198
0 0.005978 0.007599 0.011957 0.015198
0 0.005978 0.007599 0.011957 0.015198
0 0.005978 0.007599 0.011957 0.015198
0 0.005978 0.007599 0.011957 0.015198
0 0.005978 0.007599 0.011957 0.015198
0 0.005978 0.007599 0.011957 0.015198
0 0.005978 0.007599 0.011957 0.015198
0 0.005978 0.007599 0.011957 0.015198
0 0.005978 0.007599 0.011957 0.015198
0 0.005978 0.007599 0.011957 0.015198
0 0.005978 0.007599 0.011957 0.015198
0 0.005978 0.007599 0.011957 0.015198
0 0.005978 0.007599 0.011957 0.015198
0 0.005978 0.007599 0.011957 0.015198