0 0.006471 0.009632 0.012941 0.019264
0 0.006471 0.008757 0.012941 0.017513
0 0.006471 0.008757 0.012941 0.017513
0 0.006471 0.009632 0.012941 0.019264
0 0.006471 0.009632 0.012941 0.019264
0 0.006471 0.008757 0.012941 0.017513
0 0.006471 0.009632 0.012941 0.019264
0 0.006471 0.008757 0.012941 0.017513
0 0.006471 0.009632 0.012941 0.019264
0 0.006471 0.008757 0.012941 0.017513
0 0.006471 0.009632 0.012941 0.019264
0 0.006471 0.009632 0.012941 0.019264
0 0.006471 0.008757 0.012941 0.017513
0 0.006471 0.009632 0.012941 0.019264
0 0.006471 0.009632 0.012941 0.019264
0 0.006471 0.009632 0.012941 0.019264
0 0.006471 0.009632 0.012941 0.019264
0 0.006471 0.009632 0.012941 0.019264
0 0.006471 0.008757 0.012941 0.017513
0 0.006471 0.009632 0.012941 0.019264
0 0.006471 0.009632 0.012941 0.019264
0 0.006471 0.008757 0.012941 0.017513
0 0.006471 0.008757 0.012941 0.017513
0 0.006471 0.008757 0.012941 0.017513
0 0.006471 0.009632 0.012941 0.019264
0 0.006471 0.009632 0.012941 0.019264
0 0.006471 0.009632 0.012941 0.019264
0 0.006471 0.009632 0.012941 0.019264
0 0.006471 0.009632 0.012941 0.019264
0 0.006471 0.009632 0.012941 0.019264
0 0.006471 0.008757 0.012941 0.017513
0 0.006471 0.008757 0.012941 0.017513
0 0.006471 0.008757 0.012941 0.017513
0 0.006471 0.008757 0.012941 0.017513
0 0.006471 0.008757 0.012941 0.017513
0 0.006471 0.008757 0.012941 0.017513
0 0.006471 0.009632 0.012941 0.019264
0 0.006471 0.009632 0.012941 0.019264
0 0.006471 0.009632 0.012941 0.019264
0 0.006471 0.009632 0.012941 0.019264
0 0.006471 0.009632 0.012941 0.019264
0 0.006471 0.008757 0.012941 0.017513
0 0.006471 0.008757 0.012941 0.017513
0 0.006471 0.008757 0.012941 0.017513
0 0.006471 0.008757 0.012941 0.017513
0 0.006471 0.008757 0.012941 0.017513
0 0.006471 0.009632 0.012941 0.019264
0 0.006471 0.008757 0.012941 0.017513
0 0.006471 0.009632 0.012941 0.019264
0 0.006471 0.009632 0.012941 0.019264
0 0.006471 0.008757 0.012941 0.017513
0 0.006471 0.008757 0.012941 0.017513
0 0.006471 0.008757 0.012941 0.017513
0 0.006471 0.009632 0.012941 0.019264
0 0.006471 0.009632 0.012941 0.019264
0 0.006471 0.008757 0.012941 0.017513
0 0.006471 0.008757 0.012941 0.017513
0 0.006471 0.008757 0.012941 0.017513
0 0.006471 0.009632 0.012941 0.019264
0 0.006471 0.008757 0.012941 0.017513
0 0.006471 0.009632 0.012941 0.019264
0 0.006471 0.008757 0.012941 0.017513
0 0.006471 0.009632 0.012941 0.019264
0 0.006471 0.009632 0.012941 0.019264
0 0.006471 0.009632 0.012941 0.019264
0 0.006471 0.008757 0.012941 0.017513
0 0.006471 0.009632 0.012941 0.019264
0 0.006471 0.008757 0.012941 0.017513
0 0.006471 0.009632 0.012941 0.019264
0 0.006471 0.008757 0.012941 0.017513
0 0.006471 0.009632 0.012941 0.019264
0 0.006471 0.009632 0.012941 0.019264
0 0.006471 0.009632 0.012941 0.019264
0 0.006471 0.008757 0.012941 0.017513