0 0.004297 0.006031 0.008594 0.012063
0 0.004297 0.006031 0.008594 0.012063
0 0.004297 0.006031 0.008594 0.012063
0 0.004297 0.006031 0.008594 0.012063
0 0.004297 0.006031 0.008594 0.012063
0 0.004297 0.006031 0.008594 0.012063
0 0.004297 0.006031 0.008594 0.012063
0 0.004297 0.006031 0.008594 0.012063
0 0.004297 0.006031 0.008594 0.012063
0 0.004297 0.006031 0.008594 0.012063
0 0.004297 0.006031 0.008594 0.012063
0 0.004297 0.006031 0.008594 0.012063
0 0.004297 0.006031 0.008594 0.012063
0 0.004297 0.006031 0.008594 0.012063
0 0.004297 0.006031 0.008594 0.012063
0 0.004297 0.006031 0.008594 0.012063
0 0.004297 0.006031 0.008594 0.012063
0 0.004297 0.006031 0.008594 0.012063
0 0.004297 0.006031 0.008594 0.012063
0 0.004297 0.006031 0.008594 0.012063
0 0.004297 0.006031 0.008594 0.012063
0 0.004297 0.006634 0.008594 0.013269
0 0.004297 0.006031 0.008594 0.012063
0 0.004297 0.006634 0.008594 0.013269
0 0.004297 0.006031 0.008594 0.012063
0 0.004297 0.006031 0.008594 0.012063
0 0.004297 0.006634 0.008594 0.013269
0 0.004297 0.006031 0.008594 0.012063
0 0.004297 0.006031 0.008594 0.012063
0 0.004297 0.006634 0.008594 0.013269
0 0.004297 0.006031 0.008594 0.012063
0 0.004297 0.006031 0.008594 0.012063
0 0.004297 0.006031 0.008594 0.012063
0 0.004297 0.006031 0.008594 0.012063
0 0.004297 0.006031 0.008594 0.012063
0 0.004297 0.006031 0.008594 0.012063
0 0.004297 0.006031 0.008594 0.012063
0 0.004297 0.006031 0.008594 0.012063
0 0.004297 0.006031 0.008594 0.012063
0 0.004297 0.006634 0.008594 0.013269
0 0.004297 0.006031 0.008594 0.012063
0 0.004297 0.006031 0.008594 0.012063
0 0.004297 0.006031 0.008594 0.012063
0 0.004297 0.006031 0.008594 0.012063
0 0.004297 0.006031 0.008594 0.012063
0 0.004297 0.006031 0.008594 0.012063
0 0.004297 0.006031 0.008594 0.012063
0 0.004297 0.006031 0.008594 0.012063
0 0.004297 0.006634 0.008594 0.013269
0 0.004297 0.006031 0.008594 0.012063
0 0.004297 0.006634 0.008594 0.013269
0 0.004297 0.006031 0.008594 0.012063
0 0.004297 0.006031 0.008594 0.012063
0 0.004297 0.006031 0.008594 0.012063
0 0.004297 0.006031 0.008594 0.012063
0 0.004297 0.006634 0.008594 0.013269
0 0.004297 0.006031 0.008594 0.012063
0 0.004297 0.006031 0.008594 0.012063
0 0.004297 0.006031 0.008594 0.012063
0 0.004297 0.006031 0.008594 0.012063