0 0.005500 0.011111 0.011000 0.022222
0 0.005500 0.011111 0.011000 0.022222
0 0.005500 0.011111 0.011000 0.022222
0 0.005500 0.011111 0.011000 0.022222
0 0.005500 0.011111 0.011000 0.022222
0 0.005500 0.011111 0.011000 0.022222
0 0.005500 0.011111 0.011000 0.022222
0 0.005500 0.011111 0.011000 0.022222
0 0.005500 0.011111 0.011000 0.022222
0 0.005500 0.011111 0.011000 0.022222
0 0.005500 0.011111 0.011000 0.022222
0 0.005500 0.011111 0.011000 0.022222
0 0.005500 0.011111 0.011000 0.022222
0 0.005500 0.011111 0.011000 0.022222
0 0.005500 0.011111 0.011000 0.022222
0 0.005500 0.011111 0.011000 0.022222
0 0.005500 0.011111 0.011000 0.022222
0 0.005500 0.011111 0.011000 0.022222
0 0.005500 0.011111 0.011000 0.022222
0 0.005500 0.011111 0.011000 0.022222
0 0.005500 0.011111 0.011000 0.022222
0 0.005500 0.011111 0.011000 0.022222
0 0.005500 0.011111 0.011000 0.022222
0 0.005500 0.011111 0.011000 0.022222
0 0.005500 0.011111 0.011000 0.022222
0 0.005500 0.011111 0.011000 0.022222