0 0.005729 0.008013 0.011458 0.016026
0 0.005729 0.008013 0.011458 0.016026
0 0.005729 0.008013 0.011458 0.016026
0 0.005729 0.008013 0.011458 0.016026
0 0.005729 0.008013 0.011458 0.016026
0 0.005729 0.008013 0.011458 0.016026
0 0.005729 0.008013 0.011458 0.016026
0 0.005729 0.008013 0.011458 0.016026
0 0.005729 0.008013 0.011458 0.016026
0 0.005729 0.008013 0.011458 0.016026
0 0.005729 0.008013 0.011458 0.016026
0 0.005729 0.008013 0.011458 0.016026
0 0.005729 0.008013 0.011458 0.016026
0 0.005729 0.008013 0.011458 0.016026
0 0.005729 0.008013 0.011458 0.016026
0 0.005729 0.008013 0.011458 0.016026
0 0.005729 0.008013 0.011458 0.016026
0 0.005729 0.008013 0.011458 0.016026
0 0.005729 0.008013 0.011458 0.016026
0 0.005729 0.008013 0.011458 0.016026
0 0.005729 0.008013 0.011458 0.016026
0 0.005729 0.008013 0.011458 0.016026
0 0.005729 0.008013 0.011458 0.016026