0 0.003819 0.005658 0.007639 0.011317
0 0.003819 0.005658 0.007639 0.011317
0 0.003819 0.005658 0.007639 0.011317
0 0.003819 0.005658 0.007639 0.011317
0 0.003819 0.005658 0.007639 0.011317
0 0.003819 0.005658 0.007639 0.011317
0 0.003819 0.005658 0.007639 0.011317
0 0.003819 0.005658 0.007639 0.011317
0 0.003819 0.005658 0.007639 0.011317
0 0.003819 0.005658 0.007639 0.011317
0 0.003819 0.005658 0.007639 0.011317
0 0.003819 0.005658 0.007639 0.011317
0 0.003819 0.005658 0.007639 0.011317
0 0.003819 0.005658 0.007639 0.011317
0 0.003819 0.005658 0.007639 0.011317
0 0.003819 0.005658 0.007639 0.011317
0 0.003819 0.005658 0.007639 0.011317
0 0.003819 0.005658 0.007639 0.011317
0 0.003819 0.005658 0.007639 0.011317
0 0.003819 0.005658 0.007639 0.011317
0 0.003819 0.005658 0.007639 0.011317
0 0.003819 0.005658 0.007639 0.011317
0 0.003819 0.005144 0.007639 0.010288
0 0.003819 0.005658 0.007639 0.011317
0 0.003819 0.005658 0.007639 0.011317
0 0.003819 0.005658 0.007639 0.011317
0 0.003819 0.005658 0.007639 0.011317
0 0.003819 0.005658 0.007639 0.011317
0 0.003819 0.005658 0.007639 0.011317
0 0.003819 0.005658 0.007639 0.011317
0 0.003819 0.005144 0.007639 0.010288
0 0.003819 0.005658 0.007639 0.011317
0 0.003819 0.005658 0.007639 0.011317
0 0.003819 0.005658 0.007639 0.011317
0 0.003819 0.005658 0.007639 0.011317
0 0.003819 0.005658 0.007639 0.011317
0 0.003819 0.005658 0.007639 0.011317
0 0.003819 0.005658 0.007639 0.011317
0 0.003819 0.005658 0.007639 0.011317
0 0.003819 0.005144 0.007639 0.010288
0 0.003819 0.005658 0.007639 0.011317
0 0.003819 0.005658 0.007639 0.011317
0 0.003819 0.005658 0.007639 0.011317
0 0.003819 0.005658 0.007639 0.011317
0 0.003819 0.005658 0.007639 0.011317
0 0.003819 0.005658 0.007639 0.011317
0 0.003819 0.005658 0.007639 0.011317
0 0.003819 0.005658 0.007639 0.011317
0 0.003819 0.005658 0.007639 0.011317
0 0.003819 0.005144 0.007639 0.010288
0 0.003819 0.005658 0.007639 0.011317
0 0.003819 0.005658 0.007639 0.011317
0 0.003819 0.005144 0.007639 0.010288
0 0.003819 0.005658 0.007639 0.011317
0 0.003819 0.005144 0.007639 0.010288
0 0.003819 0.005658 0.007639 0.011317
0 0.003819 0.005144 0.007639 0.010288