0 0.004297 0.006010 0.008594 0.012019
0 0.004297 0.006010 0.008594 0.012019
0 0.004297 0.006010 0.008594 0.012019
0 0.004297 0.006010 0.008594 0.012019
0 0.004297 0.006010 0.008594 0.012019
0 0.004297 0.006010 0.008594 0.012019
0 0.004297 0.006010 0.008594 0.012019
0 0.004297 0.006010 0.008594 0.012019
0 0.004297 0.006010 0.008594 0.012019
0 0.004297 0.006010 0.008594 0.012019
0 0.004297 0.006010 0.008594 0.012019
0 0.004297 0.006010 0.008594 0.012019
0 0.004297 0.006010 0.008594 0.012019
0 0.004297 0.006010 0.008594 0.012019
0 0.004297 0.006010 0.008594 0.012019
0 0.004297 0.006010 0.008594 0.012019
0 0.004297 0.006010 0.008594 0.012019
0 0.004297 0.006010 0.008594 0.012019
0 0.004297 0.006010 0.008594 0.012019
0 0.004297 0.006010 0.008594 0.012019
0 0.004297 0.006010 0.008594 0.012019
0 0.004297 0.006010 0.008594 0.012019
0 0.004297 0.006010 0.008594 0.012019
0 0.004297 0.006010 0.008594 0.012019
0 0.004297 0.006010 0.008594 0.012019
0 0.004297 0.006010 0.008594 0.012019
0 0.004297 0.006010 0.008594 0.012019