0 0.001416 0.001718 0.002833 0.003435
0 0.001416 0.001718 0.002833 0.003435
0 0.001416 0.001718 0.002833 0.003435
0 0.001416 0.001718 0.002833 0.003435
0 0.001416 0.001718 0.002833 0.003435
0 0.001416 0.001889 0.002833 0.003779
0 0.001416 0.001718 0.002833 0.003435
0 0.001416 0.001718 0.002833 0.003435
0 0.001416 0.001718 0.002833 0.003435
0 0.001416 0.001718 0.002833 0.003435
0 0.001416 0.001718 0.002833 0.003435
0 0.001416 0.001718 0.002833 0.003435
0 0.001416 0.001718 0.002833 0.003435
0 0.001416 0.001889 0.002833 0.003779
0 0.001416 0.001718 0.002833 0.003435
0 0.001416 0.001718 0.002833 0.003435
0 0.001416 0.001889 0.002833 0.003779