0 0.005093 0.008787 0.010185 0.017575
0 0.005093 0.008787 0.010185 0.017575
0 0.005093 0.008787 0.010185 0.017575
0 0.005093 0.008787 0.010185 0.017575
0 0.005093 0.008787 0.010185 0.017575
0 0.005093 0.008787 0.010185 0.017575
0 0.005093 0.008787 0.010185 0.017575
0 0.005093 0.008787 0.010185 0.017575
0 0.005093 0.008787 0.010185 0.017575
0 0.005093 0.008787 0.010185 0.017575
0 0.005093 0.008787 0.010185 0.017575
0 0.005093 0.008787 0.010185 0.017575
0 0.005093 0.008787 0.010185 0.017575
0 0.005093 0.008787 0.010185 0.017575
0 0.005093 0.008787 0.010185 0.017575
0 0.005093 0.008787 0.010185 0.017575
0 0.005093 0.008787 0.010185 0.017575
0 0.005093 0.008787 0.010185 0.017575
0 0.005093 0.008787 0.010185 0.017575
0 0.005093 0.008787 0.010185 0.017575
0 0.005093 0.008787 0.010185 0.017575
0 0.005093 0.008787 0.010185 0.017575
0 0.005093 0.008787 0.010185 0.017575
0 0.005093 0.008787 0.010185 0.017575
0 0.005093 0.008787 0.010185 0.017575
0 0.005093 0.008787 0.010185 0.017575
0 0.005093 0.008787 0.010185 0.017575
0 0.005093 0.008787 0.010185 0.017575