0 0.003056 0.008594 0.006111 0.017188
0 0.003056 0.008594 0.006111 0.017188
0 0.003056 0.008594 0.006111 0.017188
0 0.003056 0.007812 0.006111 0.015625
0 0.003056 0.007812 0.006111 0.015625
0 0.003056 0.008594 0.006111 0.017188
0 0.003056 0.007812 0.006111 0.015625
0 0.003056 0.008594 0.006111 0.017188
0 0.003056 0.008594 0.006111 0.017188
0 0.003056 0.008594 0.006111 0.017188
0 0.003056 0.008594 0.006111 0.017188
0 0.003056 0.007812 0.006111 0.015625
0 0.003056 0.007812 0.006111 0.015625
0 0.003056 0.007812 0.006111 0.015625
0 0.003056 0.008594 0.006111 0.017188
0 0.003056 0.008594 0.006111 0.017188
0 0.003056 0.008594 0.006111 0.017188
0 0.003056 0.007812 0.006111 0.015625
0 0.003056 0.007812 0.006111 0.015625
0 0.003056 0.008594 0.006111 0.017188
0 0.003056 0.007812 0.006111 0.015625
0 0.003056 0.007812 0.006111 0.015625
0 0.003056 0.007812 0.006111 0.015625
0 0.003056 0.007812 0.006111 0.015625
0 0.003056 0.008594 0.006111 0.017188
0 0.003056 0.008594 0.006111 0.017188
0 0.003056 0.008594 0.006111 0.017188