0 0.006286 0.008576 0.012571 0.017153
0 0.006286 0.008576 0.012571 0.017153
0 0.006286 0.008576 0.012571 0.017153
0 0.006286 0.008576 0.012571 0.017153
0 0.006286 0.008576 0.012571 0.017153
0 0.006286 0.008576 0.012571 0.017153
0 0.006286 0.008576 0.012571 0.017153
0 0.006286 0.008576 0.012571 0.017153
0 0.006286 0.008576 0.012571 0.017153
0 0.006286 0.008576 0.012571 0.017153
0 0.006286 0.008576 0.012571 0.017153
0 0.006286 0.008576 0.012571 0.017153
0 0.006286 0.008576 0.012571 0.017153
0 0.006286 0.008576 0.012571 0.017153
0 0.006286 0.008576 0.012571 0.017153
0 0.006286 0.008576 0.012571 0.017153
0 0.006286 0.008576 0.012571 0.017153
0 0.006286 0.008576 0.012571 0.017153
0 0.006286 0.008576 0.012571 0.017153
0 0.006286 0.008576 0.012571 0.017153
0 0.006286 0.008576 0.012571 0.017153
0 0.006286 0.008576 0.012571 0.017153
0 0.006286 0.008576 0.012571 0.017153
0 0.006286 0.008576 0.012571 0.017153
0 0.006286 0.008576 0.012571 0.017153
0 0.006286 0.008576 0.012571 0.017153
0 0.006286 0.008576 0.012571 0.017153
0 0.006286 0.008576 0.012571 0.017153
0 0.006286 0.008576 0.012571 0.017153
0 0.006286 0.008576 0.012571 0.017153
0 0.006286 0.008576 0.012571 0.017153
0 0.006286 0.008576 0.012571 0.017153
0 0.006286 0.008576 0.012571 0.017153
0 0.006286 0.008576 0.012571 0.017153
0 0.006286 0.008576 0.012571 0.017153