0 0.003438 0.005155 0.006875 0.010309
0 0.003438 0.005155 0.006875 0.010309
0 0.003438 0.004686 0.006875 0.009372
0 0.003438 0.005155 0.006875 0.010309
0 0.003438 0.005155 0.006875 0.010309
0 0.003438 0.005155 0.006875 0.010309
0 0.003438 0.004686 0.006875 0.009372
0 0.003438 0.004686 0.006875 0.009372
0 0.003438 0.005155 0.006875 0.010309
0 0.003438 0.005155 0.006875 0.010309
0 0.003438 0.005155 0.006875 0.010309
0 0.003438 0.005155 0.006875 0.010309
0 0.003438 0.004686 0.006875 0.009372
0 0.003438 0.004686 0.006875 0.009372
0 0.003438 0.005155 0.006875 0.010309
0 0.003438 0.005155 0.006875 0.010309
0 0.003438 0.004686 0.006875 0.009372
0 0.003438 0.005155 0.006875 0.010309
0 0.003438 0.005155 0.006875 0.010309
0 0.003438 0.005155 0.006875 0.010309
0 0.003438 0.005155 0.006875 0.010309
0 0.003438 0.004686 0.006875 0.009372
0 0.003750 0.004686 0.007500 0.009372
0 0.003438 0.004686 0.006875 0.009372
0 0.003438 0.005155 0.006875 0.010309
0 0.003438 0.005155 0.006875 0.010309
0 0.003438 0.005155 0.006875 0.010309
0 0.003750 0.004686 0.007500 0.009372
0 0.003438 0.004686 0.006875 0.009372
0 0.003438 0.005155 0.006875 0.010309
0 0.003438 0.005155 0.006875 0.010309
0 0.003438 0.004686 0.006875 0.009372
0 0.003438 0.005155 0.006875 0.010309
0 0.003750 0.004686 0.007500 0.009372
0 0.003438 0.004686 0.006875 0.009372
0 0.003438 0.005155 0.006875 0.010309
0 0.003438 0.004686 0.006875 0.009372
0 0.003438 0.005155 0.006875 0.010309
0 0.003438 0.005155 0.006875 0.010309
0 0.003438 0.005155 0.006875 0.010309
0 0.003438 0.004686 0.006875 0.009372
0 0.003438 0.005155 0.006875 0.010309
0 0.003438 0.005155 0.006875 0.010309
0 0.003438 0.005155 0.006875 0.010309
0 0.003438 0.005155 0.006875 0.010309
0 0.003438 0.004686 0.006875 0.009372
0 0.003438 0.004686 0.006875 0.009372
0 0.003438 0.005155 0.006875 0.010309
0 0.003438 0.005155 0.006875 0.010309
0 0.003438 0.004686 0.006875 0.009372
0 0.003438 0.004686 0.006875 0.009372
0 0.003438 0.004686 0.006875 0.009372
0 0.003438 0.005155 0.006875 0.010309
0 0.003438 0.005155 0.006875 0.010309
0 0.003438 0.005155 0.006875 0.010309
0 0.003438 0.005155 0.006875 0.010309
0 0.003438 0.005155 0.006875 0.010309
0 0.003750 0.004686 0.007500 0.009372